12, 34, 1, 1.622442, 1.622442, 1.622442, 1.622442, 1.604700, 1.564618, 1.513688, 1.453762, 1.378051, 1.283518, 1.188056, 1.018114, 0.815373, 0.587658, 0.336033, 0.063153, 0.231510, 0.541528, 0.870054, 1.212638, 1.568681, 1.937393, 2.315665, 2.689121, 3.065491, 3.435794, 3.808113, 4.178156, 4.540166, 4.852354, 5.118197, 5.368965, 5.608214, 5.824589, 6.037194, 6.238365, 6.436587, 6.609127, 6.763423, 6.917417, 7.053890, 7.172639, 7.265985, 7.226643, 7.361585, 7.383894, 7.371866, 7.203228, 7.056624, 7.069274, 6.903429, 6.541441, 6.504036, 6.272697, 5.835310, 5.766786, 5.288979, 4.988085, 4.691669, 4.380302, 4.061618, 3.769327, 3.412815, 3.076661, 2.745234, 2.418694, 2.099583, 1.774716, 1.465858, 1.165544, 0.881517, 0.620437, 0.326317, 0.078126, 0.158338, 0.384395, 0.666373, 0.723876, 0.941056, 1.095990, 1.243840, 1.387954, 1.519736, 1.683728, 1.834050, 1.981657, 2.112288, 2.246106, 2.352948, 2.438886, 2.508572, 2.554870, 2.581085, 2.598778, 2.595734, 2.578396, 2.539178, 2.511617, 2.467061, 2.402305, 2.328560, 2.245474, 2.171300, 2.101901, 2.032119, 1.993355, 1.954064, 1.912189, 1.881078, 1.860923, 1.822229, 1.781643, 1.710936, 1.608491, 1.495343, 1.364684, 1.173603, 0.974445, 0.777280, 0.581033, 0.381381, 0.196009, 0.046306, 0.124555, 0.258917, 0.382503, 0.483995, 0.575580, 0.643681, 0.697663, 0.756747, 0.804998, 0.836688, 0.810479, 0.879223, 0.882958, 0.851263, 0.808107, 0.755528, 0.679317, 0.580882, 0.454565, 0.295256, 0.100845, 0.116254, 0.363893, 0.644988, 0.922481, 1.371208, 1.515918, 1.822832, 2.103108, 2.364823, 2.616680, 2.811523, 2.977669, 3.115981, 3.216983, 3.310201, 3.391253, 3.462501, 3.541554, 3.615384, 3.766448, 3.769802, 3.847224, 3.981980, 3.966179, 4.010042, 4.115477, 4.091748, 4.127654, 4.238633, 4.221126, 4.263456, 4.348682, 4.318464, 4.357369, 4.333965, 4.263096, 4.171059, 4.043135, 3.915664, 3.789315, 3.663238, 3.539531, 3.415187, 3.290960, 3.167505, 3.044623, 2.922103, 2.801354, 2.681139, 2.561572, 2.444056, 2.326907, 2.210938, 2.101875, 2.027505, 1.963197, 1.905907, 1.847662, 1.809317, 1.795765, 1.773031, 1.689896, 1.669222, 1.651094, 1.635049, 1.604407, 1.577121, 1.526173, 1.502928, 1.445222, 1.391829, 1.395167, 1.398917, 1.416888, 1.460789, 1.493310, 1.540790, 1.598808, 1.674188, 1.764427, 1.863329, 1.943462, 2.031116, 2.132554, 2.234052, 2.329152, 2.426673, 2.505924, 2.562823, 2.586924, 2.562223, 2.481772, 2.388257, 2.294703, 2.202356, 2.111758, 2.020938, 1.929254, 1.838389, 1.747082, 1.658779, 1.572238, 1.486219, 1.407491, 1.328856, 1.255341, 1.184212, 1.103826, 1.022144, 0.994593, 0.936630, 0.857943, 0.779598, 0.702698, 0.625238, 0.573209, 0.574388, 0.605279, 0.633676, 0.659336, 0.688986, 0.714481, 0.734507, 0.756811, 0.794866, 0.783708, 0.796659, 0.769283, 0.769992, 0.766668, 0.732451, 0.689024, 0.729833, 0.724020, 0.742793, 0.801430, 0.793416, 0.827718, 0.907007, 0.938251, 1.025201, 1.079336, 1.104667, 1.194290, 1.252909, 1.282518, 1.336595, 1.400725, 1.465584, 1.507935, 1.583679, 1.714775, 1.844620, 1.983672, 2.136438, 2.304449, 2.479196, 2.648836, 2.792784, 2.936499, 3.087609, 3.242968, 3.401948, 3.558364, 3.674011, 3.765282, 3.830944, 3.868102, 3.865961, 3.844469, 3.797757, 3.740459, 3.659656, 3.549425, 3.411708, 3.242870, 3.058298, 2.850239, 2.640569, 2.383667, 2.129490, 1.869604, 1.456198, 1.160676, 0.884794, 0.598756, 0.321992, 0.039920, 0.228783, 0.478326, 0.699553, 0.919885, 1.123382, 1.322748, 1.500305, 1.662227, 1.835313, 2.001219, 2.179929, 2.354065, 2.530238, 2.706128, 2.893815, 3.079532, 3.286997, 3.479872, 3.661314, 3.835739, 3.991951, 4.124648, 4.274382, 4.430112, 4.586125, 4.708507, 4.805314, 4.895376, 5.001571, 5.093992, 5.208229, 5.348351, 5.454459, 5.582350, 5.710752, 5.834237, 5.951285, 6.063903, 6.158285, 6.253101, 6.347925, 6.442735, 6.538554, 6.611871, 6.679193, 6.743416, 6.817735, 6.872661, 6.935288, 6.973852, 7.024449, 7.122366, 7.198630, 7.282729, 7.269870, 7.330800, 7.326272, 7.337885, 7.380436, 7.401556, 7.402023, 7.507886, 7.548065, 7.629590, 7.736577, 7.844241, 7.952716, 8.061520, 8.170656, 8.280485, 8.391114, 8.520616, 8.654704, 8.785285, 8.899310, 9.012480, 9.118528, 9.177115, 9.207024, 9.209376, 9.208037, 9.197275, 9.177847, 9.154054, 9.097458, 9.017265, 8.904042, 8.785688, 8.634786, 8.452618, 8.270455, 8.063597, 7.818638, 7.533015, 7.228227, 6.875031, 6.495895, 6.055334, 5.593139, 5.088204, 4.521060, 3.939534, 3.352517, 2.752328, 2.128763, 1.507783, 0.900938, 0.296856, 0.294684, 0.875727, 1.433538, 1.962359, 2.470625, 2.945969, 3.385440, 3.794964, 4.162135, 4.482350, 4.770585, 4.993329, 5.162860, 5.350115, 5.363449, 5.438278, 5.464720, 5.470214, 5.471400, 5.464005, 5.449409, 5.419383, 5.386057, 5.388044, 5.335147, 5.270817, 5.246954, 5.165246, 5.159622, 5.101165, 5.034336, 4.976737, 4.928184, 4.902054, 4.888929, 4.893141, 4.909310, 4.954457, 5.097004, 5.093938, 5.192676, 5.301111, 5.440950, 5.594016, 5.753133, 5.902689, 6.069041, 6.234681, 6.382438, 6.526557, 6.665714, 6.784924, 6.903651, 7.110671, 7.229251, 7.252623, 7.468686, 7.582269, 7.591368, 7.751189, 7.796356, 7.744885, 7.760732, 7.686356, 7.578759, 7.418135, 7.198666, 6.836608, 6.387632, 5.841662, 5.205250, 4.474818, 3.640447, 2.721918, 1.706442, 0.620715, 0.529067, 1.734956, 2.984343, 4.266238, 5.580912, 6.902679, 8.234235, 9.549987, 10.843110, 12.116758, 13.344066, 14.522148, 15.649824, 16.735965, 17.756516, 18.740773, 19.668589, 20.528957, 21.356721, 22.136352, 22.882153, 23.584423, 24.254969, 24.882441, 25.451225, 25.979915, 26.484868, 26.960805, 27.409115, 27.833680, 28.242028, 28.604339, 28.967817, 29.310783, 29.637302, 29.915145, 30.210983, 30.501986, 30.776503, 31.009121, 31.238567, 31.487771, 31.740519, 31.975803, 32.214844, 32.475767, 32.771939, 33.125305, 33.510917, 33.942038, 34.393656, 34.889219, 35.518542, 35.969896, 36.539861, 37.123958, 37.727762, 38.337434, 38.965428, 39.488083, 40.243233, 41.003222, 41.732777, 42.426235, 43.093186, 43.714763, 44.248446, 44.779965, 45.109972, 45.384117, 45.586609, 45.710571, 45.650359, 45.447306, 45.087052, 44.568708, 43.888947, 43.029204, 42.016995, 40.843689, 39.535521, 38.101156, 36.089493, 34.891233, 33.166371, 31.373496, 29.548436, 27.199823, 25.815734, 23.948820, 21.587138, 20.193532, 18.321895, 15.992228, 14.160254, 12.792487, 10.586433, 8.849977, 7.147096, 5.492413, 4.251573, 2.279409, 0.753874, 0.392511, 2.114627, 3.443109, 4.711244, 5.908805, 6.905422, 8.016463, 9.040608, 10.001363, 10.892104, 11.696995, 12.417368, 13.054497, 13.613304, 14.076527, 14.473671, 14.792201, 15.026579, 15.230387, 15.357007, 15.489395, 15.621789, 15.795384, 16.040887, 16.340010, 16.690606, 17.090810, 17.560746, 18.023597, 18.534950, 19.074032, 19.625733, 20.188240, 20.758462, 21.314987, 21.872958, 22.419598, 22.954600, 23.447174, 23.887102, 24.298808, 24.662381, 24.980913, 25.255409, 25.478862, 25.635965, 25.795657, 25.920175, 26.009726, 26.103489, 26.203439, 26.241030, 26.210492, 26.138899, 26.041208, 25.926440, 25.784010, 25.635987, 25.471416, 25.303374, 25.135612, 24.974545, 24.829284, 24.710528, 24.627318, 24.562746, 24.522735, 24.496134, 24.500903, 24.477221, 24.446999, 24.453769, 24.440881, 24.397299, 24.337851, 24.241641, 24.091749, 23.858627, 23.551032, 23.154308, 22.662704, 22.068802, 21.399942, 20.380967, 19.832518, 18.549258, 17.498945, 16.764927, 15.572694, 13.869073, 13.013983, 11.666363, 10.286731, 8.886728, 6.982040, 5.579622, 4.676674, 2.862843, 1.530586, 0.728083, 0.825685, 1.882635, 2.853405, 3.745483, 4.527947, 5.239659, 5.855958, 6.379202, 6.796422, 7.148822, 7.438863, 7.628655, 7.766371, 7.839871, 7.870424, 7.891812, 7.876361, 7.844950, 7.801872, 7.754087, 7.713865, 7.691135, 7.670466, 7.680860, 7.710898, 7.766108, 7.838844, 7.941066, 8.060244, 8.212778, 8.387793, 8.576273, 8.782610, 8.997697, 9.194108, 9.384314, 9.570156, 9.747799, 9.913674, 10.074591, 10.216527, 10.359929, 10.486105, 10.592772, 10.674695, 10.746179, 10.806749, 10.859610, 10.909929, 10.937238, 10.951403, 10.958567, 10.962618, 10.960232, 10.945375, 10.910131, 10.866542, 10.816561, 10.757841, 10.661984, 10.586310, 10.485199, 10.348917, 10.239935, 10.101187, 9.961117, 9.819187, 9.677440, 9.510285, 9.284631, 9.024052, 8.726385, 8.387784, 8.022552, 7.634972, 7.175471, 6.663956, 6.109684, 5.519324, 4.882215, 4.196030, 3.463177, 2.677950, 1.846235, 0.966017, 0.047010, 0.916132, 1.914584, 2.950106, 4.013341, 5.090642, 6.495696, 7.284908, 8.386691, 9.515187, 10.636612, 11.747746, 12.833106, 13.870618, 15.107840, 15.751379, 16.553518, 17.394216, 17.820924, 18.345818, 18.608538, 18.790176, 18.796497, 18.804864, 18.624496, 18.128832, 17.880767, 17.007496, 16.274354, 15.800103, 14.548676, 13.612656, 13.033935, 11.653205, 10.637635, 9.629231, 8.647935, 7.690580, 6.791474, 5.931905, 5.124418, 4.379879, 3.708768, 3.116282, 2.588408, 2.141537, 1.771643, 1.489079, 1.280708, 1.154854, 1.104375, 1.135592, 1.220444, 1.352690, 1.565442, 1.791896, 2.019364, 2.246744, 2.477199, 2.708634, 2.945221, 3.179168, 3.413075, 3.565937, 3.680755, 3.759920, 3.766838, 3.730991, 3.607266, 3.401184, 3.132464, 2.783866, 2.340300, 1.824787, 1.235385, 0.589221, 0.075339, 0.738329, 1.370490, 1.968083, 2.473228, 2.902895, 3.251479, 3.498048, 3.660578, 3.748736, 3.763248, 3.716753, 3.623625, 3.487759, 3.341174, 3.187801, 3.039219, 2.896263, 2.749832, 2.614474, 2.479395, 2.348328, 2.243067, 2.101953, 1.950514, 1.796019, 1.649750, 1.500184, 1.362223, 1.239177, 1.123322, 1.024288, 0.911768, 0.814678, 0.739150, 0.739084, 0.579531, 0.531082, 0.480936, 0.441700, 0.400042, 0.367877, 0.340283, 0.285770, 0.248342, 0.214427, 0.182934, 0.173440, 0.184882, 0.202242, 0.326295, 0.206426, 0.225071, 0.244307, 0.258092, 0.276763, 0.304583, 0.334166, 0.376990, 0.421997, 0.468179, 0.532629, 0.613970, 0.687653, 0.921292, 0.980016, 0.900749, 1.107118, 1.005103, 1.008467, 1.090531, 0.932769, 0.940711, 0.824257, 0.619203, 0.548322, 0.327930, 0.173576, 0.089538, 0.135830, 0.255110, 0.441248, 0.706121, 0.902420, 1.160843, 1.455814, 1.664925, 1.921892, 2.219892, 2.426348, 2.656453, 2.897675, 3.101608, 3.287351, 3.435979, 3.539330, 3.618199, 3.666901, 3.667045, 3.655212, 3.615052, 3.542490, 3.454452, 3.344910, 3.218276, 3.059553, 2.908155, 2.722322, 2.537017, 2.350687, 2.157308, 1.963184, 1.712297, 1.628392, 1.571851, 1.512704, 1.471426, 1.425703, 1.389061, 1.336370, 1.271662, 1.167345, 1.022123, 0.861937, 0.672234, 0.430318, 0.159025, 0.162136, 0.510019, 0.863715, 1.259911, 1.681882, 2.130149, 2.601215, 3.120147, 3.659090, 4.236544, 4.848226, 5.501330, 6.174543, 6.909792, 7.820808, 8.434174, 9.223496, 10.024401, 10.823047, 11.579532, 12.318674, 13.037484, 13.748122, 14.387088, 14.939225, 15.389938, 15.781551, 16.123517, 16.364418, 16.443682, 16.628784, 16.649849, 16.609502, 16.514190, 16.373883, 16.178553, 15.930608, 15.640827, 15.312737, 14.931770, 14.500063, 14.040118, 13.549653, 13.040103, 12.198607, 11.966722, 11.413003, 10.821975, 10.208041, 9.576125, 8.936186, 8.288710, 7.630964, 6.961907, 6.312433, 5.338811, 5.070885, 4.483376, 3.633040, 3.420812, 2.650123, 2.497284, 2.119279, 1.542008, 1.474918, 1.213291, 0.785732, 0.802280, 0.649914, 0.391990, 0.488267, 0.318010, 0.312534, 0.442707, 0.318306, 0.338820, 0.494578, 0.411306, 0.446419, 0.491158, 0.524062, 0.555335, 0.599253, 0.637879, 0.682545, 0.728132, 0.772538, 0.806085, 0.839667, 0.862505, 0.866007, 0.851401, 0.817247, 0.757996, 0.689570, 0.605478, 0.502492, 0.399435, 0.287563, 0.163426, 0.050681, 0.038183, 0.110626, 0.175875, 0.222284, 0.253056, 0.265952, 0.252619, 0.250301, 0.241971, 0.222145, 0.184268, 0.138662, 0.070117, 0.011783, 0.113644, 0.102157, 0.035434, 0.169693, 0.276195, 0.389166, 0.476179, 0.544786, 0.591653, 0.621604, 0.610966, 0.573066, 0.512570, 0.416495, 0.296221, 0.140877, 0.049254, 0.273951, 0.529755, 0.824067, 1.215247, 1.483787, 1.856280, 2.259242, 2.684072, 3.131555, 3.603896, 4.087709, 4.597323, 5.115088, 5.639958, 6.169872, 6.705405, 7.208837, 7.671489, 8.079126, 8.425621, 8.749077, 8.964453, 9.100473, 9.136882, 9.103127, 8.983232, 8.757336, 8.437670, 8.052291, 7.593359, 7.073778, 6.497926, 5.880669, 4.919098, 4.371374, 3.671026, 2.986225, 2.292040, 1.617434, 0.980751, 0.373453, 0.463687, 0.751837, 1.278676, 2.024886, 2.303957, 2.797524, 3.469483, 3.909437, 4.317752, 4.697901, 5.036573, 5.344217, 5.618434, 5.858386, 6.073013, 6.258063, 6.419482, 6.537893, 6.651937, 6.760014, 6.861343, 6.919949, 6.951751, 6.969632, 6.983228, 6.973450, 6.945801, 6.897770, 6.821137, 6.734143, 6.616134, 6.472371, 6.300112, 6.109251, 5.888163, 5.649205, 5.368832, 5.055593, 4.733293, 4.390529, 4.036653, 3.665812, 3.272205, 2.872768, 2.472071, 2.077663, 1.673630, 1.299296, 0.931541, 0.595963, 0.269408, 0.021424, 0.294008, 0.513903, 0.680455, 0.809234, 0.908145, 0.957644, 0.969680, 0.941050, 0.884579, 0.798167, 0.663400, 0.521568, 0.356785, 0.193206, 0.022323, 0.228991, 0.463578, 0.755427, 1.058744, 1.397268, 1.726498, 2.045935, 2.332884, 2.614541, 2.859267, 3.083635, 3.281774, 3.434131, 3.577854, 3.666645, 3.697846, 3.783000, 3.816007, 3.848548, 3.873403, 3.897116, 3.926762, 3.926864, 3.924407, 3.913161, 3.893481, 3.859279, 3.828280, 3.781899, 3.734214, 3.620287, 3.620107, 3.483413, 3.483276, 3.415353, 3.286135, 3.281189, 3.209480, 3.129015, 3.058208, 2.879524, 2.767463, 2.735223, 2.535623, 2.413244, 2.283789, 2.158258, 2.042699, 1.986632, 1.752511, 1.622257, 1.502893, 1.382355, 1.242900, 1.094430, 0.956089, 0.764948, 0.659266, 0.569917, 0.503012, 0.449968, 0.421947, 0.412518, 0.411546, 0.445913, 0.491034, 0.561193, 0.654138, 0.749973, 0.855238, 0.954011, 1.053517, 1.150065, 1.233408, 1.318054, 1.401316, 1.493161, 1.580411, 1.692891, 1.804342, 1.909807, 2.003669, 2.094614, 2.202800, 2.276259, 2.307245, 2.305251, 2.266358, 2.168702, 2.036060, 1.860330, 1.651237, 1.391392, 1.088675, 0.740311, 0.352098, 0.066658, 0.497620, 0.974909, 1.469442, 1.966259, 2.470871, 2.949567, 3.410701, 3.863405, 4.370423, 4.695077, 5.077474, 5.420933, 5.734942, 6.018735, 6.271374, 6.490034, 6.716290, 6.952736, 7.083658, 7.161629, 7.166777, 7.120194, 7.013299, 6.722760, 6.662035, 6.412780, 6.147415, 5.863400, 5.568161, 5.246932, 4.925222, 4.621572, 4.309686, 3.983552, 3.657144, 3.275702, 2.952048, 2.612139, 2.278034, 1.762626, 1.609192, 1.282142, 0.806874, 0.676609, 0.434759, 0.059688, 0.003259, 0.191317, 0.490962, 0.535784, 0.700375, 0.951547, 0.975696, 1.219299, 1.342202, 1.363388, 1.614498, 1.730216, 1.736718, 1.955538, 2.067334, 2.060769, 2.232409, 2.279220, 2.307544, 2.321298, 2.322111, 2.306135, 2.285878, 2.232159, 2.178348, 2.114841, 2.052362, 1.972238, 1.889530, 1.797307, 1.708940, 1.620608, 1.518558, 1.417866, 1.301192, 1.178275, 1.073085, 0.952339, 0.826847, 0.713373, 0.631263, 0.536238, 0.432793, 0.347788, 0.278065, 0.204440, 0.142143, 0.092684, 0.040084, 0.008420, 0.015624, 0.026864, 0.039708, 0.048352, 0.069282, 0.076681, 0.076388, 0.061748, 0.055351, 0.039762, 0.032367, 0.048616, 0.093848, 0.166024, 0.267344, 0.430775, 0.648206, 0.956643, 1.265937, 1.634222, 2.080411, 2.575639, 3.113512, 3.682258, 4.249312, 4.844556, 5.442982, 6.030624, 6.625408, 7.239537, 7.842763, 8.431889, 9.040216, 9.640465, 10.240906, 10.839772, 11.432956, 12.028028, 12.621066, 13.215674, 13.798894, 14.362643, 14.902361, 15.438520, 15.938793, 16.392253, 16.817261, 17.201269, 17.559048, 17.721649, 17.950118, 17.962371, 17.910894, 17.731608, 17.429690, 16.989675, 16.435454, 15.779408, 15.024298, 14.191601, 13.296308, 12.357035, 10.955830, 10.447682, 9.075064, 8.180203, 7.724445, 6.559907, 6.222056, 5.604510, 4.775141, 4.617117, 4.262639, 3.827457, 3.855798, 3.641733, 3.672729, 3.781889, 3.932801, 4.143033, 4.397846, 4.688933, 5.021433, 5.344658, 5.712938, 6.091981, 6.476506, 6.859589, 7.241538, 7.625769, 7.949623, 8.253200, 8.487731, 8.660063, 8.739450, 8.754846, 8.695528, 8.567696, 8.362538, 8.070104, 7.703420, 7.297242, 6.857457, 6.381681, 5.884421, 5.383511, 4.877712, 4.383899, 3.899261, 3.435685, 2.976103, 2.537939, 2.144152, 1.784234, 1.468766, 1.194956, 0.977555, 0.804541, 0.660531, 0.551989, 0.473114, 0.402916, 0.317191, 0.230333, 0.139364, 0.064175, 0.027296, 0.113406, 0.218278, 0.328408, 0.454861, 0.589156, 0.732446, 0.884055, 1.041831, 1.222845, 1.420478, 1.640758, 1.890793, 2.145007, 2.596962, 2.644363, 2.870229, 3.071640, 3.230450, 3.353685, 3.425520, 3.438525, 3.415478, 3.354884, 3.252128, 3.106109, 2.919685, 2.704921, 2.455767, 2.175803, 1.847024, 1.518704, 1.189744, 0.847679, 0.506149, 0.102087, 0.319659, 0.742469, 1.171516, 1.575654, 1.996764, 2.364832, 2.704291, 3.014883, 3.327043, 3.632874, 3.940830, 4.247314, 4.553120, 4.816882, 5.022770, 5.165339, 5.328469, 5.517906, 5.580400, 5.673202, 5.813105, 5.772858, 5.763106, 5.721114, 5.663092, 5.557707, 5.415458, 5.230220, 5.037224, 4.818578, 4.590076, 4.335640, 4.078275, 3.807032, 3.535252, 3.256931, 2.987221, 2.706379, 2.434540, 2.141529, 1.838718, 1.515196, 1.147836, 0.736143, 0.286498, 0.189047, 0.688280, 1.205012, 1.729123, 2.258946, 2.777097, 3.272023, 3.748807, 4.215023, 4.677813, 5.121937, 5.537414, 5.936154, 6.312572, 6.686883, 7.048821, 7.388001, 7.691694, 7.973833, 8.223821, 8.431725, 8.586801, 8.712490, 8.813637, 8.893668, 8.975760, 9.027257, 9.085439, 9.126464, 9.179748, 9.219356, 9.270219, 9.313169, 9.352435, 9.365796, 9.382054, 9.384932, 9.370330, 9.327463, 9.318668, 9.207009, 9.127019, 9.037211, 8.919851, 8.840235, 8.772146, 8.707282, 8.645531, 8.616594, 8.551917, 8.492030, 8.419812, 8.322913, 8.222004, 8.138273, 7.991159, 7.892177, 7.793604, 7.688107, 7.611402, 7.535317, 7.460226, 7.395927, 7.352387, 7.307373, 7.263383, 7.224641, 7.207758, 7.199644, 7.263892, 7.225602, 7.253564, 7.311113, 7.376758, 7.446518, 7.496979, 7.521599, 7.566339, 7.515908, 7.439115, 7.400181, 7.315477, 7.244881, 7.161583, 7.075176, 6.962637, 6.886994, 6.765187, 6.711381, 6.648893, 6.596066, 6.494067, 6.436536, 6.319325, 6.238023, 6.120930, 5.991961, 5.862471, 5.732903, 5.608190, 5.484987, 5.361194, 5.239621, 5.120141, 4.999792, 4.878101, 4.754515, 4.625685, 4.493603, 4.362172, 4.163016, 3.952916, 3.738409, 3.532914, 3.312699, 3.101237, 2.884306, 2.667969, 2.446693, 2.234655, 2.025134, 1.834260, 1.662734, 1.488958, 1.302487, 1.121917, 0.944451, 0.766229, 0.633002, 0.520992, 0.429950, 0.370318, 0.341078, 0.332847, 0.351955, 0.418421, 0.529346, 0.699999, 0.896347, 1.126495, 1.379609, 1.652933, 1.946654, 2.257242, 2.566002, 2.856569, 3.152100, 3.410494, 3.655253, 3.882183, 4.173981, 4.290828, 4.362864, 4.467577, 4.509895, 4.514084, 4.492095, 4.456930, 4.379660, 4.291144, 4.185974, 4.069285, 3.905813, 3.746126, 3.550248, 3.356111, 3.162257, 2.955361, 2.708754, 2.454042, 2.203286, 1.976423, 1.748190, 1.523681, 1.339356, 1.114923, 0.933682, 0.753256, 0.606459, 0.466257, 0.353960, 0.279661, 0.248110, 0.243978, 0.269756, 0.322315, 0.404465, 0.501706, 0.611175, 0.899321, 0.899138, 1.054480, 1.205100, 1.355862, 1.497792, 1.806876, 1.798296, 2.172900, 2.518425, 2.540183, 2.704177, 3.013516, 3.005214, 3.270036, 3.382112, 3.338165, 3.554493, 3.631455, 3.568123, 3.732538, 3.773225, 3.693074, 3.823984, 3.808476, 3.774984, 3.737722, 3.678478, 3.593688, 3.502688, 3.427378, 3.346022, 3.262169, 3.171530, 3.088476, 3.006381, 2.910195, 2.817515, 2.699895, 2.601890, 2.486414, 2.395513, 2.290710, 2.206454, 2.129766, 2.056868, 2.004740, 1.953703, 1.910320, 1.896401, 1.877799, 1.882905, 1.897305, 1.926620, 1.949739, 1.982276, 2.023019, 2.065550, 2.103428, 2.160730, 2.225534, 2.289642, 2.346292, 2.390856, 2.443254, 2.510072, 2.680593, 2.698213, 2.692242, 2.671370, 2.647016, 2.625625, 2.597757, 2.566617, 2.557934, 2.672978, 2.555724, 2.548184, 2.545895, 2.535150, 2.520651, 2.489703, 2.462379, 2.414689, 2.335186, 2.243611, 2.148445, 2.043739, 1.921846, 1.790522, 1.741224, 1.568251, 1.469299, 1.380720, 1.294955, 1.216846, 1.133985, 1.049591, 0.974771, 0.894021, 0.811124, 0.707379, 0.605043, 0.523775, 0.449417, 0.448691, 0.299787, 0.228815, 0.157200, 0.089133, 0.024590, 0.037660, 0.107596, 0.183198, 0.269844, 0.357209, 0.442989, 0.549993, 0.652620, 0.753985, 0.781869, 0.922124, 0.976790, 1.040391, 1.005673, 1.026008, 1.134261, 1.053055, 1.052129, 1.144728, 1.064214, 1.086070, 1.203958, 1.195507, 1.263370, 1.328005, 1.408954, 1.486503, 1.563745, 1.616691, 1.662446, 1.671228, 1.658391, 1.614770, 1.560534, 1.481045, 1.394513, 1.286687, 1.167340, 1.020490, 0.852767, 0.665604, 0.468239, 0.280356, 0.088361, 0.095620, 0.299899, 0.504744, 0.745245, 1.011808, 1.320199, 1.663457, 2.068916, 2.493342, 2.940099, 3.396625, 3.868251, 4.334769, 4.803669, 5.484497, 5.869710, 6.235796, 6.593420, 6.949150, 7.305237, 7.670269, 8.051259, 8.446994, 8.868497, 9.326151, 9.796781, 10.274953, 10.774691, 11.276405, 11.776262, 12.277512, 12.751624, 13.235358, 13.722382, 14.389971, 14.677223, 15.191661, 15.699410, 16.192016, 16.685955, 17.175798, 17.649133, 18.132315, 18.592383, 19.008830, 19.403927, 19.783391, 20.134636, 20.467538, 20.766717, 21.047315, 21.289090, 21.511932, 21.717873, 21.881270, 22.144736, 22.215624, 22.364056, 22.514357, 22.621696, 22.706247, 22.761626, 22.780651, 22.775143, 22.706278, 22.595261, 22.486198, 22.326661, 22.083241, 21.795530, 21.452184, 21.039818, 20.575767, 20.019999, 19.410729, 18.737527, 18.025456, 17.291058, 16.552307, 15.803462, 15.080616, 14.381593, 13.513946, 13.015559, 12.326677, 11.436847, 10.903186, 10.161772, 9.201661, 8.712067, 7.646456, 6.745094, 6.029956, 4.850802, 3.873418, 2.890811, 1.881839, 0.852110, 0.204644, 1.263057, 2.310543, 3.373529, 4.408809, 5.421378, 6.387419, 7.304953, 8.177591, 8.996765, 9.745790, 10.423724, 10.997556, 11.550094, 11.996624, 12.325808, 12.552689, 12.650905, 12.588612, 12.372025, 12.028644, 11.540959, 10.915353, 10.176695, 9.322316, 8.336952, 7.226020, 6.025983, 4.790579, 3.495869, 2.219327, 0.935024, 0.278977, 1.426005, 2.472319, 3.426177, 4.312757, 5.097312, 5.778578, 6.358642, 6.835550, 7.212123, 7.471654, 7.615905, 7.640760, 7.549709, 7.333320, 7.019365, 6.589201, 6.109439, 5.541487, 4.908667, 4.234365, 3.547993, 2.840402, 2.148643, 1.454321, 0.782157, 0.137863, 0.439327, 0.926519, 1.306733, 1.540056, 1.696359, 1.763211, 1.739759, 1.670850, 1.585413, 1.453172, 1.291281, 1.108706, 0.916978, 0.722787, 0.522148, 0.311947, 0.098277, 0.115124, 0.329582, 0.703440, 0.682240, 0.834999, 0.942284, 0.999010, 1.005478, 0.979006, 0.923184, 0.838618, 0.724928, 0.606731, 0.490654, 0.383087, 0.344053, 0.143672, 0.098935, 0.036498, 0.232325, 0.364994, 0.410207, 0.571829, 0.649535, 0.581123, 0.683835, 0.548034, 0.481600, 0.526964, 0.290257, 0.160681, 0.161341, 0.427481, 0.578942, 1.079488, 1.449767, 1.661417, 2.232123, 2.661023, 3.096462, 3.525607, 3.955895, 4.380982, 4.810041, 5.255039, 5.705449, 6.156946, 6.583227, 6.999247, 7.402076, 7.792473, 8.163489, 8.524137, 8.867976, 9.175832, 9.454388, 9.685383, 9.901012, 10.100485, 10.266806, 10.345806, 10.401121, 10.398404, 10.356371, 10.272624, 10.137043, 9.982859, 9.804505, 9.587225, 9.333318, 9.053038, 8.722934, 8.355672, 7.927262, 7.480068, 7.013633, 6.519541, 6.010854, 5.483416, 4.944227, 4.380976, 3.808049, 3.217364, 2.634932, 2.052363, 1.486213, 0.920263, 0.407032, 0.082250, 0.525951, 0.916030, 1.250307, 1.530555, 1.771327, 1.959054, 2.114944, 2.204732, 2.264253, 2.272073, 2.231062, 2.137302, 1.938532, 1.737358, 1.517934, 1.287671, 0.993461, 0.645943, 0.258943, 0.059229, 0.468081, 0.861166, 1.234524, 1.614340, 1.962774, 2.299687, 2.622696, 2.910916, 3.165723, 3.383935, 3.603479, 3.782018, 3.934884, 4.033701, 3.983343, 4.141716, 4.289351, 4.409606, 4.512394, 4.581090, 4.625894, 4.649562, 4.656290, 4.645346, 4.622723, 4.589481, 4.538223, 4.350519, 4.279297, 4.345090, 4.154655, 4.222720, 4.152315, 3.967703, 4.032083, 3.876623, 3.861068, 3.969616, 3.866039, 3.866144, 3.974073, 3.847595, 3.814765, 3.768331, 3.705607, 3.623041, 3.521020, 3.395231, 3.252340, 3.083840, 2.905963, 2.707746, 2.503081, 2.291631, 2.058056, 1.834711, 1.599699, 1.350887, 1.083151, 0.815107, 0.535298, 0.235339, 0.046595, 0.328995, 0.592759, 0.850737, 1.096432, 1.324783, 1.548793, 1.722883, 1.869326, 1.990019, 2.077183, 2.113983, 2.114685, 2.080898, 1.999190, 1.888741, 1.747695, 1.561638, 1.357888, 1.151783, 0.951981, 0.744748, 0.489344, 0.196255, 0.107321, 0.309541, 0.534049, 0.747369, 0.884787, 1.017943, 1.123282, 1.207913, 1.282095, 1.345533, 1.385645, 1.397572, 1.369465, 1.311740, 1.227767, 1.150457, 1.059440, 0.939108, 0.823635, 0.698627, 0.574416, 0.454745, 0.344804, 0.249015, 0.160185, 0.068246, 0.027298, 0.118031, 0.222234, 0.316466, 0.413826, 0.516643, 0.721762, 0.705803, 0.797190, 0.879477, 0.950608, 0.986546, 0.987125, 0.982630, 0.960807, 0.923387, 0.858293, 0.776717, 0.685838, 0.587000, 0.483715, 0.420672, 0.270852, 0.160949, 0.062100, 0.009223, 0.085349, 0.156446, 0.155930, 0.255996, 0.273378, 0.169590, 0.221756, 0.085428, 0.010289, 0.039584, 0.144157, 0.237461, 0.232337, 0.429048, 0.526752, 0.616610, 0.712662, 0.802582, 0.898033, 0.982604, 1.058150, 1.113898, 1.157279, 1.162322, 1.126690, 1.051768, 0.933761, 0.729641, 0.511630, 0.321663, 0.119295, 0.080197, 0.278338, 0.492198, 0.658766, 0.794820, 0.905940, 0.967244, 0.986252, 0.968009, 0.921328, 0.831527, 0.726357, 0.604679, 0.430729, 0.232165, 0.002563, 0.264103, 0.576854, 0.927077, 1.291659, 1.723869, 2.175526, 2.651929, 3.136732, 3.629122, 4.114176, 4.587447, 5.040972, 5.471508, 5.865632, 6.223845, 6.548976, 6.814875, 7.031549, 7.192015, 7.268318, 7.281297, 7.199160, 7.056645, 6.891574, 6.633371, 6.324903, 5.979077, 5.588578, 5.158153, 4.708264, 4.245733, 3.791098, 3.332205, 2.871282, 2.442633, 2.019354, 1.627208, 1.259677, 0.844775, 0.564956, 0.235893, 0.088474, 0.399594, 0.688520, 0.976265, 1.241001, 1.517488, 1.779457, 2.035753, 2.289790, 2.529653, 2.617566, 2.831360, 3.045553, 3.222082, 3.394910, 3.589125, 3.781709, 3.976158, 4.164130, 4.317670, 4.440360, 4.520714, 4.589915, 4.625666, 4.618655, 4.565945, 4.434288, 4.362522, 4.381913, 4.235798, 4.150484, 4.149289, 3.965750, 3.853863, 3.695966, 3.529368, 3.328563, 3.105270, 2.837987, 2.557647, 2.238803, 1.916927, 1.579297, 1.223280, 0.848524, 0.466901, 0.077435, 0.311586, 0.724671, 1.123146, 1.521440, 1.923812, 2.305643, 2.670909, 3.044768, 3.402036, 3.748672, 4.067726, 4.383460, 4.654872, 4.894589, 5.056694, 5.209252, 5.350804, 5.410704, 5.428743, 5.390657, 5.325971, 5.231517, 5.111484, 4.955819, 4.789184, 4.611726, 4.417293, 4.187261, 3.957714, 3.713985, 3.460736, 3.204455, 2.959764, 2.729403, 2.496572, 2.268486, 2.036897, 1.827766, 1.615877, 1.393087, 1.023427, 0.922949, 0.682190, 0.428609, 0.174863, 0.084716, 0.350570, 0.611694, 0.878631, 1.143063, 1.410071, 1.674481, 1.919342, 2.159892, 2.389488, 2.741139, 2.812372, 3.008734, 3.172588, 3.317920, 3.435721, 3.529897, 3.590668, 3.615147, 3.606604, 3.566132, 3.503145, 3.395227, 3.265419, 3.122553, 2.968982, 2.776506, 2.568551, 2.371857, 2.181133, 1.964751, 1.746523, 1.524072, 1.302585, 1.077765, 0.850816, 0.626787, 0.397894, 0.168402, 0.053106, 0.257679, 0.467219, 0.621786, 0.789207, 0.884119, 0.985147, 1.115028, 1.117349, 1.146790, 1.241417, 1.144688, 1.103909, 1.048094, 0.989972, 0.923931, 0.849841, 0.767896, 0.679883, 0.585628, 0.454071, 0.333726, 0.202937, 0.088645, 0.042173, 0.153498, 0.263013, 0.375233, 0.451945, 0.526501, 0.583211, 0.619768, 0.644676, 0.659976, 0.632047, 0.578702, 0.483467, 0.438488, 0.349911, 0.258233, 0.132635, 0.008264, 0.117153, 0.263664, 0.425047, 0.585525, 0.741411, 0.890465, 1.037513, 1.155990, 1.271215, 1.341939, 1.386029, 1.387817, 1.357072, 1.262186, 1.114912, 0.946421, 0.733681, 0.481728, 0.224696, 0.071743, 0.375770, 0.686511, 0.993438, 1.295170, 1.585339, 1.839608, 2.069169, 2.266516, 2.424987, 2.521183, 2.542823, 2.501199, 2.381904, 2.215533, 2.005185, 1.781258, 1.486907, 1.217371, 0.945640, 0.687778, 0.450748, 0.222667, 0.018605, 0.187377, 0.351346, 0.505034, 0.658177, 0.786922, 0.892390, 0.841950, 0.978110, 0.979400, 0.941423, 0.867157, 0.744400, 0.597872, 0.417558, 0.227763, 0.022411, 0.180857, 0.390076, 0.594749, 0.811102, 1.006481, 1.204604, 1.562602, 1.558049, 1.738784, 1.919618, 2.091821, 2.260784, 2.414963, 2.553017, 2.689190, 2.796718, 2.896808, 2.953943, 2.993194, 3.007666, 2.996239, 3.085103, 3.043740, 2.884745, 2.815599, 2.852006, 2.688589, 2.622755, 2.623739, 2.428223, 2.402747, 2.278033, 2.072480, 2.023136, 1.880800, 1.658721, 1.567637, 1.390242, 1.135356, 0.988786, 0.797220, 0.597925, 0.410488, 0.235521, 0.100619, 0.027469, 0.106928, 0.152122, 0.187001, 0.205908, 0.188734, 0.161528, 0.109057, 0.048158, 0.029689, 0.121984, 0.227430, 0.330534, 0.437995, 0.543743, 0.647173, 0.723222, 0.770488, 0.810186, 0.846602, 0.861794, 0.875482, 0.874999, 0.879304, 0.869928, 0.850407, 0.836620, 0.811521, 0.797368, 0.764316, 0.719259, 0.686389, 0.638662, 0.567000, 0.509448, 0.435214, 0.358689, 0.275595, 0.195594, 0.126321, 0.059529, 0.006600, 0.086114, 0.142842, 0.197681, 0.241346, 0.293230, 0.343199, 0.378994, 0.396922, 0.438578, 0.457392, 0.471642, 0.481824, 0.480596, 0.481027, 0.467793, 0.461226, 0.451137, 0.421006, 0.389071, 0.350976, 0.301397, 0.254724, 0.198734, 0.159448, 0.035959, 0.106364, 0.062594, 0.034077, 0.014488, 0.009211, 0.027933, 0.028440, 0.035529, 0.020596, 0.101206, 0.001299, 0.007168, 0.083658, 0.003788, 0.105386, 0.117599, 0.136035, 0.065647, 0.165989, 0.155064, 0.157259, 0.136338, 0.109678, 0.067206, 0.020332, 0.034644, 0.111708, 0.177652, 0.233758, 0.286243, 0.318484, 0.344875, 0.366205, 0.361813, 0.358042, 0.330590, 0.296999, 0.268815, 0.219790, 0.165842, 0.110396, 0.058342, 0.011111, 0.035948, 0.067882, 0.103877, 0.133144, 0.158403, 0.188345, 0.229425, 0.288835, 0.355117, 0.447386, 0.552168, 0.666059, 0.808215, 0.949177, 1.104374, 1.272554, 1.436287, 1.581659, 1.725632, 1.836722, 1.946435, 2.023730, 2.099875, 2.150112, 2.175776, 2.197911, 2.214633, 2.219960, 2.232087, 2.231060, 2.224412, 2.214241, 2.192569, 2.156151, 2.099517, 2.024850, 1.897141, 1.788967, 1.683427, 1.574341, 1.460974, 1.321622, 1.161086, 1.009135, 0.893293, 0.771051, 0.646789, 0.526387, 0.412837, 0.313591, 0.226988, 0.157805, 0.087006, 0.023727, 0.042042, 0.089203, 0.179292, 0.240641, 0.300639, 0.390769, 0.452513, 0.490789, 0.494134, 0.432298, 0.413468, 0.375889, 0.331631, 0.270339, 0.203552, 0.144254, 0.089406, 0.045218, 0.020963, 0.004571, 0.004133, 0.024805, 0.074007, 0.101695, 0.196126, 0.303531, 0.396568, 0.476457, 0.543167, 0.601202, 0.645101, 0.682146, 0.720445, 0.765555, 0.797425, 0.813151, 0.800417, 0.850342, 0.834821, 0.849100, 0.894045, 0.858287, 0.850452, 0.880303, 0.799866, 0.736740, 0.729099, 0.570569, 0.476357, 0.370459, 0.241154, 0.120651, 0.011394, 0.130356, 0.252910, 0.365656, 0.472403, 0.566689, 0.659935, 0.731683, 0.792247, 0.833027, 0.867802, 0.876385, 0.881384, 0.873543, 0.865474, 0.853442, 0.854862, 0.875413, 0.900311, 0.945508, 0.989985, 1.047068, 1.104256, 1.174129, 1.248149, 1.314644, 1.383590, 1.469676, 1.567887, 1.664148, 1.770692, 1.882287, 2.005760, 2.132076, 2.262540, 2.421136, 2.594686, 2.789323, 3.019015, 3.285919, 3.561691, 3.856217, 4.193367, 4.545202, 4.930885, 5.360173, 5.815235, 6.295457, 6.809045, 7.315507, 7.826737, 8.353314, 8.900300, 9.480934, 10.078193, 10.665577, 11.257012, 11.835885, 12.398292, 12.942154, 13.439242, 14.088810, 14.289716, 14.613909, 14.841363, 14.983659, 15.011501, 14.962837, 14.836110, 14.662586, 14.383554, 14.053797, 13.675790, 13.283218, 12.886521, 12.496190, 12.066071, 11.791684, 11.455033, 11.140726, 10.822861, 10.548784, 10.299156, 10.111304, 9.907423, 9.741961, 9.568980, 9.447311, 9.384272, 9.274232, 9.208539, 9.187933, 9.124633, 9.026371, 8.974907, 8.859969, 8.783303, 8.644180, 8.506550, 8.390683, 8.236713, 8.072157, 7.937353, 7.800596, 7.674163, 7.507701, 7.357360, 7.228613, 7.116940, 7.016111, 6.891456, 6.798000, 6.707226, 6.645751, 6.576515, 6.499279, 6.432489, 6.358982, 6.286475, 6.212915, 6.118875, 6.015194, 5.878870, 5.757364, 5.620960, 5.480890, 5.307145, 5.139962, 4.969229, 4.788032, 4.605244, 4.411949, 4.198501, 3.987027, 3.769925, 3.580140, 3.382096, 3.168464, 2.953619, 2.741137, 2.530754, 2.333627, 2.148060, 1.960584, 1.775034, 1.586652, 1.400505, 1.212697, 1.025572, 0.837816, 0.666491, 0.490025, 0.330332, 0.169085, 0.038211, 0.091578, 0.195555, 0.292099, 0.375807, 0.457615, 0.517350, 0.568881, 0.606487, 0.617082, 0.607847, 0.584187, 0.550943, 0.418611, 0.450582, 0.388978, 0.321816, 0.259094, 0.198502, 0.147794, 0.099451, 0.058555, 0.025043, 0.013169, 0.028846, 0.041263, 0.046921, 0.040191, 0.094840, 0.005739, 0.002869, 0.021258, 0.038512, 0.060865, 0.096926, 0.128920, 0.160443, 0.193590, 0.218752, 0.264254, 0.314050, 0.348074, 0.377544, 0.343298, 0.338823, 0.394778, 0.379379, 0.255338, 0.286230, 0.225594, 0.069724, 0.098208, 0.052696, 0.104288, 0.064584, 0.162508, 0.181931, 0.192212, 0.197613, 0.203311, 0.226248, 0.251057, 0.276332, 0.290748, 0.302221, 0.298626, 0.298657, 0.268226, 0.205180, 0.128893, 0.031887, 0.073594, 0.186715, 0.283005, 0.384636, 0.459557, 0.540061, 0.601667, 0.646933, 0.686172, 0.717764, 0.721180, 0.703540, 0.675243, 0.638025, 0.587996, 0.516445, 0.417969, 0.302837, 0.152641, 0.031289, 0.230147, 0.448444, 0.663159, 0.864978, 1.071570, 1.280038, 1.486398, 1.662270, 1.819077, 1.944191, 2.042789, 2.122915, 2.178420, 2.206128, 2.241168, 2.249690, 2.250512, 2.269448, 2.283203, 2.276230, 2.251124, 2.213062, 2.135872, 2.010937, 1.817669, 1.628668, 1.439750, 1.249266, 1.060251, 0.871104, 0.726049, 0.586777, 0.478682, 0.374882, 0.274875, 0.193465, 0.135831, 0.098718, 0.068784, 0.059463, 0.064948, 0.100461, 0.214891, 0.196914, 0.272145, 0.394021, 0.531096, 0.672041, 0.843790, 1.020676, 1.212594, 1.405102, 1.594036, 1.790561, 1.980373, 2.150156, 2.288510, 2.535015, 2.551792, 2.667876, 2.754895, 2.827275, 2.874762, 3.004133, 3.031520, 2.997399, 3.073219, 3.079113, 3.021008, 3.062784, 3.034307, 3.008704, 2.964300, 2.917871, 2.866504, 2.815244, 2.764064, 2.701968, 2.589936, 2.479546, 2.371460, 2.271243, 2.168110, 2.050837, 1.976500, 1.913379, 1.856275, 1.802485, 1.749796, 1.711953, 1.677503, 1.659897, 1.644660, 1.637719, 1.627303, 1.620675, 1.615288, 1.604786, 1.592430, 1.585939, 1.570255, 1.564422, 1.553055, 1.534748, 1.440119, 1.331290, 1.242032, 1.155318, 1.090368, 1.032492, 0.978361, 0.938370, 0.920159, 0.909525, 0.937285, 0.995187, 1.073902, 1.181995, 1.283284, 1.416917, 1.570617, 1.750457, 1.940752, 2.158734, 2.393303, 2.637357, 2.896554, 3.167682, 3.452187, 3.753875, 4.066622, 4.386743, 4.738831, 5.037016, 5.361576, 5.687564, 5.987625, 6.276496, 6.524146, 6.744144, 6.905638, 6.976120, 6.969651, 6.906404, 6.771330, 6.621423, 6.445668, 6.139661, 6.094316, 5.917933, 5.608260, 5.544315, 5.238359, 5.172085, 4.850832, 4.805137, 4.629082, 4.316152, 4.269958, 4.113401, 3.821855, 3.798552, 3.533275, 3.532146, 3.423634, 3.192398, 3.189111, 3.079167, 2.858509, 2.866822, 2.642272, 2.538100, 2.542171, 2.312719, 2.311584, 2.059039, 1.921911, 1.890544, 1.618846, 1.525180, 1.374952, 1.248238, 1.134701, 1.134384, 0.920597, 0.924931, 0.833760, 0.629558, 0.649800, 0.472373, 0.412006, 0.457650, 0.315363, 0.288842, 0.264494, 0.261578, 0.255320, 0.272872, 0.308209, 0.343069, 0.405809, 0.476691, 0.553794, 0.629766, 0.711349, 0.800524, 0.879017, 0.969679, 1.055455, 1.127654, 1.199408, 1.264020, 1.322579, 1.384168, 1.440664, 1.501539, 1.558456, 1.620325, 1.701838, 1.768964, 1.823406, 1.889528, 1.948924, 2.009364, 2.073230, 2.120251, 2.153898, 2.195155, 2.212125, 2.220922, 2.224875, 2.207393, 2.181139, 2.148442, 2.088686, 1.999335, 1.885983, 1.739442, 1.550634, 1.323811, 1.047312, 0.755716, 0.408763, 0.032902, 0.344930, 0.726050, 1.109901, 1.494634, 1.839743, 2.153091, 2.433515, 2.676325, 2.909464, 3.268273, 3.301719, 3.451938, 3.586544, 3.675345, 3.741540, 3.778961, 3.785390, 3.777421, 3.777322, 3.760393, 3.735305, 3.723006, 3.690121, 3.665072, 3.736600, 3.647682, 3.640707, 3.641122, 3.642864, 3.645079, 3.646685, 3.749953, 3.677999, 3.704672, 3.738946, 3.785267, 3.958413, 3.929215, 4.033543, 4.259975, 4.255361, 4.374412, 4.636070, 4.634361, 4.873343, 5.012650, 5.160802, 5.281413, 5.410456, 
,,,0.025370, 0.119041, 0.140349, 0.153890, 0.169649, 0.181967, 0.193579, 0.204141, 0.215228, 0.226877, 0.237219, 0.253239, 0.269931, 0.288571, 0.303373, 0.319961, 0.336794, 0.353340, 0.369690, 0.386365, 0.403032, 0.419803, 0.436645, 0.453128, 0.469982, 0.486448, 0.503063, 0.519734, 0.538227, 0.553123, 0.569756, 0.586419, 0.603086, 0.619775, 0.636492, 0.653150, 0.670208, 0.686619, 0.703232, 0.719967, 0.736506, 0.753239, 0.769958, 0.788085, 0.803219, 0.819885, 0.836622, 0.855235, 0.870094, 0.886614, 0.903420, 0.920069, 0.936677, 0.953298, 0.970010, 0.986679, 1.003424, 1.020232, 1.038960, 1.053735, 1.070520, 1.088757, 1.103977, 1.120687, 1.137359, 1.154055, 1.170836, 1.187396, 1.203978, 1.220714, 1.237296, 1.255527, 1.270629, 1.289043, 1.304088, 1.320570, 1.342212, 1.357264, 1.371448, 1.388046, 1.404283, 1.420882, 1.437811, 1.454218, 1.470827, 1.487566, 1.504272, 1.521018, 1.538960, 1.554379, 1.571064, 1.587763, 1.604558, 1.621191, 1.637908, 1.654466, 1.671344, 1.687758, 1.704307, 1.721097, 1.737821, 1.754416, 1.771079, 1.788992, 1.804458, 1.821027, 1.837767, 1.854481, 1.871121, 1.887893, 1.904486, 1.921193, 1.937764, 1.954532, 1.971019, 1.987620, 2.004441, 2.021179, 2.038990, 2.054376, 2.071051, 2.087680, 2.104439, 2.121113, 2.137841, 2.154606, 2.171157, 2.187876, 2.204513, 2.221074, 2.237723, 2.254481, 2.271133, 2.289996, 2.304526, 2.321172, 2.337888, 2.354592, 2.371424, 2.387980, 2.404631, 2.421445, 2.438270, 2.454665, 2.471378, 2.488040, 2.504699, 2.521378, 2.540017, 2.554568, 2.571229, 2.587721, 2.604374, 2.621098, 2.637919, 2.654560, 2.671119, 2.687904, 2.704505, 2.721137, 2.737775, 2.754422, 2.771137, 2.789849, 2.804474, 2.821218, 2.837991, 2.854551, 2.871316, 2.888005, 2.904572, 2.921389, 2.937971, 2.954694, 2.971309, 2.988022, 3.004606, 3.021431, 3.040054, 3.054788, 3.071548, 3.088165, 3.104861, 3.121645, 3.138358, 3.154881, 3.171556, 3.188227, 3.204901, 3.221531, 3.238263, 3.254896, 3.271542, 3.289892, 3.304917, 3.321700, 3.338443, 3.355094, 3.371823, 3.388432, 3.405013, 3.421783, 3.438661, 3.455147, 3.471801, 3.488473, 3.505148, 3.521810, 3.539999, 3.555161, 3.571875, 3.588564, 3.605210, 3.621913, 3.638694, 3.655240, 3.671922, 3.688539, 3.705209, 3.721966, 3.738583, 3.755365, 3.771919, 3.789868, 3.805272, 3.821939, 3.838649, 3.855415, 3.871994, 3.888866, 3.905595, 3.922182, 3.938750, 3.955445, 3.972211, 3.988803, 4.005452, 4.022163, 4.040959, 4.055521, 4.072174, 4.088836, 4.105582, 4.122281, 4.138954, 4.155562, 4.172366, 4.188942, 4.205565, 4.222304, 4.239028, 4.255639, 4.272391, 4.290915, 4.305659, 4.322387, 4.339232, 4.355893, 4.372758, 4.389318, 4.406115, 4.422844, 4.439533, 4.456207, 4.473004, 4.489779, 4.506170, 4.522856, 4.541046, 4.556229, 4.572885, 4.589690, 4.606245, 4.623007, 4.639679, 4.656218, 4.672896, 4.689471, 4.706234, 4.722938, 4.739528, 4.756228, 4.772944, 4.790841, 4.806443, 4.822967, 4.839801, 4.856387, 4.873071, 4.889692, 4.906422, 4.923106, 4.939792, 4.956510, 4.973242, 4.989903, 5.006582, 5.023250, 5.041917, 5.056610, 5.073263, 5.089948, 5.106726, 5.123397, 5.140125, 5.156745, 5.173354, 5.190073, 5.206759, 5.223372, 5.240056, 5.256713, 5.273358, 5.291909, 5.306736, 5.323657, 5.340222, 5.356825, 5.373490, 5.390072, 5.406721, 5.423425, 5.440139, 5.456717, 5.473529, 5.490192, 5.506971, 5.523495, 5.541844, 5.556859, 5.573588, 5.590318, 5.607011, 5.623609, 5.640377, 5.656994, 5.673650, 5.690463, 5.707162, 5.723819, 5.740406, 5.757167, 5.773847, 5.791829, 5.807393, 5.824450, 5.840846, 5.857848, 5.874298, 5.890802, 5.907365, 5.924066, 5.940825, 5.957556, 5.974245, 5.990975, 6.007593, 6.024263, 6.043027, 6.057522, 6.074222, 6.090932, 6.107674, 6.124362, 6.140986, 6.157639, 6.174384, 6.190995, 6.207604, 6.224259, 6.240980, 6.257672, 6.274315, 6.292959, 6.307752, 6.324484, 6.341365, 6.357754, 6.374428, 6.391070, 6.407822, 6.424481, 6.441328, 6.457891, 6.474532, 6.491213, 6.507858, 6.524489, 6.542962, 6.557928, 6.574628, 6.591578, 6.608010, 6.624605, 6.641232, 6.657882, 6.674584, 6.691228, 6.707900, 6.724529, 6.741325, 6.757936, 6.774548, 6.792851, 6.808068, 6.824772, 6.841476, 6.858044, 6.874595, 6.891347, 6.907973, 6.924717, 6.941374, 6.958200, 6.974877, 6.991595, 7.008172, 7.024879, 7.042956, 7.058481, 7.075272, 7.091967, 7.108706, 7.125311, 7.141988, 7.158620, 7.175331, 7.191975, 7.208690, 7.225306, 7.242048, 7.258611, 7.275266, 7.293873, 7.308735, 7.325857, 7.342268, 7.358730, 7.375362, 7.392078, 7.408783, 7.425528, 7.442171, 7.458858, 7.475543, 7.492255, 7.509099, 7.525620, 7.543842, 7.559287, 7.575959, 7.592770, 7.609633, 7.628480, 7.644434, 7.659400, 7.676075, 7.692702, 7.709423, 7.726162, 7.742957, 7.759636, 7.776240, 7.794942, 7.811123, 7.826876, 7.846048, 7.870259, 7.883145, 7.895491, 7.909652, 7.926410, 7.942923, 7.959584, 7.976194, 7.992911, 8.009573, 8.026259, 8.044782, 8.059778, 8.076387, 8.092995, 8.109607, 8.126240, 8.142992, 8.159586, 8.176324, 8.192946, 8.209647, 8.226436, 8.242999, 8.259669, 8.276398, 8.294884, 8.309829, 8.326734, 8.343155, 8.359758, 8.376455, 8.393251, 8.409815, 8.426447, 8.443174, 8.459772, 8.476430, 8.493253, 8.510005, 8.526749, 8.544862, 8.560292, 8.576894, 8.593538, 8.610100, 8.626744, 8.643507, 8.660146, 8.676808, 8.693450, 8.710126, 8.726871, 8.743528, 8.760221, 8.777148, 8.794772, 8.810299, 8.827151, 8.843606, 8.860251, 8.876959, 8.893637, 8.910337, 8.927033, 8.943635, 8.960297, 8.976940, 8.993580, 9.010199, 9.026715, 9.044709, 9.060238, 9.076799, 9.093298, 9.109910, 9.126407, 9.143322, 9.160029, 9.176895, 9.193516, 9.210231, 9.226877, 9.243625, 9.260323, 9.277054, 9.295780, 9.310426, 9.327262, 9.343722, 9.360478, 9.377107, 9.393930, 9.410438, 9.427118, 9.443777, 9.460460, 9.477157, 9.493828, 9.510511, 9.527391, 9.545857, 9.560743, 9.577298, 9.593901, 9.610535, 9.627213, 9.643873, 9.660750, 9.677353, 9.693995, 9.710639, 9.727423, 9.744047, 9.760733, 9.777441, 9.795789, 9.810899, 9.827551, 9.844144, 9.860851, 9.877481, 9.894126, 9.910811, 9.927505, 9.944214, 9.960869, 9.977589, 9.994198, 10.010906, 10.027648, 10.045751, 10.061109, 10.077639, 10.094375, 10.111133, 10.127845, 10.144362, 10.161216, 10.178174, 10.194735, 10.211606, 10.228144, 10.244814, 10.261480, 10.278172, 10.296778, 10.311665, 10.328010, 10.344622, 10.361278, 10.377829, 10.394416, 10.411203, 10.427730, 10.444419, 10.461041, 10.478029, 10.494655, 10.511158, 10.528052, 10.544710, 10.562766, 10.577899, 10.594553, 10.611347, 10.627994, 10.644610, 10.661306, 10.678042, 10.694635, 10.711287, 10.727923, 10.744651, 10.761368, 10.778056, 10.794826, 10.812677, 10.828042, 10.844773, 10.861385, 10.878018, 10.894867, 10.911443, 10.928148, 10.944694, 10.961420, 10.978113, 10.994794, 11.011483, 11.028183, 11.044907, 11.063673, 11.078194, 11.094778, 11.111372, 11.128078, 11.144768, 11.161350, 11.177952, 11.194655, 11.211362, 11.228011, 11.244644, 11.261392, 11.278930, 11.294785, 11.313545, 11.328055, 11.344711, 11.361446, 11.378071, 11.394727, 11.411447, 11.428045, 11.444926, 11.461555, 11.478354, 11.495436, 11.512023, 11.528557, 11.545350, 11.563774, 11.578608, 11.595527, 11.612241, 11.629038, 11.645680, 11.662543, 11.679159, 11.695838, 11.712438, 11.729204, 11.745935, 11.762646, 11.779659, 11.796264, 11.814731, 11.829653, 11.846308, 11.862879, 11.879604, 11.896207, 11.912819, 11.929468, 11.946317, 11.962950, 11.979687, 11.996457, 12.013306, 12.029944, 12.046530, 12.064799, 12.080018, 12.096671, 12.113140, 12.129832, 12.146339, 12.163003, 12.179635, 12.196289, 12.212961, 12.229735, 12.246501, 12.263123, 12.279846, 12.296451, 12.313062, 12.331652, 12.346557, 12.363089, 12.379744, 12.396325, 12.412895, 12.429691, 12.446193, 12.462861, 12.479698, 12.496290, 12.513074, 12.530139, 12.546370, 12.563158, 12.581605, 12.596392, 12.613002, 12.629734, 12.646274, 12.663024, 12.679755, 12.696404, 12.713147, 12.729806, 12.746413, 12.763163, 12.779784, 12.796362, 12.813111, 12.831585, 12.846466, 12.863171, 12.879811, 12.896418, 12.913209, 12.929843, 12.946455, 12.963150, 12.980001, 12.996654, 13.013328, 13.030028, 13.046633, 13.063331, 13.081636, 13.096673, 13.113466, 13.130187, 13.146728, 13.163517, 13.180211, 13.196926, 13.213615, 13.230330, 13.246953, 13.263797, 13.280337, 13.297027, 13.313600, 13.331720, 13.346959, 13.363674, 13.380321, 13.396908, 13.413601, 13.430282, 13.446994, 13.463620, 13.480604, 13.497197, 13.514093, 13.530846, 13.547505, 13.564139, 13.582676, 13.597626, 13.614365, 13.630927, 13.647587, 13.664443, 13.681189, 13.698088, 13.714754, 13.731404, 13.748126, 13.764715, 13.781094, 13.797772, 13.814239, 13.832631, 13.847567, 13.864170, 13.880881, 13.897588, 13.914198, 13.930951, 13.947511, 13.964267, 13.980826, 13.997697, 14.014350, 14.031187, 14.047823, 14.064703, 14.082625, 14.098005, 14.114816, 14.131458, 14.148027, 14.164646, 14.181358, 14.198078, 14.214882, 14.231393, 14.248085, 14.264611, 14.281200, 14.297885, 14.314529, 14.332579, 14.347924, 14.364508, 14.381178, 14.397897, 14.414631, 14.431222, 14.447991, 14.464662, 14.481465, 14.498113, 14.514738, 14.531394, 14.548167, 14.564819, 14.582632, 14.598131, 14.614738, 14.631420, 14.648164, 14.664833, 14.681557, 14.698218, 14.714887, 14.731830, 14.748418, 14.765173, 14.781668, 14.798323, 14.814975, 14.833546, 14.848058, 14.864736, 14.881390, 14.898116, 14.914884, 14.931484, 14.948287, 14.964999, 14.981738, 14.998321, 15.014833, 15.031695, 15.048494, 15.065114, 15.083656, 15.098318, 15.115065, 15.131729, 15.148422, 15.165248, 15.181678, 15.198440, 15.215158, 15.232021, 15.248560, 15.265049, 15.281841, 15.298443, 15.315255, 15.333601, 15.348367, 15.365151, 15.381867, 15.398544, 15.415270, 15.431820, 15.448596, 15.465263, 15.482146, 15.498799, 15.515639, 15.532390, 15.548982, 15.565627, 15.583722, 15.598828, 15.615554, 15.632217, 15.648914, 15.665649, 15.682167, 15.698901, 15.715596, 15.732255, 15.748874, 15.765356, 15.782098, 15.798792, 15.815529, 15.833550, 15.848761, 15.865489, 15.882141, 15.898856, 15.915569, 15.932062, 15.948881, 15.965636, 15.982074, 15.998774, 16.015489, 16.032135, 16.048789, 16.065374, 16.082070, 16.100618, 16.115368, 16.132083, 16.148786, 16.165428, 16.182212, 16.198823, 16.215433, 16.232134, 16.248831, 16.265431, 16.282123, 16.298860, 16.315514, 16.332105, 16.350505, 16.365478, 16.382153, 16.398884, 16.415506, 16.432401, 16.448865, 16.465580, 16.482376, 16.498942, 16.515728, 16.532382, 16.548958, 16.565590, 16.582310, 16.600569, 16.615938, 16.632432, 16.649136, 16.665796, 16.682557, 16.699340, 16.716051, 16.732887, 16.749400, 16.766108, 16.782750, 16.799446, 16.816062, 16.832726, 16.851565, 16.866145, 16.882760, 16.899416, 16.916160, 16.932917, 16.949810, 16.966336, 16.983165, 16.999839, 17.016462, 17.033246, 17.049909, 17.066502, 17.083167, 17.101672, 17.116634, 17.133317, 17.150171, 17.166995, 17.183458, 17.200335, 17.216856, 17.233409, 17.250282, 17.267014, 17.283708, 17.300255, 17.316950, 17.333657, 17.351665, 17.366837, 17.383649, 17.400306, 17.416922, 17.433674, 17.450441, 17.467059, 17.483539, 17.500247, 17.516916, 17.533586, 17.550340, 17.567039, 17.583731, 17.601507, 17.616894, 17.633556, 17.650144, 17.666811, 17.683533, 17.700129, 17.716845, 17.733482, 17.750121, 17.766736, 17.783462, 17.800168, 17.816732, 17.833508, 17.850011, 17.868462, 17.883065, 17.899661, 17.916418, 17.933025, 17.949774, 17.966428, 17.983028, 17.999724, 18.016489, 18.033173, 18.050069, 18.066598, 18.083246, 18.099971, 18.118466, 18.133273, 18.150016, 18.166746, 18.183467, 18.200104, 18.216763, 18.233413, 18.250011, 18.266816, 18.283401, 18.300207, 18.316755, 18.333488, 18.350150, 18.368466, 18.383616, 18.400175, 18.416843, 18.433653, 18.450365, 18.466909, 18.483829, 18.500353, 18.516918, 18.533733, 18.550353, 18.567021, 18.583596, 18.600303, 18.618376, 18.633661, 18.650319, 18.667300, 18.683971, 18.700733, 18.717291, 18.734149, 18.750718, 18.767395, 18.784119, 18.800913, 18.817433, 18.834239, 18.850825, 18.869484, 18.884177, 18.900872, 18.917533, 18.934873, 18.951074, 18.967498, 18.984227, 19.000845, 19.017524, 19.034237, 19.050851, 19.067493, 19.084167, 19.100885, 19.119414, 19.134193, 19.150931, 19.167770, 19.184291, 19.201038, 19.217604, 19.234399, 19.251059, 19.267741, 19.284337, 19.301154, 19.317843, 19.334422, 19.351133, 19.369441, 19.384458, 19.401262, 19.418069, 19.435054, 19.451265, 19.467906, 19.484578, 19.501351, 19.518002, 19.534615, 19.551385, 19.568026, 19.584648, 19.601387, 19.619433, 19.634799, 19.651321, 19.668011, 19.684619, 19.701358, 19.717935, 19.734581, 19.751496, 19.768217, 19.784852, 19.801510, 19.818153, 19.834863, 19.851561, 19.869381, 19.884846, 19.901618, 19.918313, 19.935045, 19.951544, 19.968302, 19.984891, 20.001581, 20.018320, 20.035069, 20.051746, 20.068376, 20.085067, 20.101740, 20.120459, 20.135109, 20.151800, 20.168497, 20.185137, 20.201875, 20.218560, 20.235271, 20.251906, 20.268611, 20.285253, 20.301867, 20.318544, 20.335342, 20.351894, 20.370454, 20.385315, 20.401924, 20.418701, 20.435574, 20.451981, 20.468599, 20.485380, 20.502185, 20.518906, 20.535579, 20.552197, 20.568805, 20.585489, 20.602166, 20.620507, 20.635578, 20.652237, 20.669190, 20.685571, 20.702213, 20.718840, 20.735586, 20.752227, 20.768911, 20.785628, 20.802249, 20.818951, 20.835651, 20.852391, 20.871366, 20.885787, 20.902585, 20.919425, 20.935867, 20.952537, 20.969292, 20.985943, 21.002787, 21.019469, 21.036019, 21.052784, 21.069512, 21.086165, 21.102874, 21.121500, 21.136282, 21.153075, 21.169729, 21.186288, 21.202974, 21.219615, 21.236305, 21.252941, 21.269588, 21.286252, 21.303053, 21.319873, 21.336478, 21.353152, 21.371433, 21.386624, 21.403326, 21.419933, 21.436712, 21.453345, 21.469915, 21.486607, 21.503194, 21.519843, 21.536663, 21.553225, 21.569890, 21.586621, 21.603260, 21.621381, 21.636661, 21.653270, 21.670014, 21.686765, 21.703315, 21.719982, 21.736735, 21.753492, 21.770072, 21.786814, 21.803610, 21.820114, 21.836860, 21.853484, 21.871369, 21.886962, 21.903665, 21.920325, 21.936936, 21.953676, 21.970271, 21.987054, 22.003590, 22.020256, 22.036939, 22.053829, 22.070691, 22.087378, 22.104195, 22.122412, 22.137559, 22.154086, 22.170752, 22.187395, 22.204124, 22.220693, 22.237559, 22.254192, 22.271055, 22.287778, 22.304457, 22.321155, 22.337883, 22.354484, 22.373316, 22.388017, 22.404559, 22.421293, 22.437995, 22.454552, 22.471206, 22.487913, 22.504585, 22.521258, 22.537952, 22.554693, 22.571263, 22.587973, 22.604727, 22.623313, 22.638167, 22.654867, 22.671424, 22.687975, 22.704891, 22.721382, 22.738101, 22.754870, 22.771627, 22.788257, 22.804934, 22.821572, 22.838383, 22.854981, 22.873394, 22.888535, 22.905046, 22.921800, 22.938395, 22.955007, 22.971672, 22.988471, 23.005130, 23.021659, 23.038286, 23.054746, 23.071661, 23.088279, 23.104958, 23.121589, 23.140399, 23.154983, 23.171598, 23.188301, 23.204886, 23.221623, 23.238250, 23.255030, 23.271824, 23.288413, 23.304990, 23.321885, 23.338632, 23.355123, 23.372058, 23.390393, 23.405116, 23.421863, 23.438550, 23.455084, 23.471824, 23.488368, 23.505164, 23.521891, 23.538523, 23.555100, 23.571754, 23.588484, 23.605120, 23.621898, 23.640434, 23.655302, 23.671863, 23.688623, 23.705269, 23.721846, 23.738448, 23.755165, 23.771827, 23.788599, 23.805193, 23.821900, 23.838652, 23.855294, 23.872212, 23.890249, 23.905367, 23.921943, 23.938487, 23.955212, 23.971971, 23.988504, 24.005031, 24.021646, 24.038362, 24.054999, 24.071676, 24.088400, 24.105088, 24.121816, 24.138518, 24.157225, 24.171799, 24.188523, 24.205149, 24.221756, 24.238595, 24.255185, 24.271872, 24.288519, 24.305199, 24.321879, 24.338655, 24.355328, 24.372000, 24.388733, 24.407193, 24.422181, 24.438928, 24.455613, 24.472321, 24.489010, 24.505496, 24.522270, 24.539043, 24.555491, 24.572072, 24.588903, 24.605556, 24.622295, 24.638926, 24.657134, 24.672240, 24.688989, 24.705767, 24.722303, 24.739020, 24.755731, 24.772333, 24.789155, 24.805918, 24.822676, 24.839173, 24.855933, 24.872519, 24.890832, 24.907361, 24.924016, 24.939305, 24.956181, 24.973033, 24.989689, 25.006294, 25.023003, 25.039680, 25.056401, 25.073188, 25.089694, 25.106517, 25.123344, 25.140052, 25.158435, 25.173213, 25.189768, 25.206254, 25.222900, 25.239589, 25.256278, 25.272896, 25.289554, 25.306323, 25.323338, 25.339827, 25.356649, 25.373486, 25.389787, 25.406489, 25.424307, 25.439866, 25.456581, 25.473345, 25.490112, 25.506549, 25.523282, 25.539886, 25.556447, 25.573211, 25.589885, 25.606641, 25.623311, 25.640046, 25.656713, 25.675345, 25.690166, 25.706698, 25.723431, 25.740082, 25.756747, 25.773506, 25.790241, 25.806834, 25.823809, 25.840345, 25.856877, 25.873553, 25.890268, 25.906937, 25.925250, 25.940343, 25.956970, 25.973535, 25.990257, 26.007071, 26.023650, 26.040238, 26.057095, 26.073671, 26.090356, 26.107164, 26.123917, 26.140469, 26.157429, 26.175248, 26.190724, 26.207399, 26.224001, 26.240631, 26.257376, 26.274045, 26.290704, 26.307453, 26.324440, 26.340872, 26.357552, 26.374137, 26.390841, 26.407501, 26.426201, 26.440800, 26.457619, 26.474489, 26.490972, 26.507692, 26.524342, 26.541051, 26.557943, 26.574521, 26.591077, 26.607894, 26.624462, 26.641260, 26.657970, 26.676286, 26.691184, 26.707851, 26.724494, 26.741113, 26.757843, 26.774615, 26.791263, 26.807853, 26.825049, 26.841253, 26.857960, 26.874570, 26.891265, 26.907894, 26.926175, 26.941210, 26.957916, 26.974644, 26.991290, 27.007937, 27.024788, 27.041557, 27.058277, 27.074868, 27.091608, 27.108117, 27.124789, 27.141549, 27.158164, 27.176170, 27.191531, 27.208196, 27.225004, 27.241669, 27.258383, 27.275021, 27.291664, 27.308474, 27.325278, 27.341887, 27.358486, 27.375170, 27.391826, 27.408525, 27.427194, 27.441758, 27.458440, 27.475211, 27.491744, 27.508395, 27.525137, 27.541663, 27.558295, 27.574940, 27.591666, 27.608292, 27.625002, 27.641636, 27.658357, 27.675003, 27.693101, 27.708338, 27.725033, 27.741656, 27.758441, 27.774946, 27.791734, 27.808355, 27.825091, 27.841734, 27.858299, 27.874895, 27.891802, 27.908361, 27.925416, 27.944222, 27.958665, 27.975366, 27.992000, 28.008677, 28.025393, 28.042117, 28.058820, 28.075526, 28.092167, 28.108816, 28.125523, 28.142147, 28.158731, 28.175478, 28.194120, 28.208816, 28.225512, 28.242184, 28.258810, 28.275559, 28.292267, 28.308902, 28.325812, 28.342480, 28.359032, 28.375715, 28.392397, 28.409076, 28.425769, 28.444144, 28.459152, 28.475801, 28.492461, 28.509131, 28.525918, 28.542577, 28.559203, 28.575994, 28.592532, 28.609223, 28.625948, 28.642581, 28.659237, 28.675950, 28.694112, 28.709234, 28.726045, 28.742749, 28.759373, 28.776115, 28.792826, 28.809381, 28.826322, 28.842707, 28.859420, 28.876147, 28.892725, 28.909422, 28.926135, 28.944040, 28.959374, 28.976111, 28.992749, 29.009472, 29.026226, 29.042995, 29.059675, 29.076196, 29.092848, 29.109615, 29.126249, 29.142912, 29.159565, 29.176286, 29.195021, 29.209589, 29.226364, 29.243062, 29.259641, 29.276401, 29.293080, 29.309783, 29.326661, 29.343272, 29.359967, 29.376604, 29.393359, 29.409905, 29.426615, 29.445165, 29.459939, 29.476643, 29.493339, 29.510073, 29.526656, 29.543402, 29.560025, 29.576578, 29.593252, 29.609909, 29.626686, 29.643366, 29.659991, 29.676673, 29.695056, 29.709972, 29.726666, 29.743448, 29.760328, 29.777687, 29.793686, 29.810179, 29.826922, 29.843557, 29.860284, 29.876959, 29.893690, 29.910200, 29.926993, 29.945168, 29.960261, 29.976928, 29.993648, 30.015284, 30.030193, 30.047030, 30.067144, 30.078400, 30.093787, 30.110311, 30.126918, 30.143602, 30.160202, 30.177055, 30.195147, 30.210342, 30.226882, 30.243540, 30.260233, 30.276878, 30.293667, 30.310349, 30.326943, 30.343669, 30.360176, 30.376841, 30.393708, 30.410219, 30.426872, 30.445054, 30.460196, 30.477002, 30.493685, 30.510355, 30.527608, 30.543968, 30.560488, 30.577276, 30.593823, 30.610511, 30.627173, 30.643905, 30.660541, 30.677233, 30.696059, 30.710561, 30.727290, 30.743899, 30.760694, 30.777396, 30.794049, 30.810575, 30.827528, 30.844052, 30.860694, 30.877384, 30.894133, 30.910604, 30.927393, 30.946034, 30.960672, 30.977323, 30.994059, 31.010774, 31.027428, 31.044117, 31.060801, 31.077625, 31.094187, 31.110882, 31.127549, 31.144167, 31.160753, 31.177506, 31.196073, 31.210917, 31.227504, 31.244266, 31.260956, 31.277536, 31.294146, 31.310774, 31.327550, 31.344110, 31.360800, 31.377444, 31.394262, 31.411098, 31.427687, 31.446057, 31.461296, 31.477763, 31.494604, 31.511309, 31.527938, 31.544660, 31.561427, 31.577974, 31.594589, 31.611255, 31.627924, 31.644623, 31.661321, 31.677947, 31.696026, 31.711385, 31.727994, 31.744808, 31.761420, 31.778048, 31.794917, 31.811355, 31.828080, 31.844792, 31.861426, 31.878114, 31.894745, 31.911435, 31.928185, 31.947058, 31.961546, 31.978219, 31.994952, 32.011583, 32.028209, 32.044844, 32.061532, 32.078239, 32.095022, 32.111743, 32.128387, 32.145000, 32.161825, 32.178595, 32.197185, 32.211831, 32.228603, 32.245281, 32.261898, 32.278616, 32.295154, 32.311946, 32.328607, 32.345225, 32.361964, 32.378565, 32.395226, 32.411852, 32.428603, 32.447130, 32.461952, 32.478754, 32.495546, 32.512105, 32.528904, 32.545382, 32.562010, 32.578630, 32.595409, 32.612096, 32.628705, 32.645345, 32.662029, 32.678744, 32.696958, 32.712058, 32.728765, 32.745490, 32.762319, 32.778901, 32.795513, 32.812292, 32.828976, 32.845648, 32.862293, 32.878841, 32.895461, 32.912213, 32.928829, 32.946883, 32.962301, 32.979042, 32.996015, 33.012956, 33.029401, 33.046026, 33.062819, 33.079254, 33.096079, 33.112628, 33.129237, 33.145917, 33.162652, 33.179277, 33.198091, 33.212994, 33.229533, 33.246552, 33.263148, 33.279789, 33.296448, 33.313066, 33.329765, 33.346458, 33.363031, 33.379696, 33.396321, 33.413062, 33.429693, 33.448077, 33.463074, 33.479768, 33.496526, 33.513292, 33.529857, 33.546460, 33.563091, 33.579799, 33.596418, 33.613101, 33.629839, 33.646409, 33.663192, 33.679880, 33.698009, 33.713426, 33.730051, 33.746883, 33.763455, 33.779919, 33.796751, 33.813232, 33.830047, 33.850672, 33.863939, 33.879894, 33.896470, 33.913193, 33.929929, 33.947787, 33.963349, 33.980006, 33.996538, 34.013389, 34.029877, 34.046564, 34.063181, 34.080088, 34.096817, 34.113623, 34.130051, 34.146749, 34.163523, 34.180195, 34.198192, 34.213583, 34.230578, 34.246979, 34.263371, 34.280163, 34.296714, 34.313307, 34.330052, 34.346627, 34.363341, 34.379983, 34.396675, 34.413359, 34.429941, 34.448811, 34.463355, 34.480249, 34.496737, 34.513396, 34.530173, 34.546806, 34.563461, 34.580195, 34.596761, 34.613439, 34.630103, 34.646957, 34.663612, 34.680482, 34.698982, 34.713748, 34.730392, 34.746978, 34.763658, 34.780321, 34.797337, 34.813779, 34.830641, 34.847349, 34.863891, 34.880580, 34.897181, 34.913880, 34.930662, 34.948907, 34.964230, 34.980912, 34.997881, 35.014201, 35.030924, 35.047721, 35.064500, 35.081158, 35.097774, 35.114407, 35.131037, 35.147740, 35.164451, 35.181119, 35.198981, 35.214584, 35.231072, 35.247806, 35.264389, 35.280922, 35.297648, 35.314137, 35.330806, 35.347212, 35.363760, 35.380533, 35.396813, 35.413488, 35.430187, 35.446965, 35.465889, 35.480917, 35.497611, 35.514249, 35.530893, 35.547641, 35.564454, 35.581171, 35.597770, 35.614461, 35.631189, 35.647984, 35.664681, 35.681251, 35.697964, 35.715989, 35.731422, 35.747990, 35.764688, 35.781368, 35.797995, 35.814861, 35.831414, 35.847983, 35.864639, 35.881289, 35.898008, 35.914677, 35.931299, 35.947977, 35.965892, 35.981547, 35.998137, 36.014689, 36.031389, 36.048103, 36.064798, 36.081494, 36.098109, 36.114871, 36.131636, 36.148287, 36.164939, 36.181627, 36.198327, 36.216913, 36.231825, 36.248409, 36.265067, 36.281725, 36.298413, 36.315048, 36.331756, 36.348321, 36.364982, 36.381635, 36.398372, 36.415020, 36.431786, 36.448460, 36.466832, 36.481917, 36.498446, 36.515164, 36.531927, 36.548506, 36.565198, 36.581859, 36.598466, 36.615187, 36.631845, 36.648608, 36.665194, 36.681789, 36.698382, 36.716982, 36.731759, 36.748304, 36.765051, 36.781754, 36.798444, 36.815057, 36.831805, 36.848578, 36.865198, 36.881811, 36.898414, 36.915088, 36.931801, 36.948523, 36.966834, 36.981846, 36.998511, 37.015212, 37.031839, 37.048499, 37.065223, 37.081837, 37.098553, 37.115264, 37.131920, 37.148556, 37.165225, 37.181935, 37.198727, 37.216799, 37.232001, 37.248607, 37.265371, 37.281968, 37.298726, 37.315382, 37.332047, 37.348759, 37.365334, 37.381994, 37.398675, 37.415337, 37.432152, 37.448799, 37.467738, 37.482148, 37.498805, 37.515517, 37.532188, 37.548819, 37.565523, 37.582189, 37.598906, 37.615482, 37.632202, 37.648972, 37.666024, 37.682358, 37.699019, 37.717665, 37.732006, 37.748681, 37.765380, 37.782226, 37.798898, 37.815671, 37.832494, 37.849089, 37.865635, 37.882365, 37.899060, 37.915801, 37.932420, 37.949322, 37.967756, 37.982448, 37.999237, 38.015874, 38.032517, 38.049254, 38.065813, 38.082590, 38.099279, 38.115938, 38.132588, 38.149281, 38.166202, 38.182864, 38.199528, 38.217852, 38.232953, 38.249584, 38.266294, 38.282983, 38.299668, 38.316275, 38.333001, 38.349626, 38.366277, 38.382970, 38.399553, 38.416360, 38.433020, 38.449820, 38.467781, 38.482961, 38.499826, 38.516409, 38.533074, 38.549830, 38.566355, 38.583089, 38.599717, 38.616432, 38.633065, 38.649783, 38.666735, 38.683304, 38.699808, 38.717712, 38.733130, 38.749790, 38.766469, 38.783186, 38.799777, 38.816548, 38.833395, 38.849904, 38.866589, 38.883389, 38.900123, 38.916748, 38.933325, 38.950102, 38.968797, 38.983485, 39.000016, 39.016714, 39.033362, 39.050159, 39.066852, 39.083485, 39.100270, 39.116984, 39.133484, 39.150269, 39.166911, 39.183617, 39.200202, 39.218923, 39.233427, 39.249982, 39.266638, 39.283360, 39.299947, 39.316672, 39.333522, 39.350106, 39.366699, 39.383416, 39.400137, 39.416793, 39.437512, 39.450082, 39.468760, 39.485597, 39.500096, 39.516794, 39.533542, 39.550160, 39.566748, 39.583493, 39.600188, 39.617062, 39.633825, 39.650705, 39.667622, 39.683961, 39.700623, 39.718727, 39.734051, 39.750729, 39.767442, 39.784156, 39.800835, 39.817376, 39.834163, 39.850815, 39.867427, 39.884151, 39.900769, 39.917615, 39.934274, 39.950777, 39.969700, 39.984196, 40.000831, 40.017616, 40.034258, 40.050876, 40.067634, 40.084340, 40.101019, 40.117666, 40.134431, 40.151044, 40.167844, 40.184550, 40.201104, 40.219723, 40.234509, 40.251180, 40.268012, 40.284583, 40.301202, 40.317929, 40.334694, 40.351316, 40.367940, 40.384765, 40.401249, 40.418043, 40.434663, 40.451316, 40.469716, 40.484693, 40.501429, 40.518086, 40.534676, 40.551415, 40.568019, 40.584691, 40.601407, 40.618077, 40.634860, 40.651620, 40.668577, 40.685016, 40.701700, 40.719658, 40.734975, 40.751689, 40.769483, 40.785043, 40.801734, 40.818365, 40.835155, 40.853686, 40.868428, 40.885147, 40.902705, 40.919595, 40.935117, 40.951786, 40.969625, 40.985130, 41.001832, 41.018524, 41.035157, 41.051843, 41.068495, 41.085148, 41.101790, 41.118710, 41.136711, 41.151945, 41.168626, 41.185303, 41.201851, 41.220751, 41.235229, 41.252018, 41.268855, 41.285401, 41.302063, 41.318694, 41.335536, 41.352172, 41.369192, 41.385532, 41.402165, 41.418899, 41.435558, 41.452309, 41.470819, 41.485647, 41.502200, 41.518889, 41.535594, 41.552305, 41.569090, 41.585739, 41.602326, 41.619166, 41.635802, 41.652340, 41.669102, 41.685688, 41.702375, 41.720757, 41.735780, 41.752551, 41.769142, 41.785673, 41.802406, 41.819100, 41.835832, 41.852486, 41.869174, 41.885879, 41.902510, 41.919289, 41.936106, 41.952547, 41.970720, 41.985796, 42.002616, 42.019339, 42.035967, 42.052615, 42.069315, 42.085986, 42.102637, 42.119323, 42.136053, 42.152680, 42.169563, 42.186208, 42.203156, 42.221623, 42.236475, 42.253232, 42.269763, 42.286453, 42.303187, 42.319791, 42.336645, 42.353348, 42.369970, 42.386743, 42.403431, 42.420031, 42.436866, 42.453470, 42.471647, 42.486739, 42.503475, 42.520082, 42.536979, 42.553656, 42.570182, 42.586928, 42.603654, 42.620324, 42.637096, 42.653646, 42.670258, 42.686991, 42.703656, 42.721685, 42.737106, 42.753775, 42.770372, 42.787105, 42.803754, 42.820432, 42.837186, 42.853902, 42.870707, 42.887295, 42.903920, 42.920517, 42.937142, 42.953892, 42.972623, 42.987234, 43.003876, 43.020587, 43.037326, 43.053989, 43.070507, 43.087167, 43.103901, 43.120617, 43.137298, 43.153917, 43.170573, 43.187239, 43.203865, 43.222594, 43.237168, 43.253846, 43.270503, 43.287190, 43.303848, 43.320466, 43.337264, 43.353946, 43.370883, 43.387394, 43.404020, 43.420613, 43.437320, 43.453988, 43.472610, 43.487230, 43.503982, 43.520607, 43.537301, 43.553945, 43.570545, 43.587351, 43.604046, 43.620525, 43.637270, 43.653776, 43.670476, 43.687297, 43.704053, 43.722582, 43.737454, 43.754221, 43.770841, 43.787539, 43.804365, 43.820998, 43.837784, 43.854381, 43.871064, 43.887890, 43.904350, 43.921091, 43.937743, 43.954556, 43.972525, 43.987759, 44.004479, 44.021108, 44.037858, 44.054569, 44.071088, 44.087827, 44.104688, 44.121432, 44.138138, 44.154588, 44.171282, 44.188014, 44.204719, 44.223540, 44.238059, 44.254665, 44.271373, 44.288112, 44.304811, 44.321361, 44.338193, 44.354854, 44.371703, 44.388300, 44.404777, 44.421595, 44.438291, 44.454960, 44.473651, 44.488221, 44.504983, 44.521728, 44.542241, 44.556956, 44.571786, 44.588547, 44.605185, 44.621920, 44.638742, 44.655364, 44.671962, 44.688488, 44.705164, 44.723613, 44.738405, 44.755058, 44.771793, 44.788564, 44.805169, 44.821913, 44.838533, 44.855227, 44.871958, 44.888577, 44.905080, 44.921765, 44.938481, 44.955283, 44.973501, 44.988469, 45.005184, 45.021899, 45.038674, 45.055421, 45.071975, 45.088751, 45.105510, 45.122211, 45.138904, 45.155465, 45.172171, 45.188833, 45.205528, 45.223611, 45.238844, 45.255467, 45.272162, 45.288907, 45.305523, 45.322291, 45.339160, 45.355693, 45.372414, 45.389063, 45.405546, 45.422305, 45.439081, 45.455902, 45.474616, 45.489229, 45.505946, 45.522482, 45.539271, 45.555880, 45.572597, 45.589186, 45.605955, 45.622409, 45.638901, 45.655532, 45.672102, 45.688619, 45.705234, 45.721992, 45.740676, 45.755492, 45.772065, 45.788725, 45.805434, 45.822475, 45.838815, 45.855853, 45.872015, 45.888760, 45.905396, 45.922144, 45.938771, 45.955445, 45.972047, 45.990585, 46.005607, 46.022177, 46.038856, 46.055550, 46.072208, 46.088837, 46.105661, 46.122201, 46.138969, 46.155612, 46.172318, 46.188966, 46.205597, 46.222289, 46.240465, 46.255701, 46.272437, 46.289064, 46.305754, 46.322831, 46.339410, 46.355982, 46.372556, 46.389339, 46.405896, 46.422554, 46.439318, 46.456077, 46.472552, 46.491590, 46.505947, 46.522652, 46.539462, 46.556197, 46.572800, 46.589465, 46.606184, 46.622902, 46.639762, 46.656340, 46.673114, 46.689740, 46.706439, 46.723036, 46.741504, 46.756261, 46.772891, 46.789627, 46.806483, 46.823439, 46.839833, 46.856455, 46.873136, 46.889815, 46.906412, 46.923075, 46.939765, 46.956428, 46.973130, 46.991494, 47.006419, 47.023118, 47.039743, 47.056523, 47.073113, 47.089862, 47.106479, 47.123145, 47.139904, 47.156564, 47.173139, 47.189895, 47.206531, 47.223257, 47.241396, 47.256645, 47.273298, 47.290035, 47.306811, 47.323844, 47.340144, 47.356879, 47.373567, 47.390374, 47.406991, 47.423509, 47.440333, 47.457095, 47.473862, 47.492586, 47.507295, 47.523948, 47.540689, 47.557468, 47.574109, 47.590612, 47.607318, 47.624037, 47.640763, 47.657502, 47.674296, 47.690850, 47.707538, 47.724162, 47.742478, 47.757683, 47.774452, 47.791091, 47.807708, 47.824961, 47.841182, 47.857807, 47.874533, 47.891199, 47.907863, 47.924528, 47.941181, 47.957875, 47.974538, 47.992511, 48.007963, 48.024572, 48.041326, 48.057967, 48.074647, 48.091271, 48.107906, 48.124710, 48.141351, 48.157944, 48.174568, 48.191219, 48.207893, 48.224601, 48.243423, 48.257969, 48.274776, 48.291423, 48.308098, 48.324843, 48.341258, 48.357951, 48.374505, 48.391226, 48.407872, 48.424521, 48.441273, 48.457928, 48.474467, 48.491187, 48.509421, 48.524349, 48.541085, 48.557724, 48.574536, 48.591016, 48.607916, 48.624495, 48.641093, 48.657766, 48.674447, 48.691119, 48.707789, 48.724529, 48.741121, 48.759409, 48.774478, 48.791295, 48.807980, 48.824692, 48.841289, 48.857936, 48.874574, 48.891336, 48.907916, 48.924704, 48.941355, 48.957960, 48.974629, 48.991340, 49.009434, 49.024938, 49.041471, 49.058291, 49.074971, 49.091469, 49.108164, 49.124948, 49.141549, 49.158295, 49.175025, 49.191898, 49.208671, 49.225256, 49.241861, 49.260731, 49.275379, 49.291925, 49.308655, 49.325393, 49.342014, 49.358615, 49.375346, 49.391984, 49.408673, 49.425214, 49.441836, 49.458536, 49.475228, 49.491792, 49.510557, 49.525118, 49.541837, 49.558570, 49.575196, 49.591815, 49.608601, 49.625348, 49.642209, 49.658716, 49.675325, 49.691992, 49.708811, 49.725632, 49.742293, 49.760730, 49.775694, 49.792339, 49.808915, 49.825628, 49.842158, 49.858869, 49.875608, 49.892214, 49.908890, 49.925478, 49.942180, 49.958798, 49.975457, 49.992138, 50.010438, 50.025555, 50.042301, 50.058894, 50.075664, 50.092376, 50.109232, 50.125852, 50.142623, 50.159255, 50.175950, 50.192645, 50.209314, 50.225905, 50.242582, 50.261393, 50.276097, 50.292653, 50.309284, 50.325971, 50.342686, 50.359270, 50.375972, 50.392655, 50.409295, 50.425925, 50.442643, 50.459339, 50.476068, 50.492813, 50.511320, 50.526303, 50.542868, 50.559444, 50.576136, 50.592757, 50.609466, 50.626145, 50.642982, 50.659682, 50.676215, 50.692980, 50.709752, 50.726345, 50.743038, 50.761373, 50.776692, 50.793195, 50.809756, 50.826692, 50.843322, 50.859967, 50.876689, 50.893304, 50.910032, 50.926746, 50.943369, 50.960161, 50.976914, 50.993705, 51.012396, 51.026948, 51.043705, 51.060343, 51.076964, 51.093626, 51.110345, 51.126986, 51.143674, 51.160413, 51.176964, 51.193659, 51.210401, 51.227015, 51.243869, 51.262352, 51.277103, 51.293866, 51.310467, 51.327119, 51.343854, 51.360577, 51.377118, 51.393892, 51.410595, 51.427196, 51.443777, 51.460517, 51.477098, 51.493955, 51.512319, 51.527592, 51.543850, 51.560495, 51.577145, 51.593747, 51.610607, 51.627308, 51.643868, 51.660663, 51.677482, 51.694003, 51.710704, 51.727382, 51.744297, 51.762615, 51.777895, 51.794022, 51.810558, 51.827309, 51.843842, 51.860458, 51.877119, 51.893757, 51.910405, 51.927190, 51.943805, 51.960447, 51.977129, 51.993800, 52.010436, 52.029295, 52.043832, 52.060464, 52.077345, 52.093973, 52.110704, 52.127462, 52.143997, 52.160761, 52.177417, 52.194107, 52.210742, 52.227453, 52.244187, 52.260869, 52.279290, 52.294183, 52.310824, 52.327522, 52.344263, 52.361021, 52.377782, 52.394422, 52.411253, 52.427876, 52.444648, 52.461289, 52.478143, 52.494852, 52.511453, 52.530393, 52.544736, 52.561392, 52.578044, 52.594709, 52.611434, 52.628009, 52.644821, 52.661575, 52.678213, 52.694985, 52.711675, 52.728249, 52.744971, 52.761785, 52.780312, 52.794990, 52.811751, 52.828378, 52.845186, 52.861922, 52.878438, 52.895183, 52.911847, 52.928412, 52.945185, 52.961962, 52.978597, 52.995373, 53.012033, 53.030386, 53.045259, 53.061975, 53.078582, 53.095177, 53.112054, 53.128978, 53.145342, 53.161943, 53.178594, 53.195315, 53.212101, 53.228745, 53.245507, 53.262272, 53.280410, 53.295462, 53.312078, 53.328783, 53.345542, 53.362221, 53.378813, 53.395512, 53.412136, 53.428935, 53.445614, 53.462306, 53.479110, 53.495869, 53.512417, 53.530338, 53.545623, 53.562283, 53.578980, 53.595661, 53.612209, 53.628906, 53.645635, 53.662286, 53.678985, 53.695668, 53.712338, 53.729094, 53.745648, 53.762450, 53.781253, 53.795813, 53.812533, 53.829283, 53.845802, 53.862543, 53.879203, 53.895870, 53.912576, 53.929181, 53.945975, 53.962653, 53.979397, 53.996061, 54.012741, 54.031198, 54.045941, 54.062626, 54.079363, 54.096065, 54.112850, 54.129432, 54.146060, 54.162761, 54.179426, 54.196108, 54.212812, 54.229574, 54.246403, 54.262834, 54.281230, 54.296130, 54.312783, 54.329518, 54.346199, 54.362790, 54.379524, 54.396133, 54.412888, 54.429533, 54.446205, 54.462924, 54.479817, 54.496392, 54.513057, 54.531382, 54.546489, 54.563185, 54.579936, 54.596567, 54.613284, 54.629970, 54.646669, 54.663264, 54.680034, 54.696678, 54.713479, 54.730129, 54.746890, 54.763330, 54.781371, 54.796773, 54.813373, 54.830148, 54.846859, 54.863390, 54.880201, 54.896888, 54.913446, 54.930112, 54.946871, 54.963510, 54.980278, 54.996833, 55.013671, 55.032410, 55.046925, 55.063526, 55.080275, 55.096859, 55.113683, 55.130319, 55.147120, 55.163678, 55.180393, 55.197214, 55.213771, 55.230530, 55.247229, 55.263844, 55.282180, 55.297318, 55.313906, 55.330817, 55.347416, 55.364006, 55.380724, 55.397417, 55.414073, 55.430929, 55.447554, 55.464059, 55.481026, 55.497483, 55.514186, 55.532133, 55.547490, 55.564244, 55.580876, 55.597577, 55.614264, 55.630902, 55.647542, 55.664286, 55.681113, 55.697953, 55.714436, 55.731162, 55.747820, 55.764372, 55.783243, 55.797965, 55.814355, 55.831204, 55.847649, 55.864351, 55.880992, 55.897660, 55.914408, 55.931022, 55.947706, 55.964275, 55.980894, 55.997713, 56.014451, 56.033193, 56.047990, 56.064895, 56.081594, 56.098408, 56.115192, 56.131946, 56.148756, 56.165455, 56.182184, 56.198740, 56.215663, 56.232118, 56.248976, 56.265650, 56.284417, 56.299048, 56.315784, 56.332651, 56.349163, 56.365773, 56.382542, 56.399146, 56.416078, 56.432758, 56.449469, 56.466074, 56.482638, 56.499222, 56.515915, 56.534311, 56.549259, 56.566029, 56.583664, 56.599202, 56.618096, 56.632498, 56.649320, 56.665811, 56.682746, 56.699223, 56.715886, 56.732796, 56.749383, 56.765875, 56.784233, 56.799007, 56.815893, 56.832345, 56.848940, 56.865586, 56.882228, 56.898740, 56.915567, 56.932159, 56.948865, 56.965381, 56.981931, 56.999741, 57.016863, 57.031804, 57.050160, 57.067334, 57.082399, 57.098221, 57.115039, 57.131587, 57.148478, 57.164828, 57.181656, 57.198359, 57.214844, 57.231585, 57.248218, 57.264873, 57.281655, 57.299935, 57.314996, 57.331616, 57.348268, 57.365010, 57.381650, 57.398343, 57.415164, 57.431768, 57.448595, 57.465134, 57.481778, 57.498493, 57.515218, 57.532021, 57.550071, 57.565245, 57.581859, 57.598521, 57.615234, 57.631901, 57.648599, 57.665287, 57.682135, 57.698915, 57.715333, 57.732052, 57.748710, 57.765429, 57.782096, 57.800095, 57.815468, 57.832188, 57.848886, 57.865489, 57.882157, 57.898955, 57.915745, 57.932396, 57.949039, 57.965690, 57.982451, 57.999013, 58.015824, 58.032567, 58.051193, 58.065754, 58.082380, 58.098984, 58.115730, 58.132671, 58.149305, 58.166165, 58.182840, 58.199567, 58.216506, 58.233188, 58.249809, 58.266496, 58.283088, 58.301389, 58.316487, 58.333208, 58.349910, 58.366536, 58.383229, 58.400140, 58.417048, 58.433669, 58.450270, 58.466918, 58.483580, 58.500276, 58.516940, 58.533605, 58.552322, 58.566912, 58.583587, 58.600218, 58.616957, 58.633563, 58.650347, 58.667248, 58.683556, 58.700329, 58.716801, 58.733628, 58.750239, 58.766818, 58.783566, 58.802085, 58.816825, 58.833626, 58.850243, 58.866896, 58.884841, 58.900877, 58.917048, 58.933648, 58.950509, 
12, 34, 1, 1.572532, 1.571919, 1.570932, 1.570250, 1.577590, 1.603085, 1.637400, 1.685430, 1.744885, 1.840273, 1.976469, 2.139648, 2.325288, 2.535189, 2.766398, 3.016496, 3.285122, 3.570986, 3.870728, 4.182209, 4.506990, 4.841627, 5.185022, 5.527074, 5.843043, 6.150213, 6.385367, 6.571404, 6.707605, 6.791155, 6.818129, 6.794507, 6.703595, 6.567634, 6.396010, 6.211684, 6.004631, 5.772566, 5.528513, 5.272360, 5.005108, 4.736323, 4.489898, 4.244114, 3.998535, 3.753832, 3.507679, 3.067979, 3.006303, 2.744091, 2.478994, 2.209862, 1.939172, 1.691070, 1.434060, 1.175602, 0.950378, 0.714900, 0.494602, 0.285877, 0.092203, 0.107308, 0.461329, 0.593178, 0.634601, 0.785031, 0.921277, 1.037628, 1.156772, 1.245095, 1.327920, 1.419907, 1.511970, 1.609234, 1.712372, 1.966810, 2.130869, 2.304349, 2.336685, 2.631964, 2.662423, 2.906350, 3.108186, 3.116963, 3.344535, 3.414783, 3.386116, 3.516438, 3.535324, 3.456827, 3.520607, 3.505767, 3.480550, 3.462140, 3.423445, 3.414132, 3.384033, 3.342731, 3.296629, 3.216643, 3.119780, 3.023464, 2.916831, 2.747349, 2.569847, 2.387040, 2.175459, 1.964578, 1.757163, 1.550914, 1.344654, 1.139987, 0.936360, 0.727214, 0.479298, 0.234131, 0.008376, 0.243704, 0.437849, 0.632033, 0.824926, 1.016184, 1.205565, 1.394705, 1.582501, 1.768369, 1.954484, 2.114125, 2.245308, 2.372871, 2.515393, 2.694227, 2.872294, 3.049246, 3.225120, 3.400147, 3.573943, 3.724298, 3.820276, 3.861864, 3.860474, 3.821486, 3.730516, 3.589835, 3.410675, 3.202812, 2.998549, 2.724475, 2.429034, 2.125936, 1.807191, 1.489874, 1.165842, 0.841937, 0.521716, 0.244469, 0.043385, 0.300497, 0.538228, 0.781296, 0.999893, 1.190759, 1.372047, 1.524817, 1.674331, 1.780352, 1.875440, 2.012150, 2.006039, 2.051072, 2.089933, 2.147700, 2.151817, 2.176113, 2.205965, 2.219885, 2.230333, 2.245328, 2.256699, 2.256520, 2.268592, 2.251028, 2.262688, 2.203124, 2.194164, 2.168564, 2.190029, 2.141572, 2.122912, 2.135691, 2.084017, 2.026913, 2.040016, 1.979950, 1.921430, 1.849064, 1.786367, 1.722740, 1.667161, 1.595247, 1.548409, 1.484852, 1.407659, 1.301024, 1.196275, 1.102235, 1.024222, 0.942688, 0.859275, 0.774897, 0.692773, 0.610605, 0.529860, 0.448654, 0.370315, 0.289440, 0.207331, 0.125048, 0.036039, 0.044467, 0.123384, 0.196408, 0.272542, 0.310894, 0.345842, 0.385801, 0.420780, 0.452781, 0.408980, 0.514664, 0.621639, 0.762764, 0.863217, 0.974408, 1.102027, 1.229567, 1.360018, 1.480318, 1.609100, 1.727237, 1.853857, 1.973215, 2.090258, 2.201787, 2.329229, 2.440536, 2.573994, 2.709301, 2.855718, 2.998508, 3.107868, 3.212326, 3.304910, 3.377444, 3.471921, 3.564291, 3.646608, 3.701876, 3.735839, 3.754430, 3.763400, 3.751419, 3.729760, 3.668692, 3.595131, 3.482836, 3.341416, 3.171191, 2.995084, 2.807631, 2.600800, 2.313899, 1.995760, 1.920886, 1.640276, 1.378701, 1.123519, 0.737062, 0.644377, 0.416950, 0.205037, 0.009333, 0.169166, 0.316106, 0.439071, 0.609279, 0.567848, 0.577464, 0.629004, 0.477334, 0.384882, 0.279346, 0.169645, 0.033860, 0.083633, 0.225870, 0.290576, 0.475109, 0.585893, 0.631622, 0.811789, 0.918162, 0.943582, 1.039248, 1.140303, 1.235645, 1.403114, 1.408258, 1.488013, 1.563421, 1.637630, 1.704069, 1.752089, 1.800368, 1.835840, 1.864276, 1.857632, 1.851569, 1.835902, 1.812925, 1.767931, 1.733580, 1.723153, 1.726983, 1.756338, 1.812796, 1.887051, 1.989459, 2.103744, 2.214389, 2.350465, 2.495380, 2.625757, 2.771121, 2.900619, 3.016786, 3.106985, 3.154585, 3.170635, 3.161118, 3.127280, 2.740241, 2.533083, 2.323304, 2.048143, 1.764073, 1.448405, 1.092687, 0.701776, 0.282954, 0.199548, 0.714770, 1.224027, 1.784020, 2.333897, 2.880306, 3.425196, 3.983577, 4.538058, 5.108880, 5.697411, 6.315056, 6.934590, 7.572640, 8.234052, 8.915614, 9.603601, 10.296894, 10.997577, 11.711079, 12.424172, 13.132448, 14.096146, 14.627524, 15.424928, 16.238223, 17.083615, 17.931975, 18.798289, 19.656921, 20.521517, 21.352887, 22.152716, 22.928269, 23.692059, 24.430671, 25.128204, 25.806845, 26.435186, 27.039434, 27.615522, 28.166697, 28.700414, 29.207907, 29.694851, 30.241607, 30.616118, 31.051968, 31.495899, 31.919477, 32.314627, 32.692135, 33.032939, 33.318313, 33.546703, 33.768332, 33.963233, 34.164138, 34.373704, 34.568705, 34.641780, 34.750821, 34.749554, 34.811733, 34.693980, 34.701874, 34.596494, 34.329304, 34.263817, 34.048856, 33.669066, 33.415042, 33.119700, 32.817158, 32.671161, 32.195453, 31.892095, 31.742626, 31.264793, 30.936697, 30.604332, 30.291082, 29.977207, 29.685813, 29.358882, 29.053367, 28.749067, 28.444255, 28.117689, 27.767426, 27.390740, 26.959803, 26.495750, 26.024845, 25.576501, 25.047774, 24.545309, 24.060051, 23.554806, 23.069421, 22.607792, 22.173797, 21.759581, 21.385054, 21.038768, 20.763561, 20.539765, 20.377300, 20.267337, 20.222458, 20.256815, 20.367394, 20.515738, 20.670652, 20.917251, 21.218544, 21.504692, 21.809225, 22.088851, 22.353065, 22.577642, 22.725023, 22.873985, 23.026009, 23.133781, 23.180777, 23.186926, 23.176066, 23.106393, 23.001647, 22.865601, 22.687906, 22.475810, 22.245164, 21.979799, 21.690514, 21.406425, 21.114046, 20.817518, 20.532253, 20.244393, 19.963945, 19.691451, 19.430146, 19.158501, 18.901385, 18.657772, 18.424403, 18.193154, 17.974362, 17.679655, 17.577170, 17.382170, 17.176160, 16.977314, 16.761735, 16.553777, 16.348866, 16.145255, 15.950891, 15.666235, 15.593478, 15.430850, 15.167310, 15.100342, 14.935027, 14.685898, 14.625358, 14.469480, 14.243756, 14.165695, 14.137824, 14.170953, 14.262587, 14.437719, 14.724552, 15.112757, 15.653065, 16.413471, 17.402748, 18.612281, 20.005275, 21.551819, 23.223237, 25.001509, 26.867724, 28.829440, 30.229355, 33.049185, 35.222117, 37.418647, 39.602897, 41.069771, 43.181515, 45.214303, 47.155132, 48.979655, 51.169935, 52.678707, 54.058671, 55.340896, 56.534799, 57.649913, 58.690763, 59.631890, 60.461395, 61.163717, 61.732119, 62.189645, 62.540808, 62.770821, 62.897414, 62.975419, 62.955448, 62.863250, 62.692300, 62.456498, 62.153512, 61.816615, 61.446844, 61.045507, 60.647966, 60.251856, 59.925171, 59.681463, 59.508368, 59.413797, 59.409865, 59.489552, 59.655717, 59.986328, 60.460997, 61.085938, 61.854044, 62.759217, 63.789324, 64.940731, 66.193782, 67.554630, 68.973504, 70.442214, 71.915813, 73.391112, 74.838088, 76.225804, 77.578835, 78.862919, 80.076039, 81.211181, 82.268229, 83.591449, 84.230388, 85.109234, 85.880970, 86.550966, 87.103593, 87.537681, 87.815019, 87.939587, 87.972020, 87.846959, 87.619694, 87.278694, 86.852525, 86.354215, 85.783813, 85.154978, 84.470627, 83.743345, 82.997499, 82.193066, 81.366380, 80.542927, 79.745749, 78.743726, 78.323869, 77.707852, 77.139572, 76.619623, 76.129675, 75.659806, 75.236581, 74.846061, 74.493566, 74.196822, 73.964726, 73.789833, 73.693254, 73.697935, 73.783044, 73.931117, 74.237967, 74.630650, 75.146876, 75.779199, 76.493678, 77.292501, 78.163135, 79.066392, 80.023256, 81.340418, 82.041899, 83.120677, 84.567220, 85.683168, 86.449964, 88.020826, 88.804809, 90.390813, 91.543464, 92.287392, 93.807950, 94.913907, 95.600083, 96.982489, 97.950160, 98.885408, 99.803848, 100.704259, 101.582027, 102.438381, 103.253563, 104.051611, 104.825797, 105.579276, 106.292553, 106.993882, 107.648507, 108.263533, 108.837125, 109.363206, 109.868715, 110.347257, 110.815558, 111.269169, 111.733981, 112.212468, 112.710856, 113.230777, 113.718303, 114.205965, 114.657464, 115.096578, 115.525358, 115.930552, 116.312520, 116.692857, 117.046831, 117.380675, 117.696339, 117.988827, 118.244074, 118.461377, 118.611691, 118.700912, 118.662441, 118.605295, 118.438430, 118.202156, 117.903016, 117.554500, 117.132146, 116.638529, 116.059625, 115.407797, 114.666569, 113.854008, 112.924409, 111.920587, 110.851024, 109.697829, 108.465737, 107.183680, 105.853939, 104.459507, 103.026723, 101.560103, 100.073188, 98.583177, 97.114528, 95.190766, 94.218195, 92.803444, 91.423852, 90.081157, 88.770784, 87.497748, 86.252513, 85.034825, 83.861751, 82.751610, 81.697642, 80.393559, 79.723881, 78.787893, 77.594571, 76.968783, 76.086973, 75.232487, 74.394324, 73.564541, 72.756570, 71.691982, 71.125843, 70.311574, 69.252363, 68.440460, 67.619986, 66.790778, 66.210862, 65.127192, 64.325395, 63.785050, 62.849676, 62.173756, 61.718167, 60.945795, 60.376590, 59.865586, 59.365832, 58.953103, 58.531690, 58.143612, 57.795974, 57.478941, 57.176448, 56.904167, 56.634444, 56.395570, 56.164573, 55.933546, 55.720580, 55.513882, 55.313965, 55.134637, 54.958595, 54.804498, 54.626024, 54.451945, 54.282108, 54.137104, 53.950928, 53.767081, 53.571175, 53.370525, 53.149617, 52.915979, 52.665179, 52.411683, 52.129925, 51.799188, 51.429058, 51.034102, 50.597347, 50.099283, 49.566382, 48.996123, 48.333091, 47.617739, 46.821615, 45.950825, 45.015935, 44.025952, 42.991765, 41.904314, 40.775243, 39.615645, 38.435987, 37.271243, 36.118465, 34.986259, 33.889135, 32.810478, 31.764592, 30.749163, 29.758321, 28.798101, 27.857709, 26.949760, 26.050355, 25.155875, 24.288078, 23.424186, 22.570292, 21.759903, 20.738929, 20.161945, 19.391016, 18.638701, 17.912052, 17.218827, 16.552869, 15.899610, 15.114350, 14.692245, 14.130197, 13.602768, 13.092782, 12.616881, 12.164972, 11.662699, 11.363918, 10.996185, 10.576721, 10.353207, 10.060677, 9.783358, 9.526092, 9.339295, 9.125051, 8.965750, 8.804071, 8.620295, 8.457514, 8.307359, 8.219896, 8.118867, 8.015264, 7.930937, 7.840925, 7.718647, 7.585220, 7.459165, 7.320869, 7.147125, 6.971966, 6.795478, 6.619111, 6.442265, 6.265436, 6.088022, 5.905863, 5.725998, 5.583989, 5.486487, 5.425055, 5.400159, 5.392028, 5.394641, 5.445706, 5.498977, 5.570752, 5.655692, 5.742737, 5.857201, 5.957337, 6.067495, 6.203455, 6.332742, 6.468892, 6.609360, 6.749823, 6.909394, 7.043392, 7.155894, 7.240533, 7.293804, 7.318343, 7.299198, 7.241598, 7.167171, 7.031781, 6.876858, 6.713717, 6.505646, 6.296050, 6.102199, 5.896756, 5.685004, 5.472363, 5.215869, 4.929423, 4.615888, 4.241501, 3.829978, 3.408105, 2.976362, 2.580733, 2.182948, 1.827505, 1.572763, 1.236663, 0.893445, 0.548031, 0.193057, 0.216595, 0.479313, 0.762527, 1.052270, 1.339047, 1.611162, 1.835420, 2.038601, 2.242562, 2.434535, 2.613549, 2.763647, 2.805428, 2.799137, 2.767100, 2.684844, 2.567621, 2.396597, 2.161892, 1.889480, 1.574205, 1.088864, 0.810247, 0.400992, 0.021695, 0.443531, 0.869377, 1.289650, 1.701866, 2.111278, 2.504416, 2.870494, 3.221695, 3.547391, 3.839709, 4.101381, 4.346059, 4.630175, 4.757318, 4.894867, 4.950030, 4.958840, 4.929883, 4.873599, 4.734405, 4.469414, 4.174040, 3.908658, 3.452478, 3.022278, 2.538686, 2.032322, 1.496325, 0.909943, 0.345799, 0.234959, 0.826894, 1.393659, 1.944664, 2.483230, 2.969471, 3.429809, 3.836730, 4.191403, 4.492806, 4.755348, 4.980340, 5.119862, 5.208804, 5.264168, 5.295610, 5.284373, 5.222512, 5.144601, 5.014718, 4.860190, 4.688138, 4.498637, 4.350205, 4.113432, 3.873535, 3.647617, 3.417834, 3.207208, 3.001844, 2.801372, 2.616169, 2.436311, 2.267313, 2.121194, 1.985298, 1.856190, 1.742846, 1.643090, 1.541678, 1.448304, 1.354295, 1.284974, 1.224658, 1.186415, 1.169537, 1.136987, 1.122994, 1.104522, 0.925035, 0.952638, 0.940963, 0.907194, 0.848777, 0.767743, 0.664473, 0.512795, 0.346424, 0.157229, 0.059094, 0.300653, 0.583476, 0.877032, 1.193887, 1.548684, 1.918468, 2.286208, 2.659165, 3.048222, 3.458522, 3.873699, 4.308607, 4.720431, 5.196943, 5.505727, 5.902763, 6.285894, 6.650426, 6.985036, 7.328718, 7.631716, 7.885351, 8.192011, 8.409834, 8.623162, 8.834983, 8.970567, 9.051495, 9.013274, 9.077501, 9.017769, 8.790258, 8.724503, 8.493318, 8.039964, 7.899433, 7.550592, 6.986285, 6.822627, 6.477556, 5.928286, 5.780940, 5.470633, 4.996366, 4.894938, 4.471966, 4.303838, 4.190014, 3.830673, 3.639190, 3.614047, 3.298402, 3.129987, 2.925763, 2.720954, 2.502813, 2.283339, 2.058154, 1.848314, 1.668498, 1.299022, 1.025317, 0.772479, 0.532119, 0.339952, 0.175547, 0.028564, 0.085446, 0.165563, 0.186989, 0.222332, 0.248844, 0.300266, 0.376414, 0.477267, 0.601981, 0.661802, 0.692228, 0.719968, 0.683724, 0.618361, 0.498458, 0.326761, 0.099877, 0.195501, 0.558575, 0.991019, 1.483266, 2.026665, 2.597276, 3.168985, 3.729911, 4.289466, 4.836253, 5.332486, 5.789564, 6.195650, 6.523240, 6.797592, 6.995732, 7.139623, 7.214397, 7.213812, 7.159871, 7.031968, 6.845674, 6.619527, 6.334112, 6.026564, 5.673223, 5.378342, 5.061829, 4.738213, 4.414270, 4.072682, 3.714262, 3.319737, 2.867679, 2.279195, 1.773747, 1.206836, 0.566307, 0.077984, 0.690673, 1.277043, 1.813989, 2.276520, 2.615895, 2.922769, 3.101759, 3.176297, 3.192519, 3.146981, 3.016619, 2.989316, 2.883070, 2.790067, 2.723828, 2.676188, 2.672021, 2.693408, 2.734519, 2.804528, 2.901407, 3.007923, 3.148401, 3.304696, 3.480641, 3.677199, 3.836871, 4.068167, 4.248615, 4.413995, 4.553340, 4.652323, 4.664590, 4.788161, 4.811397, 4.698580, 4.643305, 4.670437, 4.392376, 4.231038, 4.025168, 3.790252, 3.543082, 3.278328, 3.011121, 2.736795, 2.470625, 2.205290, 1.953830, 1.727352, 1.512624, 1.324627, 1.161935, 1.025222, 0.900555, 0.784963, 0.688227, 0.613009, 0.544582, 0.479871, 0.407092, 0.338367, 0.266903, 0.200257, 0.136853, 0.088609, 0.044574, 0.008457, 0.029949, 0.055657, 0.074324, 0.091491, 0.098927, 0.111046, 0.136107, 0.174734, 0.239990, 0.289830, 0.389511, 0.496134, 0.611975, 0.736027, 0.876325, 1.007541, 1.142451, 1.280084, 1.407464, 1.507380, 1.641716, 1.742987, 1.826251, 1.910001, 1.981402, 2.043710, 2.112783, 2.164446, 2.211535, 2.241913, 2.306950, 2.315370, 2.309206, 2.344060, 2.249029, 2.176878, 2.101546, 1.959622, 1.805852, 1.638518, 1.502169, 1.346677, 1.156837, 0.984203, 0.816478, 0.627892, 0.440273, 0.254166, 0.069293, 0.114301, 0.297225, 0.480351, 0.664019, 0.845420, 1.024634, 1.203689, 1.378555, 1.554100, 1.730109, 1.903804, 2.076390, 2.212994, 2.325330, 2.334373, 2.395910, 2.373564, 2.316985, 2.254277, 2.168466, 2.076889, 1.970896, 1.862583, 1.728296, 1.577566, 1.305134, 1.254817, 1.071817, 0.739393, 0.511484, 0.402152, 0.039257, 0.091341, 0.481846, 0.724304, 0.830797, 1.204951, 1.436253, 1.651121, 1.832047, 2.019011, 2.076940, 2.335393, 2.491565, 2.615673, 2.729181, 2.834419, 2.905165, 2.958543, 2.992436, 3.019591, 3.018987, 3.015321, 2.991731, 2.953913, 2.897142, 2.849420, 2.741498, 2.675978, 2.614656, 2.545384, 2.460374, 2.338866, 2.325892, 2.209965, 2.083752, 1.970844, 1.877734, 1.802627, 1.748466, 1.715120, 1.675867, 1.634717, 1.592281, 1.548288, 1.522898, 1.508043, 1.496440, 1.484182, 1.469530, 1.433106, 1.392268, 1.350442, 1.308843, 1.268138, 1.227291, 1.185526, 1.144493, 1.103766, 1.027523, 0.907062, 0.776525, 0.632714, 0.439526, 0.340309, 0.186988, 0.048610, 0.087167, 0.222723, 0.347826, 0.481639, 0.619061, 0.758918, 0.911789, 1.061140, 1.216297, 1.376007, 1.528113, 1.678101, 1.824930, 1.952256, 2.071951, 2.182124, 2.256899, 2.330935, 2.405631, 2.458676, 2.489102, 2.538228, 2.568137, 2.547242, 2.541686, 2.468989, 2.378132, 2.275260, 2.170245, 2.037882, 1.890742, 1.706900, 1.505174, 1.296585, 1.060305, 0.807086, 0.527381, 0.207251, 0.210784, 0.408801, 0.695283, 0.948300, 1.176608, 1.378915, 1.525399, 1.635822, 1.679278, 1.698010, 1.694345, 1.669265, 1.619415, 1.507769, 1.384703, 1.235250, 1.076599, 0.783972, 0.605533, 0.422100, 0.216367, 0.034432, 0.187520, 0.393182, 0.643275, 0.902177, 1.152533, 1.413934, 1.666293, 1.934143, 2.209786, 2.462148, 2.697567, 2.940710, 3.212659, 3.476365, 3.720245, 3.960028, 4.194171, 4.422828, 4.644726, 4.836213, 4.984878, 5.051519, 5.090853, 5.086158, 5.035550, 4.968949, 4.879006, 4.761813, 4.593679, 4.393650, 4.158982, 3.885849, 3.588163, 3.256954, 2.902573, 2.522756, 2.140456, 1.759445, 1.378575, 1.029661, 0.684688, 0.348122, 0.025481, 0.259855, 0.512606, 0.713878, 0.877014, 1.010895, 1.104269, 1.163823, 1.197061, 1.168132, 1.103935, 1.003429, 0.844956, 0.698215, 0.546822, 0.351751, 0.134966, 0.026219, 0.232040, 0.438850, 0.647221, 0.855794, 1.066595, 1.278102, 1.492430, 1.708373, 1.925390, 2.143764, 2.363949, 2.585839, 2.805216, 2.989200, 3.117121, 3.253754, 3.343760, 3.411317, 3.460283, 3.492402, 3.501755, 3.498262, 3.476144, 3.445544, 3.286940, 3.338379, 3.281106, 3.219350, 3.150264, 3.059432, 2.959813, 2.856871, 2.740989, 2.533735, 2.494626, 2.384429, 2.292940, 2.213695, 2.182789, 2.084400, 2.172463, 2.205490, 2.171636, 2.281273, 2.240282, 2.353124, 2.376636, 2.292793, 2.368018, 2.331322, 2.208748, 2.277172, 2.104714, 2.008281, 2.015773, 1.698428, 1.509205, 1.470690, 1.066809, 0.825405, 0.764628, 0.321160, 0.050799, 0.248776, 0.555269, 0.904797, 1.252985, 1.618703, 1.983952, 2.331583, 2.664593, 2.950642, 3.214384, 3.458868, 3.689388, 3.890182, 4.087096, 4.250347, 4.394468, 4.527566, 4.625581, 4.682791, 4.690881, 4.655524, 4.594567, 4.503083, 4.390862, 4.250504, 4.096620, 3.916736, 3.727282, 3.512139, 3.288091, 3.061343, 2.830749, 2.522011, 2.240066, 1.951464, 1.638869, 1.366629, 1.085066, 0.795794, 0.507308, 0.234926, 0.015418, 0.198629, 0.379029, 0.519178, 0.623981, 0.717304, 0.775249, 0.828807, 0.874159, 0.917406, 0.948107, 0.988178, 1.014671, 1.035565, 1.057776, 1.079806, 1.077408, 1.027402, 0.977227, 0.942732, 0.913849, 0.876496, 0.824220, 0.769516, 0.723571, 0.661091, 0.464049, 0.438624, 0.292311, 0.099059, 0.134630, 0.396185, 0.709637, 1.085572, 1.509176, 1.988720, 2.534625, 3.143268, 3.829596, 4.588527, 5.422376, 6.620611, 7.352909, 8.442230, 9.608944, 10.825941, 12.119600, 13.458609, 15.227145, 16.260433, 18.034840, 19.426849, 20.787533, 22.124268, 23.421539, 24.665024, 25.852508, 26.982437, 28.058629, 29.081487, 30.043575, 30.958170, 31.859840, 32.654884, 33.400117, 34.080517, 34.677632, 35.201750, 35.649637, 35.964270, 36.241474, 36.401066, 36.419258, 36.308321, 36.084586, 35.807844, 35.415899, 34.982671, 34.483214, 33.921008, 33.272385, 32.546438, 31.754588, 30.911830, 30.041909, 29.175066, 28.343194, 27.562367, 26.903947, 26.338776, 25.874509, 25.526430, 25.309920, 25.210415, 25.202490, 25.312825, 25.529235, 25.797852, 26.252499, 26.564745, 26.984192, 27.387428, 27.773185, 28.153452, 28.500597, 28.787794, 29.052966, 29.310265, 29.542876, 29.710211, 29.858565, 29.994735, 30.133614, 30.273956, 30.401286, 30.504096, 30.577856, 30.585668, 30.507815, 30.346083, 30.065789, 29.707205, 29.251997, 28.703438, 28.063384, 27.328265, 26.530758, 25.679845, 24.826191, 23.993228, 23.180184, 22.390438, 21.311152, 20.893015, 20.167882, 19.447176, 18.723876, 17.990653, 17.226014, 16.453864, 15.676859, 14.892373, 14.116737, 13.340988, 12.581948, 11.829872, 11.123917, 10.207216, 9.892614, 9.383637, 8.918115, 8.526951, 8.190815, 7.891356, 7.658628, 7.328944, 7.283276, 7.009428, 6.884987, 6.868359, 6.717231, 6.723753, 6.774188, 6.844697, 6.921481, 7.026789, 7.032283, 7.010553, 6.938013, 6.806593, 6.642222, 6.455106, 6.255549, 6.027141, 5.783506, 5.536878, 5.285868, 5.038354, 4.792128, 4.576447, 4.379197, 4.201422, 4.042346, 3.896853, 3.770313, 3.647587, 3.570757, 3.508987, 3.443453, 3.381988, 3.322748, 3.261517, 3.211387, 3.126913, 3.031525, 2.941018, 2.843752, 2.737037, 2.626280, 2.488068, 2.356678, 2.200856, 2.053049, 1.896601, 1.721734, 1.538439, 1.348943, 1.125529, 0.929783, 0.738242, 0.484795, 0.388308, 0.220686, 0.061937, 0.081042, 0.202566, 0.325658, 0.422262, 0.497447, 0.545608, 0.578604, 0.604869, 0.610256, 0.589282, 0.563889, 0.495445, 0.413458, 0.305045, 0.176325, 0.049430, 0.076010, 0.199319, 0.321645, 0.437026, 0.555231, 0.674645, 0.791347, 0.904301, 1.020594, 1.141172, 1.258157, 1.371027, 1.484148, 1.596885, 1.710666, 1.756297, 1.775639, 1.775271, 1.741830, 1.691108, 1.618854, 1.582447, 1.543988, 1.429043, 1.457643, 1.431700, 1.415560, 1.397430, 1.379624, 1.297899, 1.356089, 1.331170, 1.252129, 1.256870, 1.334635, 1.288137, 1.313347, 1.359097, 1.413199, 1.444040, 1.485482, 1.505822, 1.514425, 1.529541, 1.534877, 1.497420, 1.450124, 1.398606, 1.333584, 1.253263, 1.154045, 1.037267, 0.926263, 0.780922, 0.636647, 0.499621, 0.353455, 0.188406, 0.031341, 0.128145, 0.305275, 0.456790, 0.614932, 0.778828, 0.936230, 1.078887, 1.208489, 1.322823, 1.415233, 1.500369, 1.574323, 1.628764, 1.655937, 1.656012, 1.637366, 1.595703, 1.483328, 1.358577, 1.201872, 1.036739, 0.867382, 0.698448, 0.489252, 0.213225, 0.063072, 0.358728, 0.655005, 0.940096, 1.223095, 1.495101, 1.766663, 1.961020, 2.184875, 2.362221, 2.534095, 2.650600, 2.697521, 2.682411, 2.581636, 2.416219, 2.200543, 1.931303, 1.595809, 1.204120, 0.749072, 0.063500, 0.278987, 0.876051, 1.510153, 2.207329, 2.954580, 3.729548, 4.546560, 5.380118, 6.550457, 7.041404, 7.839175, 8.619607, 9.336636, 9.985792, 10.821138, 11.087777, 11.514102, 11.881292, 12.147851, 12.344671, 12.462484, 12.515835, 12.482591, 12.387547, 12.215703, 12.026100, 11.855947, 11.698502, 11.527621, 11.378911, 11.243177, 11.151887, 11.067770, 11.008364, 10.973501, 10.949770, 10.948015, 10.939232, 10.939924, 11.004716, 10.897297, 10.907897, 10.776275, 10.684378, 10.582927, 10.385066, 10.172471, 9.966575, 9.719956, 9.484043, 9.198395, 8.893084, 8.503733, 8.126680, 7.713436, 7.277961, 6.811348, 6.310716, 5.853563, 5.364832, 4.885033, 4.399449, 3.918025, 3.428266, 2.937902, 2.451785, 1.975073, 1.501958, 1.044255, 0.579598, 0.107816, 0.350828, 0.807000, 1.260565, 1.692620, 2.107578, 2.500554, 2.917931, 3.178917, 3.467604, 3.758420, 4.011338, 4.219695, 4.401609, 4.566438, 4.718052, 4.851533, 4.964369, 5.064925, 5.154941, 5.227808, 5.285559, 5.309831, 5.335935, 5.344525, 5.333961, 5.333649, 5.346024, 5.336834, 5.302567, 5.285019, 5.249061, 5.219181, 5.197136, 5.165381, 5.093930, 5.016678, 4.884636, 4.725341, 4.507369, 4.260506, 3.990732, 3.698220, 3.350828, 2.981583, 2.573159, 2.142104, 1.706845, 1.290194, 0.857356, 0.432912, 0.007686, 0.399298, 0.784655, 1.147436, 1.476704, 1.789570, 2.065028, 2.303448, 2.627491, 2.575272, 2.612849, 2.598975, 2.502344, 2.352341, 2.162887, 1.948427, 1.711340, 1.475225, 1.245175, 1.022171, 0.831376, 0.656002, 0.483584, 0.362013, 0.139099, 0.010775, 0.150364, 0.297130, 0.392690, 0.553534, 0.537227, 0.698672, 0.616437, 0.580687, 0.741973, 0.764230, 0.631356, 0.585875, 0.567850, 0.492028, 0.436610, 0.383905, 0.311958, 0.249690, 0.190924, 0.117379, 0.052741, 0.018901, 0.083737, 0.136573, 0.178076, 0.155720, 0.267148, 0.307379, 0.348966, 0.372186, 0.375054, 0.349535, 0.324272, 0.270845, 0.214048, 0.133953, 0.053373, 0.027861, 0.118609, 0.207514, 0.306782, 0.407505, 0.475335, 0.522071, 0.571395, 0.579834, 0.559076, 0.511579, 0.443391, 0.342472, 0.226413, 0.087903, 0.067973, 0.232517, 0.407515, 0.573460, 0.732959, 0.909000, 1.083418, 1.274120, 1.470177, 1.669247, 1.848026, 2.025547, 2.183394, 2.309344, 2.412945, 2.483547, 2.529503, 2.548963, 2.536350, 2.509479, 2.443635, 2.430132, 2.278142, 2.183453, 2.088424, 2.000775, 1.911722, 1.828897, 1.735135, 1.620027, 1.552339, 1.448604, 1.324395, 1.207808, 1.087720, 0.959231, 0.894712, 0.738540, 0.633727, 0.566663, 0.457260, 0.390647, 0.350250, 0.329376, 0.349545, 0.371314, 0.409866, 0.455063, 0.533274, 0.632245, 0.737364, 0.956099, 1.059187, 1.173373, 1.293487, 1.372486, 1.562737, 1.721661, 1.903755, 2.109702, 2.306178, 2.502279, 2.700127, 2.895775, 3.083251, 3.246388, 3.374892, 3.484602, 3.558730, 3.574379, 3.552110, 3.510850, 3.435039, 3.322423, 3.192375, 3.041844, 2.900796, 2.714525, 2.519891, 2.327392, 2.133750, 1.940047, 1.747798, 1.563939, 1.375419, 1.173388, 1.004085, 0.816514, 0.630445, 0.446936, 0.263663, 0.079608, 0.092191, 0.241855, 0.358567, 0.456271, 0.587479, 0.604949, 0.705069, 0.823232, 0.924461, 1.033421, 1.142378, 1.233183, 1.336077, 1.429058, 1.523858, 1.614399, 1.718591, 1.803894, 1.884624, 1.958836, 1.992933, 2.026299, 2.045344, 2.057517, 2.037429, 1.998630, 1.931874, 1.854922, 1.665661, 1.611917, 1.490437, 1.349792, 1.216093, 1.090947, 0.831031, 0.769690, 0.602227, 0.411000, 0.221346, 0.013500, 0.194401, 0.393651, 0.599215, 0.793825, 0.970850, 1.145070, 1.316602, 1.467415, 1.618947, 1.741665, 1.925311, 1.975040, 2.014526, 2.046253, 2.046900, 2.015174, 1.962612, 1.859899, 1.757271, 1.614988, 1.463595, 1.326384, 1.177456, 0.981196, 0.740731, 0.437929, 0.198734, 0.082660, 0.366563, 0.672922, 0.888370, 1.102070, 1.356896, 1.556228, 1.747998, 1.922461, 2.112465, 2.288892, 2.463292, 2.629136, 2.766890, 2.907989, 3.060301, 3.178577, 3.314497, 3.440576, 3.561932, 3.679362, 3.776851, 3.838545, 3.874329, 3.894742, 3.903181, 3.912500, 3.925655, 3.882188, 3.842947, 3.777596, 3.705157, 3.619811, 3.534174, 3.429335, 3.293934, 3.159183, 3.014613, 2.834299, 2.639293, 2.425774, 2.198202, 1.958032, 1.707744, 1.453812, 1.206523, 0.964198, 0.749427, 0.544197, 0.346612, 0.067472, 0.017458, 0.179929, 0.316533, 0.437688, 0.546127, 0.621647, 0.668952, 0.691298, 0.677684, 0.640266, 0.578333, 0.493921, 0.383103, 0.270754, 0.142445, 0.019801, 0.123772, 0.259290, 0.405848, 0.551253, 0.709442, 0.852458, 1.006278, 1.147842, 1.292372, 1.420707, 1.557196, 1.667993, 1.777452, 1.860228, 1.929556, 1.956038, 1.995219, 2.014565, 2.033060, 2.074194, 2.055032, 1.931870, 2.019366, 1.973857, 1.940481, 1.900944, 1.842820, 1.776806, 1.713230, 1.538288, 1.583003, 1.530373, 1.473760, 1.446546, 1.413497, 1.368935, 1.208838, 1.293364, 1.225722, 1.158206, 1.077348, 0.984575, 0.910934, 0.822381, 0.729756, 0.650338, 0.568960, 0.479988, 0.066319, 0.161376, 0.229599, 0.548697, 0.539844, 0.891163, 0.895160, 1.093805, 1.452798, 1.458875, 1.649940, 2.020375, 2.217694, 2.406697, 2.600016, 2.797310, 3.015784, 3.231254, 3.453720, 3.665251, 3.872872, 4.088002, 4.257262, 4.417081, 4.574814, 4.687131, 4.788280, 4.826147, 4.815897, 4.777230, 4.684954, 4.611401, 4.479146, 4.319726, 4.156179, 3.994557, 3.803782, 3.577105, 3.333485, 3.050499, 2.749617, 2.446275, 2.142156, 1.865079, 1.646926, 1.431735, 1.292730, 1.155951, 1.016211, 0.882065, 0.748784, 0.620438, 0.516240, 0.418613, 0.356561, 0.287404, 0.268808, 0.225756, 0.219894, 0.223685, 0.224868, 0.219149, 0.218944, 0.200802, 0.108162, 0.011329, 0.097567, 0.219844, 0.340566, 0.460044, 0.553764, 0.627065, 0.690630, 0.739832, 0.772442, 0.777927, 0.783050, 0.773494, 0.785003, 0.781976, 0.786440, 0.796630, 0.819954, 0.824689, 0.842675, 0.855262, 0.874767, 0.877990, 0.875342, 0.863477, 0.849532, 0.838762, 0.838747, 0.797340, 0.831266, 0.823317, 0.809291, 0.776768, 0.740984, 0.716213, 0.672672, 0.569272, 0.539801, 0.450358, 0.346485, 0.248107, 0.075706, 0.017490, 0.185370, 0.253733, 0.401366, 0.538398, 0.768856, 0.837369, 0.994860, 1.224414, 1.337283, 1.470738, 1.659205, 1.736849, 1.723413, 1.797532, 1.791308, 1.739998, 1.663881, 1.564175, 1.429611, 1.269011, 1.088927, 0.920668, 0.706148, 0.517560, 0.314521, 0.098798, 0.112929, 0.325934, 0.537387, 0.751290, 0.961765, 1.173290, 1.381334, 1.590439, 1.798287, 2.008873, 2.213122, 2.393576, 2.536864, 2.680407, 2.798231, 2.880155, 2.948904, 2.994206, 3.025935, 3.049268, 3.060230, 3.066713, 3.039144, 2.996124, 2.917938, 2.823514, 2.691896, 2.547522, 2.418970, 2.182780, 1.975694, 1.768223, 1.556194, 1.321160, 1.111113, 0.895590, 0.695262, 0.487658, 0.298163, 0.113865, 0.050651, 0.180198, 0.285602, 0.378004, 0.454627, 0.514563, 0.531640, 0.524642, 0.511571, 0.476872, 0.482034, 0.388617, 0.340524, 0.286172, 0.251272, 0.199284, 0.156305, 0.114791, 0.080434, 0.037026, 0.018378, 0.070504, 0.118011, 0.141751, 0.153808, 0.150212, 0.143646, 0.132069, 0.097981, 0.034747, 0.073104, 0.061877, 0.043255, 0.019757, 0.027173, 0.076640, 0.133018, 0.171928, 0.220360, 0.282663, 0.378115, 0.423437, 0.396251, 0.424835, 0.426607, 0.414728, 0.402050, 0.380843, 0.346153, 0.308976, 0.271285, 0.229220, 0.181187, 0.127647, 0.064623, 0.007912, 0.019146, 0.116714, 0.184229, 0.282340, 0.376955, 0.455190, 0.528422, 0.578694, 0.624345, 0.661467, 0.679571, 0.629192, 0.673813, 0.664402, 0.586581, 0.567915, 0.598451, 0.516939, 0.479494, 0.449110, 0.406991, 0.377307, 0.341776, 0.308427, 0.276734, 0.232264, 0.197621, 0.147048, 0.094246, 0.021592, 0.059593, 0.153958, 0.269896, 0.405794, 0.545228, 0.697560, 0.838186, 0.992145, 1.137142, 1.298051, 1.457659, 1.622444, 1.804320, 1.998356, 2.195605, 2.393375, 2.601184, 2.804827, 3.012168, 3.213980, 3.401622, 3.594533, 3.779746, 3.955047, 4.107109, 4.275757, 4.412893, 4.538649, 4.654546, 4.753278, 4.837153, 4.893338, 4.937799, 4.955008, 4.961732, 4.941517, 4.884138, 4.790456, 4.670349, 4.550048, 4.428789, 4.305762, 4.155329, 3.954041, 3.716974, 3.455055, 3.245772, 2.933631, 2.637400, 2.332665, 2.016178, 1.706207, 1.396039, 1.101005, 0.830453, 0.564768, 0.315786, 0.091852, 0.060134, 0.237000, 0.390223, 0.518468, 0.648396, 0.798963, 0.916919, 1.024683, 1.071215, 1.091093, 1.067685, 1.004066, 0.921864, 0.847079, 0.778384, 0.700186, 0.589846, 0.443443, 0.413648, 0.326092, 0.203169, 0.189517, 0.072906, 0.026886, 0.034510, 0.036690, 0.048909, 0.028736, 0.054875, 0.009546, 0.025906, 0.078045, 0.136491, 0.221792, 0.293945, 0.390020, 0.492578, 0.592803, 0.693997, 0.802252, 0.911611, 1.034565, 1.164392, 1.292032, 1.397541, 1.500282, 1.602676, 1.694443, 1.765062, 1.828141, 1.904792, 1.998060, 2.099640, 2.209830, 2.319520, 2.431199, 2.528843, 2.611590, 2.692541, 2.771536, 2.836216, 2.903648, 2.951351, 2.999967, 3.035959, 3.064398, 3.071995, 3.103023, 3.089340, 3.089807, 3.077778, 3.067189, 3.041803, 2.994464, 2.936373, 2.850101, 2.738950, 2.544986, 2.455137, 2.316916, 2.179147, 2.039372, 1.880371, 1.729837, 1.568716, 1.405967, 1.228517, 1.052217, 0.863307, 0.692365, 0.514128, 0.341878, 0.192938, 0.039292, 0.105048, 0.258165, 0.408340, 0.546376, 0.660846, 0.758762, 0.835901, 0.897680, 0.935817, 0.966618, 0.963974, 0.944460, 0.922154, 0.883458, 0.800417, 0.711196, 0.605190, 0.471211, 0.343607, 0.238414, 0.106871, 0.027372, 0.162558, 0.299195, 0.435183, 0.571964, 0.709529, 0.847341, 0.987519, 1.125048, 1.257135, 1.363914, 1.458682, 1.547291, 1.636694, 1.718665, 1.792990, 1.888438, 1.957641, 2.052996, 2.135893, 2.205717, 2.280711, 2.387569, 2.431649, 2.494026, 2.506055, 2.589862, 2.629172, 2.589557, 2.639902, 2.636758, 2.590628, 2.652682, 2.599489, 2.566389, 2.602409, 2.519631, 2.485111, 2.458607, 2.428986, 2.388158, 2.353157, 2.289551, 2.217446, 2.127596, 2.010749, 1.914087, 1.746374, 1.612599, 1.476979, 1.333893, 1.176140, 1.044189, 0.897925, 0.763461, 0.630936, 0.494264, 0.350158, 0.187559, 0.052574, 0.082721, 0.204564, 0.316985, 0.430781, 0.540561, 0.631298, 0.729736, 0.810690, 0.888421, 0.946762, 0.996260, 1.036849, 1.085802, 1.115915, 1.151323, 1.185790, 1.207318, 1.230379, 1.249091, 1.247303, 1.231525, 1.216009, 1.182348, 1.134374, 1.090129, 1.058776, 1.004063, 0.936479, 0.862715, 0.780199, 0.703094, 0.615617, 0.538017, 0.468551, 0.402608, 0.335294, 0.275217, 0.232540, 0.190539, 0.160507, 0.143626, 0.109913, 0.089875, 0.067170, 0.033899, 0.018264, 0.000253, 0.028135, 0.050095, 0.089669, 0.137120, 0.182513, 0.219329, 0.254651, 0.291234, 0.328512, 0.362225, 0.395284, 0.412849, 0.426371, 0.441894, 0.472533, 0.498327, 0.521311, 0.542996, 0.561709, 0.589696, 0.613753, 0.641367, 0.661825, 0.628634, 0.707141, 0.725188, 0.745261, 0.708737, 0.760964, 0.756739, 0.766200, 0.769308, 0.742160, 0.719837, 0.700064, 0.673243, 0.562573, 0.609785, 0.505544, 0.475041, 0.533845, 0.501906, 0.400172, 0.402004, 0.443755, 0.366068, 0.441619, 0.386816, 0.403954, 0.488768, 0.443616, 0.467089, 0.564674, 0.534505, 0.575237, 0.633333, 0.689061, 0.740529, 0.804791, 0.872324, 0.941488, 1.029441, 1.150593, 1.185764, 1.256339, 1.318906, 1.373538, 1.439461, 1.495171, 1.527232, 1.552932, 1.577443, 1.601306, 1.623972, 1.636251, 1.642469, 1.642989, 1.633319, 1.615337, 1.596579, 1.579161, 1.564256, 1.528607, 1.487927, 1.433338, 1.358120, 1.289028, 1.196439, 1.096010, 0.995312, 0.905361, 0.835425, 0.750328, 0.699560, 0.659306, 0.624722, 0.585654, 0.549051, 0.505550, 0.439010, 0.347374, 0.252975, 0.149129, 0.058704, 0.027254, 0.095080, 0.160171, 0.216685, 0.266369, 0.310626, 0.356559, 0.412972, 0.485608, 0.574029, 0.696229, 0.952133, 0.979897, 1.022586, 1.081056, 1.150336, 1.230942, 1.316638, 1.422393, 1.516360, 1.608593, 1.711045, 1.808593, 1.881681, 2.058206, 2.036064, 2.127546, 2.225318, 2.330169, 2.453183, 2.617265, 2.893122, 3.026070, 3.240746, 3.491365, 3.740872, 3.976898, 4.221669, 4.479527, 4.821313, 5.000714, 5.265734, 5.627187, 5.910564, 6.102198, 6.436339, 6.599615, 6.826818, 7.074313, 7.170900, 7.312016, 7.339024, 7.349421, 7.319363, 7.199708, 7.091138, 6.751218, 6.405717, 6.140757, 5.551155, 5.055626, 4.524121, 3.984920, 3.444080, 2.889771, 2.320501, 1.749761, 1.153597, 0.541718, 0.077448, 0.699763, 1.324037, 1.927422, 2.531669, 3.124315, 3.690523, 4.232377, 4.702945, 5.196062, 5.685966, 6.181469, 6.632844, 7.083882, 7.488987, 7.908703, 8.288183, 8.666977, 9.019116, 9.369211, 9.695581, 9.998129, 10.275743, 10.520979, 10.735795, 10.929818, 11.100654, 11.243258, 11.353658, 11.400934, 11.453109, 11.473755, 11.474553, 11.437689, 11.358023, 11.246708, 11.122050, 10.955426, 10.754670, 10.539508, 10.288298, 10.006512, 9.715232, 9.415756, 9.096213, 8.767083, 8.412179, 8.070030, 7.729579, 7.378795, 7.018789, 6.652170, 6.283605, 5.919104, 5.562117, 5.212425, 4.877154, 4.559216, 4.261261, 3.982767, 3.532867, 3.523726, 3.255923, 3.044235, 2.858825, 2.702501, 2.573484, 2.472698, 2.378080, 2.299799, 2.239259, 2.180139, 2.162421, 2.133388, 2.091005, 1.969934, 1.983875, 2.050466, 2.047412, 2.044909, 2.064322, 2.059355, 2.050767, 2.020910, 1.986625, 1.952745, 1.913492, 1.867242, 1.816287, 1.760202, 1.602669, 1.545229, 1.491885, 1.545799, 1.385383, 1.327768, 1.361052, 1.186431, 1.101413, 1.128938, 0.914732, 0.836799, 0.658726, 0.527019, 0.392063, 0.259599, 0.120737, 0.003189, 0.113530, 0.208046, 0.281495, 0.332211, 0.357183, 0.381354, 0.366967, 0.353538, 0.339901, 0.305424, 0.243815, 0.178226, 0.064339, 0.088131, 0.266415, 0.443012, 0.612725, 0.779108, 0.899826, 0.971265, 1.046347, 1.115774, 1.204820, 1.329523, 1.461021, 1.617034, 1.772379, 1.928541, 2.084044, 2.240918, 2.387904, 2.522627, 2.639579, 2.713362, 2.742763, 2.767205, 2.764317, 2.724338, 2.673166, 2.590347, 2.494271, 2.360825, 2.098828, 1.900469, 1.680281, 1.427764, 1.155572, 0.854848, 0.552926, 0.243228, 0.057411, 0.371605, 0.683049, 1.000242, 1.327430, 1.654355, 1.976422, 2.299704, 2.619990, 2.960819, 3.289083, 3.634323, 3.961519, 4.296439, 4.571793, 4.886306, 5.169065, 5.387549, 5.605409, 5.823335, 6.046858, 6.273375, 6.474804, 6.656429, 6.772963, 6.880600, 6.917996, 6.910118, 6.864797, 6.787149, 6.583208, 6.477289, 6.243916, 5.968345, 5.644434, 5.284984, 4.890817, 4.295065, 4.042323, 3.584215, 3.114347, 2.632152, 2.162151, 1.494922, 1.226433, 0.784188, 0.176974, 0.237966, 0.443623, 0.973756, 1.151623, 1.603375, 1.884524, 2.103222, 2.287470, 2.436425, 2.544324, 2.622479, 2.671455, 2.694074, 2.683640, 2.654977, 2.600250, 2.499535, 2.381417, 2.271204, 2.119803, 1.973259, 1.843599, 1.687184, 1.530332, 1.370432, 1.207274, 1.044135, 0.879149, 0.713862, 0.546804, 0.381094, 0.242531, 0.163324, 0.089078, 0.028201, 0.023502, 0.063188, 0.082068, 0.105357, 0.128069, 0.153828, 0.166427, 0.165402, 0.170335, 0.173551, 0.172480, 0.165900, 0.167858, 0.174679, 0.190260, 0.204305, 0.226346, 0.264299, 0.318978, 0.377136, 0.448385, 0.508172, 0.572808, 0.639484, 0.703787, 0.775552, 0.830574, 0.895056, 0.983197, 1.022389, 1.006895, 1.103772, 1.141017, 1.189590, 1.237821, 1.274256, 1.307294, 1.339253, 1.368281, 1.384476, 1.402233, 1.360398, 1.328188, 1.291145, 1.252226, 1.122242, 1.176498, 1.145741, 1.127313, 1.041644, 1.032096, 0.976901, 0.906575, 0.826551, 0.750488, 0.657221, 0.564949, 0.464332, 0.373326, 0.268018, 0.064090, 0.093166, 0.007526, 0.074495, 0.161898, 0.235424, 0.411700, 0.346676, 0.380248, 0.531314, 0.452376, 0.574492, 0.586303, 0.483050, 0.590676, 0.594080, 0.497625, 0.586481, 0.574334, 0.562579, 0.542547, 0.524456, 0.492656, 0.453377, 0.412320, 0.362455, 0.310770, 0.252463, 0.184991, 0.119484, 0.066245, 0.005613, 0.083341, 0.179923, 0.077725, 0.034422, 0.150514, 0.272135, 0.404229, 0.530813, 0.643139, 0.776293, 0.905457, 1.049077, 1.210397, 1.385264, 1.560760, 1.747903, 1.940109, 2.147540, 2.341038, 2.534749, 2.707492, 2.872247, 3.026158, 3.155494, 3.271129, 3.355545, 3.428419, 3.486385, 3.539777, 3.573771, 3.595538, 3.603908, 3.606502, 3.597627, 3.590468, 3.457904, 3.343837, 3.194235, 3.010665, 2.781182, 2.526140, 2.265417, 1.999939, 1.720186, 1.435835, 1.158489, 0.906263, 0.675656, 0.351180, 0.281405, 0.128950, 0.000795, 0.101962, 0.178783, 0.234537, 0.261062, 0.261063, 0.209267, 0.114480, 0.000453, 0.135118, 0.288721, 0.441316, 0.587302, 0.722688, 0.858747, 0.970142, 1.055020, 1.125818, 1.177091, 1.188856, 1.176168, 
,,,0.019780, 0.033967, 0.048304, 0.061076, 0.076160, 0.088020, 0.098906, 0.109491, 0.120387, 0.134581, 0.151151, 0.167940, 0.184463, 0.201162, 0.217871, 0.234514, 0.251201, 0.270070, 0.284280, 0.300870, 0.317570, 0.334329, 0.351195, 0.367831, 0.384362, 0.401114, 0.417592, 0.434392, 0.451003, 0.467673, 0.484363, 0.501023, 0.519668, 0.534337, 0.551074, 0.567562, 0.584369, 0.600986, 0.617636, 0.634197, 0.650926, 0.667488, 0.684162, 0.700847, 0.717662, 0.734229, 0.751107, 0.769596, 0.784268, 0.800994, 0.817714, 0.834610, 0.851160, 0.867920, 0.884489, 0.901185, 0.917955, 0.934680, 0.951299, 0.967969, 0.984660, 1.001424, 1.019791, 1.036277, 1.051314, 1.067971, 1.084691, 1.101395, 1.118109, 1.134759, 1.151517, 1.168093, 1.184728, 1.201408, 1.218113, 1.236301, 1.251533, 1.269594, 1.284790, 1.301493, 1.318255, 1.338541, 1.351646, 1.368276, 1.384914, 1.401565, 1.418218, 1.435040, 1.451618, 1.468326, 1.485068, 1.501769, 1.520632, 1.535175, 1.553129, 1.568685, 1.585547, 1.602207, 1.618786, 1.635356, 1.652163, 1.668765, 1.685393, 1.702057, 1.718785, 1.735421, 1.752112, 1.770550, 1.785530, 1.802113, 1.818926, 1.835561, 1.852269, 1.868966, 1.885560, 1.902252, 1.918928, 1.935652, 1.952216, 1.968926, 1.985613, 2.002287, 2.020511, 2.035611, 2.052365, 2.068974, 2.085715, 2.102525, 2.119080, 2.135736, 2.152424, 2.169088, 2.185767, 2.202411, 2.219102, 2.235808, 2.252486, 2.270514, 2.285941, 2.302687, 2.319484, 2.336254, 2.352810, 2.369423, 2.386103, 2.402708, 2.421108, 2.436136, 2.452750, 2.469401, 2.486121, 2.502852, 2.520540, 2.536128, 2.552979, 2.571311, 2.586590, 2.603073, 2.619837, 2.636595, 2.652980, 2.669629, 2.686360, 2.702986, 2.719549, 2.736324, 2.753023, 2.771693, 2.786318, 2.803089, 2.819773, 2.839889, 2.853131, 2.869870, 2.886476, 2.903146, 2.919803, 2.936581, 2.953119, 2.969861, 2.986526, 3.003167, 3.021753, 3.036738, 3.053271, 3.069981, 3.086866, 3.103398, 3.120074, 3.136741, 3.153361, 3.170016, 3.186808, 3.203398, 3.220138, 3.236745, 3.253470, 3.271613, 3.286765, 3.303461, 3.320188, 3.336862, 3.353528, 3.370269, 3.386800, 3.403577, 3.420315, 3.436959, 3.453563, 3.470217, 3.486956, 3.503651, 3.521585, 3.537248, 3.553765, 3.570454, 3.587100, 3.603712, 3.620319, 3.637160, 3.653969, 3.670571, 3.688802, 3.704375, 3.720499, 3.737134, 3.753970, 3.772923, 3.787492, 3.803963, 3.820735, 3.838910, 3.854028, 3.870685, 3.887376, 3.904132, 3.920811, 3.937591, 3.954110, 3.970824, 3.987490, 4.004173, 4.022534, 4.037535, 4.054355, 4.070962, 4.087564, 4.104253, 4.125044, 4.140183, 4.156268, 4.173236, 4.189553, 4.204572, 4.221065, 4.237839, 4.254375, 4.272620, 4.287984, 4.304517, 4.321305, 4.337910, 4.354498, 4.371342, 4.388085, 4.404587, 4.421315, 4.438110, 4.454646, 4.471466, 4.488221, 4.510874, 4.523591, 4.539449, 4.555163, 4.571694, 4.588481, 4.606718, 4.621692, 4.638392, 4.655040, 4.671564, 4.688275, 4.704875, 4.721483, 4.739822, 4.754891, 4.771811, 4.789615, 4.805022, 4.821677, 4.838445, 4.854921, 4.875595, 4.888267, 4.904923, 4.921606, 4.938368, 4.955203, 4.971802, 4.988399, 5.005056, 5.021745, 5.039547, 5.055217, 5.071686, 5.088286, 5.105020, 5.121993, 5.138636, 5.155475, 5.172081, 5.188728, 5.205414, 5.222049, 5.238736, 5.255466, 5.272159, 5.290489, 5.305559, 5.322074, 5.338639, 5.355351, 5.372007, 5.388713, 5.405383, 5.422032, 5.438854, 5.455655, 5.472185, 5.488915, 5.505653, 5.522277, 5.540565, 5.555590, 5.572310, 5.589149, 5.605720, 5.622417, 5.639024, 5.655618, 5.672418, 5.689111, 5.707361, 5.722419, 5.739086, 5.755872, 5.772509, 5.789059, 5.807605, 5.822487, 5.839149, 5.857292, 5.872345, 5.891106, 5.905723, 5.922249, 5.938948, 5.955574, 5.972309, 5.988935, 6.005777, 6.022551, 6.039282, 6.057462, 6.072558, 6.089200, 6.105791, 6.122467, 6.139141, 6.155777, 6.172353, 6.193264, 6.205794, 6.222439, 6.239037, 6.255794, 6.272320, 6.288994, 6.305506, 6.323400, 6.338890, 6.355537, 6.372365, 6.389097, 6.405752, 6.422275, 6.439110, 6.455622, 6.472071, 6.488938, 6.505691, 6.522327, 6.539128, 6.555788, 6.574531, 6.589071, 6.605902, 6.622502, 6.639186, 6.655765, 6.672500, 6.689167, 6.705828, 6.722514, 6.739199, 6.755895, 6.772826, 6.789175, 6.806046, 6.824544, 6.839229, 6.857201, 6.872661, 6.889757, 6.905916, 6.922598, 6.939400, 6.956036, 6.972935, 6.989620, 7.007758, 7.022925, 7.039596, 7.056306, 7.074608, 7.089591, 7.106203, 7.123113, 7.139747, 7.156253, 7.172950, 7.189634, 7.207976, 7.223037, 7.239793, 7.256404, 7.273133, 7.289795, 7.306355, 7.324420, 7.339757, 7.356386, 7.373176, 7.393748, 7.406679, 7.423301, 7.440388, 7.457256, 7.473965, 7.490608, 7.507296, 7.523749, 7.540633, 7.556997, 7.575644, 7.590217, 7.606879, 7.623548, 7.640159, 7.656735, 7.673380, 7.690105, 7.706743, 7.723370, 7.740118, 7.756784, 7.773751, 7.790264, 7.806955, 7.825435, 7.840189, 7.856819, 7.873560, 7.890305, 7.906887, 7.923513, 7.940332, 7.956965, 7.973671, 7.990285, 8.007042, 8.023779, 8.040249, 8.056943, 8.075375, 8.090430, 8.107778, 8.124103, 8.140847, 8.157342, 8.174054, 8.190681, 8.207457, 8.224235, 8.240930, 8.257498, 8.274352, 8.290922, 8.307635, 8.327478, 8.340999, 8.357653, 8.374285, 8.390963, 8.407750, 8.424286, 8.441049, 8.458813, 8.474674, 8.491368, 8.508041, 8.524855, 8.541652, 8.558052, 8.574984, 8.593572, 8.608280, 8.624916, 8.641682, 8.658383, 8.675019, 8.691814, 8.708545, 8.725071, 8.741839, 8.758440, 8.775280, 8.791691, 8.808437, 8.825038, 8.843528, 8.858170, 8.874816, 8.891542, 8.908057, 8.924619, 8.941282, 8.957924, 8.974656, 8.991336, 9.007950, 9.023569, 9.040179, 9.056501, 9.073170, 9.089798, 9.108376, 9.123828, 9.140532, 9.157353, 9.174019, 9.190883, 9.207564, 9.224265, 9.240968, 9.257615, 9.274263, 9.290939, 9.307519, 9.324252, 9.340919, 9.359379, 9.374324, 9.390921, 9.407592, 9.424263, 9.440968, 9.457614, 9.474491, 9.491049, 9.507616, 9.523577, 9.540379, 9.556755, 9.573437, 9.590121, 9.606755, 9.625272, 9.640106, 9.656793, 9.673472, 9.690164, 9.707518, 9.724353, 9.740983, 9.757749, 9.774314, 9.790970, 9.807883, 9.824625, 9.841540, 9.858074, 9.876348, 9.891656, 9.908453, 9.925130, 9.942046, 9.958608, 9.975320, 9.995448, 10.008495, 10.025199, 10.041887, 10.058610, 10.075247, 10.091800, 10.108592, 10.127423, 10.141822, 10.158672, 10.175316, 10.191996, 10.208710, 10.225500, 10.242334, 10.258901, 10.275496, 10.292280, 10.308893, 10.325450, 10.342037, 10.358565, 10.374971, 10.393365, 10.408373, 10.425125, 10.441866, 10.458436, 10.475121, 10.491912, 10.508544, 10.525138, 10.541967, 10.558550, 10.575199, 10.591864, 10.608635, 10.625361, 10.643398, 10.658635, 10.675297, 10.691981, 10.708756, 10.725390, 10.742170, 10.758992, 10.775464, 10.792119, 10.808877, 10.825719, 10.842393, 10.858951, 10.875661, 10.893551, 10.908812, 10.925475, 10.942158, 10.958864, 10.975460, 10.992167, 11.008762, 11.025541, 11.042127, 11.059071, 11.075659, 11.092217, 11.108940, 11.125635, 11.144241, 11.158966, 11.175689, 11.192311, 11.209122, 11.225930, 11.242565, 11.259137, 11.275725, 11.292372, 11.309043, 11.325786, 11.342439, 11.359067, 11.375725, 11.394262, 11.409204, 11.425969, 11.442640, 11.459253, 11.476224, 11.492578, 11.509219, 11.525883, 11.542663, 11.559240, 11.576009, 11.592802, 11.609327, 11.625934, 11.644279, 11.659444, 11.676217, 11.692940, 11.709551, 11.726404, 11.742930, 11.759631, 11.776309, 11.792915, 11.809662, 11.826236, 11.843000, 11.859662, 11.876474, 11.894414, 11.909706, 11.926420, 11.943192, 11.961449, 11.976563, 11.993172, 12.009849, 12.026557, 12.043155, 12.059701, 12.076365, 12.092930, 12.109357, 12.126039, 12.142710, 12.161366, 12.176012, 12.192745, 12.209507, 12.226058, 12.242674, 12.259301, 12.275956, 12.292764, 12.309626, 12.326251, 12.343209, 12.361487, 12.376620, 12.393279, 12.411221, 12.426618, 12.443502, 12.460306, 12.476955, 12.493628, 12.510357, 12.527294, 12.543980, 12.560539, 12.577320, 12.594119, 12.610557, 12.627360, 12.643990, 12.662290, 12.677326, 12.693942, 12.710755, 12.727335, 12.743988, 12.760673, 12.777393, 12.794099, 12.814647, 12.827617, 12.844201, 12.860834, 12.877559, 12.894252, 12.912333, 12.927931, 12.944395, 12.961033, 12.977619, 12.994366, 13.010910, 13.027574, 13.044192, 13.060902, 13.077631, 13.094366, 13.110875, 13.127598, 13.144354, 13.162360, 13.177873, 13.194502, 13.211070, 13.227680, 13.244433, 13.261042, 13.277728, 13.294403, 13.311076, 13.327706, 13.344429, 13.361117, 13.377741, 13.394504, 13.413346, 13.428485, 13.444900, 13.461269, 13.477943, 13.494633, 13.511252, 13.528038, 13.544655, 13.561297, 13.577861, 13.594531, 13.611066, 13.627769, 13.644414, 13.663176, 13.677861, 13.694695, 13.711280, 13.727927, 13.744866, 13.761560, 13.778246, 13.794983, 13.811680, 13.828282, 13.844929, 13.861758, 13.880116, 13.895357, 13.913280, 13.928846, 13.945506, 13.962071, 13.978578, 13.995409, 14.011975, 14.028604, 14.046946, 14.061999, 14.078647, 14.095419, 14.112107, 14.128783, 14.145489, 14.164174, 14.178944, 14.195567, 14.216342, 14.228962, 14.245577, 14.262357, 14.279119, 14.295706, 14.312355, 14.329039, 14.345905, 14.362514, 14.379100, 14.395902, 14.414271, 14.429738, 14.445939, 14.462636, 14.479293, 14.496076, 14.512800, 14.529450, 14.546232, 14.562971, 14.579520, 14.596258, 14.613021, 14.629695, 14.646398, 14.664315, 14.680049, 14.696592, 14.713166, 14.729733, 14.746508, 14.763014, 14.779711, 14.796447, 14.812992, 14.829716, 14.846374, 14.862966, 14.879817, 14.896345, 14.915295, 14.930362, 14.946392, 14.962977, 14.979692, 14.996348, 15.012998, 15.029744, 15.046312, 15.063063, 15.079824, 15.096527, 15.113224, 15.129927, 15.148468, 15.165397, 15.179946, 15.196683, 15.213251, 15.229948, 15.246711, 15.263361, 15.279962, 15.297699, 15.313275, 15.329952, 15.346728, 15.363284, 15.380076, 15.396621, 15.415064, 15.430532, 15.446651, 15.463470, 15.479978, 15.496873, 15.513659, 15.530081, 15.546775, 15.563532, 15.584448, 15.598556, 15.613589, 15.630231, 15.646964, 15.665226, 15.680764, 15.696806, 15.713452, 15.730062, 15.746812, 15.763415, 15.780146, 15.796888, 15.813448, 15.830172, 15.846745, 15.863495, 15.880370, 15.896952, 15.913507, 15.932160, 15.946729, 15.963338, 15.979943, 15.996598, 16.013267, 16.029981, 16.046627, 16.063347, 16.080025, 16.096680, 16.113388, 16.130132, 16.146917, 16.163534, 16.180183, 16.198109, 16.213508, 16.230448, 16.246890, 16.263612, 16.280318, 16.296938, 16.313588, 16.330313, 16.347046, 16.363615, 16.380399, 16.397141, 16.413724, 16.430536, 16.449067, 16.465232, 16.480452, 16.497085, 16.513656, 16.530350, 16.547074, 16.563786, 16.580333, 16.597159, 16.613829, 16.631536, 16.647268, 16.663749, 16.680525, 16.697070, 16.715097, 16.730255, 16.747009, 16.763656, 16.780265, 16.797051, 16.813678, 16.830410, 16.847093, 16.863737, 16.884330, 16.897366, 16.913933, 16.930812, 16.947397, 16.966066, 16.980761, 16.997443, 17.014133, 17.030802, 17.047507, 17.064223, 17.080915, 17.097574, 17.114303, 17.131173, 17.147899, 17.164383, 17.181123, 17.197719, 17.216073, 17.231027, 17.247710, 17.264365, 17.281092, 17.297682, 17.314605, 17.331165, 17.347812, 17.364513, 17.381133, 17.397871, 17.414569, 17.431326, 17.448065, 17.466252, 17.481340, 17.497932, 17.514565, 17.531344, 17.547950, 17.564526, 17.581225, 17.597959, 17.614656, 17.631488, 17.648143, 17.664815, 17.681654, 17.698413, 17.717185, 17.731906, 17.748559, 17.765135, 17.781846, 17.798474, 17.815377, 17.832037, 17.848550, 17.866957, 17.881949, 17.898638, 17.915219, 17.931877, 17.948511, 17.967128, 17.981835, 17.998542, 18.016825, 18.031906, 18.048534, 18.065293, 18.081854, 18.098658, 18.115213, 18.131813, 18.148613, 18.165281, 18.181843, 18.198639, 18.217071, 18.231657, 18.248430, 18.268910, 18.281684, 18.298387, 18.315198, 18.331808, 18.348474, 18.365150, 18.381766, 18.398527, 18.415088, 18.431802, 18.448444, 18.466937, 18.481719, 18.498654, 18.515200, 18.531806, 18.548456, 18.565154, 18.581809, 18.598535, 18.615275, 18.632038, 18.648597, 18.665331, 18.682029, 18.698651, 18.717043, 18.731988, 18.748613, 18.765277, 18.781984, 18.798636, 18.815521, 18.832321, 18.848796, 18.865540, 18.882252, 18.898769, 18.915377, 18.932167, 18.948822, 18.967074, 18.982239, 18.999001, 19.015659, 19.032635, 19.049333, 19.065892, 19.082546, 19.099288, 19.116000, 19.132603, 19.149441, 19.165992, 19.182633, 19.199266, 19.217072, 19.232612, 19.249243, 19.265940, 19.282625, 19.299308, 19.317644, 19.332632, 19.349329, 19.365950, 19.382692, 19.399358, 19.416026, 19.432727, 19.449410, 19.468007, 19.484300, 19.499453, 19.516025, 19.532781, 19.549558, 19.566126, 19.582933, 19.599867, 19.616314, 19.632893, 19.649641, 19.666318, 19.683005, 19.699606, 19.722001, 19.732977, 19.749588, 19.766234, 19.782987, 19.799674, 19.816300, 19.832991, 19.849738, 19.866439, 19.883020, 19.899710, 19.916309, 19.933059, 19.949756, 19.966347, 19.984960, 19.999677, 20.016331, 20.033138, 20.049722, 20.066403, 20.083137, 20.099773, 20.116512, 20.133232, 20.149876, 20.166689, 20.183481, 20.200049, 20.216619, 20.234965, 20.249999, 20.266650, 20.283460, 20.300061, 20.316816, 20.333420, 20.350049, 20.366792, 20.383418, 20.400171, 20.416941, 20.433614, 20.450281, 20.466804, 20.484983, 20.500278, 20.516909, 20.533582, 20.550227, 20.566950, 20.583742, 20.600241, 20.617001, 20.633785, 20.650342, 20.666963, 20.683667, 20.700354, 20.716931, 20.734906, 20.750309, 20.767015, 20.783716, 20.800512, 20.817237, 20.835521, 20.850586, 20.867217, 20.883827, 20.900657, 20.917383, 20.934146, 20.950759, 20.967509, 20.986008, 21.002494, 21.017588, 21.034261, 21.051020, 21.067731, 21.084313, 21.101285, 21.117725, 21.134303, 21.151003, 21.167626, 21.188316, 21.200842, 21.217531, 21.235977, 21.250874, 21.267599, 21.284497, 21.301077, 21.317757, 21.334378, 21.351097, 21.367883, 21.384426, 21.401117, 21.417806, 21.434561, 21.451331, 21.467985, 21.486012, 21.501022, 21.517731, 21.534463, 21.551441, 21.568053, 21.584590, 21.601266, 21.617718, 21.634353, 21.651169, 21.667808, 21.684462, 21.701144, 21.717865, 21.736042, 21.751274, 21.767992, 21.784778, 21.801355, 21.818027, 21.834736, 21.851388, 21.868188, 21.884736, 21.901554, 21.918263, 21.934792, 21.951472, 21.968147, 21.986023, 22.001305, 22.018075, 22.034553, 22.051277, 22.067922, 22.084939, 22.101496, 22.118213, 22.134878, 22.151498, 22.168187, 22.184776, 22.201612, 22.218350, 22.237124, 22.251638, 22.268241, 22.284910, 22.301589, 22.318256, 22.335446, 22.351672, 22.368359, 22.385197, 22.403152, 22.418259, 22.434899, 22.451544, 22.468085, 22.484676, 22.502942, 22.517712, 22.534421, 22.551273, 22.567828, 22.584594, 22.601189, 22.617718, 22.634477, 22.651157, 22.667899, 22.684622, 22.701182, 22.717832, 22.736194, 22.752898, 22.767890, 22.784554, 22.801293, 22.818064, 22.834725, 22.851329, 22.868029, 22.884622, 22.901340, 22.918040, 22.934860, 22.951388, 22.968063, 22.984706, 23.002896, 23.018087, 23.034710, 23.055490, 23.068266, 23.084812, 23.101556, 23.118254, 23.134796, 23.151663, 23.168336, 23.185070, 23.201703, 23.218264, 23.234972, 23.252913, 23.268325, 23.284984, 23.301768, 23.318481, 23.335101, 23.351754, 23.368477, 23.385104, 23.401808, 23.418396, 23.435187, 23.451818, 23.468446, 23.485169, 23.503884, 23.518437, 23.535234, 23.551913, 23.568587, 23.585355, 23.601922, 23.618627, 23.635422, 23.651929, 23.668606, 23.685346, 23.701929, 23.718580, 23.735289, 23.753828, 23.768639, 23.785362, 23.802095, 23.818733, 23.835429, 23.852019, 23.868773, 23.885463, 23.902100, 23.918762, 23.935542, 23.952132, 23.968965, 23.985638, 24.006067, 24.024230, 24.051942, 24.066409, 24.081846, 24.097159, 24.111395, 24.125111, 24.139776, 24.155384, 24.170757, 24.186050, 24.202697, 24.219420, 24.236179, 24.252858, 24.270903, 24.286158, 24.302863, 24.319567, 24.336172, 24.352814, 24.369610, 24.386216, 24.402855, 24.419536, 24.436269, 24.452859, 24.469522, 24.486179, 24.502913, 24.521833, 24.536303, 24.553008, 24.569708, 24.586316, 24.602914, 24.619719, 24.636544, 24.653090, 24.669894, 24.686564, 24.703202, 24.719838, 24.736414, 24.753152, 24.772009, 24.786677, 24.803185, 24.819985, 24.836606, 24.853232, 24.869937, 24.886674, 24.903210, 24.919854, 24.936537, 24.953210, 24.969899, 24.986613, 25.003199, 25.021857, 25.036621, 25.053378, 25.069987, 25.088374, 25.103400, 25.120017, 25.136621, 25.153417, 25.170072, 25.186694, 25.203413, 25.220248, 25.236824, 25.253567, 25.272036, 25.287038, 25.303673, 25.320414, 25.336917, 25.355377, 25.370457, 25.387077, 25.403676, 25.420395, 25.437141, 25.453722, 25.470283, 25.487112, 25.503798, 25.521886, 25.536963, 25.553864, 25.570474, 25.587123, 25.603734, 25.620524, 25.637176, 25.653861, 25.673833, 25.687313, 25.703899, 25.720555, 25.737197, 25.753930, 25.771908, 25.787269, 25.804135, 25.820867, 25.837333, 25.853963, 25.870598, 25.887048, 25.903754, 25.920399, 25.937122, 25.953861, 25.970687, 25.987277, 26.003850, 26.020494, 26.038867, 26.053980, 26.070608, 26.087239, 26.103951, 26.120567, 26.137340, 26.153968, 26.170548, 26.187249, 26.203894, 26.220530, 26.237322, 26.253942, 26.270642, 26.288729, 26.304053, 26.320609, 26.337379, 26.353947, 26.370721, 26.387316, 26.404017, 26.420608, 26.437425, 26.454002, 26.470697, 26.487370, 26.504025, 26.520746, 26.539710, 26.554121, 26.570840, 26.587582, 26.604417, 26.621004, 26.637746, 26.654342, 26.670899, 26.687541, 26.704228, 26.720910, 26.737587, 26.754414, 26.771057, 26.789725, 26.804301, 26.821020, 26.837700, 26.854320, 26.871013, 26.887731, 26.904368, 26.920994, 26.937725, 26.954423, 26.971127, 26.987881, 27.004501, 27.021161, 27.039675, 27.054526, 27.071239, 27.087890, 27.104726, 27.121661, 27.138175, 27.154864, 27.171629, 27.188276, 27.204983, 27.221581, 27.238328, 27.255054, 27.271723, 27.289823, 27.305019, 27.321701, 27.338468, 27.355090, 27.371891, 27.388694, 27.405475, 27.422085, 27.438895, 27.455485, 27.472085, 27.488829, 27.505514, 27.522311, 27.540792, 27.555536, 27.572262, 27.589218, 27.605783, 27.622442, 27.639128, 27.655754, 27.672328, 27.689150, 27.705992, 27.722779, 27.739709, 27.756336, 27.773254, 27.790812, 27.806129, 27.822800, 27.839403, 27.856148, 27.872742, 27.891219, 27.906385, 27.922999, 27.939703, 27.956341, 27.973037, 27.989798, 28.006464, 28.023121, 28.041773, 28.056301, 28.073035, 28.089665, 28.107954, 28.123144, 28.139753, 28.156427, 28.173226, 28.189782, 28.206536, 28.223118, 28.239715, 28.256385, 28.273066, 28.291633, 28.306154, 28.322857, 28.339311, 28.356073, 28.372675, 28.389237, 28.405796, 28.422416, 28.439174, 28.455779, 28.472492, 28.492757, 28.506039, 28.522746, 28.539257, 28.557667, 28.572625, 28.589317, 28.605943, 28.622621, 28.639352, 28.655992, 28.672648, 28.689316, 28.706047, 28.722632, 28.739474, 28.756094, 28.772825, 28.789403, 28.807620, 28.822749, 28.839455, 28.856175, 28.872854, 28.889523, 28.906124, 28.922984, 28.939697, 28.956218, 28.972944, 28.989613, 29.006489, 29.023119, 29.040080, 29.058864, 29.073430, 29.090164, 29.106761, 29.123520, 29.140122, 29.156762, 29.173444, 29.190165, 29.206825, 29.223534, 29.240230, 29.256804, 29.273600, 29.290354, 29.308682, 29.323609, 29.340282, 29.356921, 29.373708, 29.390388, 29.407391, 29.423938, 29.440739, 29.457379, 29.474246, 29.490970, 29.507527, 29.524372, 29.540860, 29.558741, 29.574240, 29.590853, 29.607546, 29.624244, 29.640995, 29.657617, 29.674261, 29.690901, 29.707589, 29.724254, 29.740990, 29.757596, 29.774305, 29.791008, 29.809757, 29.824378, 29.841125, 29.857706, 29.874478, 29.891040, 29.907822, 29.924407, 29.941091, 29.957816, 29.974439, 29.991273, 30.007888, 30.024641, 30.041160, 30.060705, 30.074529, 30.091229, 30.108037, 30.124591, 30.141337, 30.158108, 30.174742, 30.191431, 30.208055, 30.224746, 30.241531, 30.258097, 30.274764, 30.293112, 30.308118, 30.326669, 30.341539, 30.362224, 30.374731, 30.391517, 30.408145, 30.424990, 30.441696, 30.458425, 30.475225, 30.491896, 30.508554, 30.525366, 30.542082, 30.558653, 30.576659, 30.592165, 30.608985, 30.625503, 30.642339, 30.658865, 30.675506, 30.692305, 30.708779, 30.725671, 30.742328, 30.758890, 30.775736, 30.792293, 30.808753, 30.827584, 30.842023, 30.858644, 30.875303, 30.892125, 30.908745, 30.925422, 30.942225, 30.958782, 30.975698, 30.992353, 31.008814, 31.025725, 31.042310, 31.058960, 31.077634, 31.092250, 31.108889, 31.125617, 31.142321, 31.158955, 31.175752, 31.192559, 31.209249, 31.225991, 31.242701, 31.260472, 31.276179, 31.292744, 31.309437, 31.327655, 31.342912, 31.361139, 31.376285, 31.392767, 31.409446, 31.426283, 31.443138, 31.459820, 31.476482, 31.493103, 31.509921, 31.526510, 31.543032, 31.559721, 31.577580, 31.592969, 31.609774, 31.626186, 31.642984, 31.659580, 31.676292, 31.693110, 31.709991, 31.726452, 31.743139, 31.759802, 31.776456, 31.793272, 31.810051, 31.828709, 31.843327, 31.859850, 31.876620, 31.893329, 31.909922, 31.926871, 31.943413, 31.960129, 31.976663, 31.993416, 32.010123, 32.026835, 32.043416, 32.060095, 32.078578, 32.093373, 32.110092, 32.126754, 32.143443, 32.160052, 32.176724, 32.193439, 32.210105, 32.226736, 32.243227, 32.259906, 32.276545, 32.293205, 32.309844, 32.326512, 32.344567, 32.359997, 32.376593, 32.393256, 32.409959, 32.427024, 32.447263, 32.460188, 32.477097, 32.493890, 32.510746, 32.527482, 32.544104, 32.560621, 32.577326, 32.595625, 32.610823, 32.627501, 32.644351, 32.661095, 32.677609, 32.694541, 32.710882, 32.727495, 32.744052, 32.760540, 32.777089, 32.793584, 32.810034, 32.826728, 32.843377, 32.861607, 32.876703, 32.893401, 32.910186, 32.927168, 32.943595, 32.960233, 32.976998, 32.993478, 33.010194, 33.026811, 33.043532, 33.060185, 33.076889, 33.093524, 33.111530, 33.126809, 33.143602, 33.160179, 33.176876, 33.194712, 33.210596, 33.227077, 33.243733, 33.260330, 33.277100, 33.293678, 33.310264, 33.327120, 33.343742, 33.361552, 33.376915, 33.393674, 33.411852, 33.427316, 33.443755, 33.460433, 33.477069, 33.493690, 33.510362, 33.527168, 33.543725, 33.560350, 33.577043, 33.593667, 33.612487, 33.627101, 33.643720, 33.660583, 33.677277, 33.693934, 33.710669, 33.727277, 33.747764, 33.760609, 33.777234, 33.793907, 33.810639, 33.827238, 33.843942, 33.862529, 33.877305, 33.893997, 33.910645, 33.927812, 33.944216, 33.960801, 33.977444, 33.994127, 34.010753, 34.027562, 34.044143, 34.060921, 34.077586, 34.094386, 34.112518, 34.127659, 34.144279, 34.161246, 34.177994, 34.194584, 34.211159, 34.227910, 34.244536, 34.261258, 34.278083, 34.294617, 34.311232, 34.327937, 34.344621, 34.362595, 34.377944, 34.394642, 34.411336, 34.428185, 34.444752, 34.461188, 34.477929, 34.494587, 34.511224, 34.527986, 34.544609, 34.561267, 34.578087, 34.594993, 34.613610, 34.628086, 34.644851, 34.661506, 34.678310, 34.694930, 34.711487, 34.728147, 34.744927, 34.761562, 34.778208, 34.794895, 34.811532, 34.828236, 34.844962, 34.863570, 34.878276, 34.895048, 34.911717, 34.928543, 34.946816, 34.961877, 34.978665, 34.995245, 35.012084, 35.028572, 35.045335, 35.062085, 35.078758, 35.095466, 35.115587, 35.128826, 35.145577, 35.162453, 35.178916, 35.195757, 35.212416, 35.229092, 35.245714, 35.262364, 35.278964, 35.295669, 35.312322, 35.332499, 35.345663, 35.362336, 35.380434, 35.395722, 35.412362, 35.429341, 35.446043, 35.462556, 35.479230, 35.496044, 35.512642, 35.529263, 35.545962, 35.562531, 35.579212, 35.596001, 35.612602, 35.630840, 35.646064, 35.662617, 35.679322, 35.695801, 35.712504, 35.729121, 35.745817, 35.762558, 35.779273, 35.795956, 35.812621, 35.829290, 35.845997, 35.862677, 35.881432, 35.896169, 35.912745, 35.929758, 35.946228, 35.962914, 35.979745, 35.996444, 36.012998, 36.029830, 36.046576, 36.063246, 36.079879, 36.096515, 36.113321, 36.131782, 36.146744, 36.163474, 36.180115, 36.196567, 36.213249, 36.230004, 36.246719, 36.264878, 36.280005, 36.296762, 36.313453, 36.330104, 36.346714, 36.363358, 36.381574, 36.396596, 36.413381, 36.431632, 36.446706, 36.463446, 36.480198, 36.496752, 36.513325, 36.530144, 36.546928, 36.563746, 36.580585, 36.597215, 36.613921, 36.632461, 36.647600, 36.664580, 36.681065, 36.701982, 36.714467, 36.731049, 36.747750, 36.764578, 36.781327, 36.797849, 36.814605, 36.831343, 36.848085, 36.864793, 36.883572, 36.898172, 36.914742, 36.931419, 36.948070, 36.964903, 36.981558, 36.998097, 37.014864, 37.031467, 37.048312, 37.064922, 37.081670, 37.099282, 37.115131, 37.133503, 37.148405, 37.164847, 37.181538, 37.199725, 37.214950, 37.231710, 37.248245, 37.264883, 37.281508, 37.298187, 37.314885, 37.331543, 37.348513, 37.365117, 37.383591, 37.398655, 37.415089, 37.435938, 37.448395, 37.465133, 37.481795, 37.498380, 37.515113, 37.531735, 37.548386, 37.565067, 37.581720, 37.598383, 37.615272, 37.633385, 37.648670, 37.665205, 37.681744, 37.698506, 37.715203, 37.731931, 37.748441, 37.765152, 37.783453, 37.798638, 37.815215, 37.831988, 37.848429, 37.866938, 37.883603, 37.898898, 37.915190, 37.931916, 37.948709, 37.965134, 37.981918, 37.998456, 38.015207, 38.031801, 38.048685, 38.065358, 38.082022, 38.098596, 38.115214, 38.131780, 38.150439, 38.168897, 38.181461, 38.198278, 38.214970, 38.231616, 38.248272, 38.264967, 38.281640, 38.298318, 38.315055, 38.331718, 38.348405, 38.365163, 38.381734, 38.400408, 38.415057, 38.431860, 38.448570, 38.465315, 38.481928, 38.498661, 38.515302, 38.531948, 38.548652, 38.565339, 38.582123, 38.598856, 38.615655, 38.632755, 38.650314, 38.665436, 38.682097, 38.698767, 38.715452, 38.732175, 38.750378, 38.765495, 38.782200, 38.798883, 38.815473, 38.832197, 38.848954, 38.865693, 38.884091, 38.900306, 38.915640, 38.932257, 38.949010, 38.965587, 38.982343, 38.998886, 39.015735, 39.032497, 39.049037, 39.065763, 39.082507, 39.099248, 39.116008, 39.132656, 39.151436, 39.165868, 39.182582, 39.199214, 39.216029, 39.232505, 39.249200, 39.270060, 39.282591, 39.299242, 39.315949, 39.332709, 39.349314, 39.366008, 39.382615, 39.401268, 39.415967, 39.432681, 39.449319, 39.465922, 39.482633, 39.499333, 39.515975, 39.532711, 39.549414, 39.566048, 39.582965, 39.599426, 39.616211, 39.632829, 39.651269, 39.666095, 39.682880, 39.699482, 39.716035, 39.732815, 39.749387, 39.765967, 39.782705, 39.799386, 39.815961, 39.832698, 39.849386, 39.867768, 39.882852, 39.901241, 39.916080, 39.932803, 39.949412, 39.966090, 39.982791, 39.999423, 40.016070, 40.034409, 40.049310, 40.065949, 40.082657, 40.099451, 40.116149, 40.132933, 40.151406, 40.166416, 40.183217, 40.199894, 40.216695, 40.233319, 40.250130, 40.266712, 40.283432, 40.300144, 40.316842, 40.333427, 40.350372, 40.370463, 40.383345, 40.401371, 40.416818, 40.433491, 40.450024, 40.466695, 40.483292, 40.500024, 40.516775, 40.533660, 40.550591, 40.567583, 40.584015, 40.600785, 40.617279, 40.633910, 40.652459, 40.667239, 40.683875, 40.700508, 40.717117, 40.733838, 40.750522, 40.768615, 40.783996, 40.800743, 40.817281, 40.833829, 40.852286, 40.867466, 40.884094, 40.902350, 40.917362, 40.933955, 40.950714, 40.967304, 40.983972, 41.000750, 41.017287, 41.033855, 41.050635, 41.067309, 41.084228, 41.100693, 41.117347, 41.133983, 41.152244, 41.167389, 41.184122, 41.200664, 41.217460, 41.234065, 41.250671, 41.267518, 41.284043, 41.300925, 41.317629, 41.334358, 41.351181, 41.367729, 41.384181, 41.402255, 41.417630, 41.434394, 41.451000, 41.467673, 41.484310, 41.501006, 41.517752, 41.534479, 41.550998, 41.567692, 41.584752, 41.601353, 41.617709, 41.634501, 41.652192, 41.667698, 41.684496, 41.701208, 41.717839, 41.734567, 41.751088, 41.771861, 41.784591, 41.801313, 41.817968, 41.834819, 41.851404, 41.867942, 41.884752, 41.903223, 41.918039, 41.934777, 41.951374, 41.967993, 41.984733, 42.001281, 42.018133, 42.036327, 42.051526, 42.068237, 42.084797, 42.101626, 42.119868, 42.134869, 42.153212, 42.168319, 42.184813, 42.201470, 42.218234, 42.234921, 42.251685, 42.268301, 42.285220, 42.301789, 42.318435, 42.335204, 42.351800, 42.368566, 42.385285, 42.403235, 42.418555, 42.435262, 42.451808, 42.468538, 42.485082, 42.502108, 42.518529, 42.535318, 42.551965, 42.568695, 42.585225, 42.601905, 42.618488, 42.635364, 42.653184, 42.668712, 42.685262, 42.701982, 42.718531, 42.735366, 42.752000, 42.768605, 42.785495, 42.802042, 42.818693, 42.835388, 42.851735, 42.868448, 42.884945, 42.901513, 42.920169, 42.934906, 42.951354, 42.968058, 42.984716, 43.001292, 43.017942, 43.034528, 43.054767, 43.068190, 43.084841, 43.101481, 43.118460, 43.135248, 43.152094, 43.170307, 43.185571, 43.202295, 43.219086, 43.235585, 43.252483, 43.269102, 43.285754, 43.302521, 43.319157, 43.335867, 43.352339, 43.369109, 43.385696, 43.402450, 43.421224, 43.435846, 43.452342, 43.469186, 43.485964, 43.502469, 43.519144, 43.535831, 43.552460, 43.569038, 43.585829, 43.602533, 43.619100, 43.635661, 43.652302, 43.668858, 43.687155, 43.702136, 43.718828, 43.737234, 43.752294, 43.768873, 43.785681, 43.802484, 43.819071, 43.835714, 43.852255, 43.869040, 43.885936, 43.902678, 43.920835, 43.937295, 43.952486, 43.969244, 43.985870, 44.002536, 44.019374, 44.035996, 44.052664, 44.069420, 44.085974, 44.102726, 44.119467, 44.136004, 44.152688, 44.169331, 44.187271, 44.202704, 44.219358, 44.236138, 44.252644, 44.269239, 44.285935, 44.305913, 44.319315, 44.335935, 44.352590, 44.369289, 44.385884, 44.402654, 44.419301, 44.437159, 44.452661, 44.469372, 44.486072, 44.502793, 44.519496, 44.536512, 44.553134, 44.569897, 44.586549, 44.603397, 44.619970, 44.636830, 44.653347, 44.670187, 44.688142, 44.703653, 44.720288, 44.737025, 44.753584, 44.770334, 44.786991, 44.803718, 44.820208, 44.836996, 44.853600, 44.870315, 44.886992, 44.903650, 44.920322, 44.939115, 44.953730, 44.971929, 44.987235, 45.003933, 45.020601, 45.037122, 45.053996, 45.070709, 45.088997, 45.104015, 45.120745, 45.137418, 45.154036, 45.170838, 45.189431, 45.204107, 45.220877, 45.237488, 45.254295, 45.271031, 45.287474, 45.304292, 45.320827, 45.337566, 45.354279, 45.370993, 45.387484, 45.404149, 45.420760, 45.439442, 45.454115, 45.470824, 45.487509, 45.504230, 45.520943, 45.537618, 45.554408, 45.571039, 45.587649, 45.604186, 45.621196, 45.637720, 45.654255, 45.671017, 45.689148, 45.704469, 45.721186, 45.737753, 45.754487, 45.771233, 45.788030, 45.804593, 45.821155, 45.837839, 45.854595, 45.871174, 45.887956, 45.904590, 45.921089, 45.939125, 45.954574, 45.971219, 45.988085, 46.004698, 46.021395, 46.038010, 46.054632, 46.071326, 46.087979, 46.104771, 46.121503, 46.138120, 46.154669, 46.171523, 46.190249, 46.208999, 46.221643, 46.238318, 46.255258, 46.271744, 46.288374, 46.304994, 46.321723, 46.338271, 46.354984, 46.371697, 46.388269, 46.405031, 46.421652, 46.440146, 46.455001, 46.471588, 46.488425, 46.505112, 46.521842, 46.538500, 46.554979, 46.571637, 46.588385, 46.605044, 46.621772, 46.638576, 46.654982, 46.673213, 46.690069, 46.705150, 46.721693, 46.738471, 46.755120, 46.773796, 46.788562, 46.805236, 46.821968, 46.838617, 46.855259, 46.871921, 46.888579, 46.905231, 46.921856, 46.944085, 46.955208, 46.971817, 46.988211, 47.004957, 47.021506, 47.038123, 47.054642, 47.071253, 47.088056, 47.104679, 47.121428, 47.138070, 47.154702, 47.171419, 47.188021, 47.205990, 47.221419, 47.238136, 47.254831, 47.271684, 47.288348, 47.305097, 47.321967, 47.338566, 47.355143, 47.371807, 47.388450, 47.405213, 47.421823, 47.438528, 47.457180, 47.471869, 47.488597, 47.505489, 47.522095, 47.538708, 47.555590, 47.572127, 47.588730, 47.605497, 47.622080, 47.638977, 47.655682, 47.672274, 47.689197, 47.707228, 47.722843, 47.738930, 47.755692, 47.772411, 47.788913, 47.805679, 47.822263, 47.839026, 47.855768, 47.872321, 47.889005, 47.905711, 47.922327, 47.939018, 47.959194, 47.972513, 47.989166, 48.005878, 48.022479, 48.039086, 48.055707, 48.072449, 48.089066, 48.105753, 48.124062, 48.139128, 48.155791, 48.172447, 48.189092, 48.205923, 48.224030, 48.239203, 48.256120, 48.272839, 48.289255, 48.306001, 48.322538, 48.343361, 48.356206, 48.372541, 48.389067, 48.405811, 48.422342, 48.439143, 48.455733, 48.472577, 48.491016, 48.505699, 48.522575, 48.539106, 48.555783, 48.572386, 48.589080, 48.605708, 48.622343, 48.639191, 48.655860, 48.672382, 48.689200, 48.705823, 48.722506, 48.740988, 48.755924, 48.772576, 48.789156, 48.805839, 48.822514, 48.839194, 48.855852, 48.872561, 48.889216, 48.905929, 48.922636, 48.939302, 48.955933, 48.972708, 48.990969, 49.005981, 49.022658, 49.039289, 49.056199, 49.072884, 49.089517, 49.106129, 49.122795, 49.139521, 49.156169, 49.172801, 49.189508, 49.206214, 49.222959, 49.240972, 49.256226, 49.272915, 49.289635, 49.306129, 49.322884, 49.339547, 49.356170, 49.372811, 49.389501, 49.406155, 49.422847, 49.439586, 49.456237, 49.473157, 49.490984, 49.506588, 49.523319, 49.539964, 49.556713, 49.573276, 49.590135, 49.606612, 49.623410, 49.640105, 49.656667, 49.673381, 49.690056, 49.706743, 49.723418, 49.742052, 49.756727, 49.773377, 49.790091, 49.808308, 49.823461, 49.840189, 49.856721, 49.873463, 49.890155, 49.906797, 49.923513, 49.940170, 49.956953, 49.973580, 49.991988, 50.006924, 50.023626, 50.040322, 50.056980, 50.075317, 50.090384, 50.107024, 50.123599, 50.140426, 50.157070, 50.173720, 50.190450, 50.207130, 50.223893, 50.242031, 50.257144, 50.273811, 50.290451, 50.307099, 50.323801, 50.340467, 50.357151, 50.373811, 50.394236, 50.407190, 50.423903, 50.440733, 50.457352, 50.474081, 50.491979, 50.507165, 50.523979, 50.540664, 50.557229, 50.573863, 50.590563, 50.607276, 50.623981, 50.640664, 50.657285, 50.674076, 50.690681, 50.707863, 50.724500, 50.742981, 50.757759, 50.774390, 50.791123, 50.807838, 50.824458, 50.841017, 50.857882, 50.874532, 50.891178, 50.907827, 50.924541, 50.941242, 50.957848, 50.974475, 50.992934, 51.007869, 51.024577, 51.041201, 51.057876, 51.074521, 51.091239, 51.107928, 51.124547, 51.141206, 51.157944, 51.174612, 51.191344, 51.208018, 51.224658, 51.242858, 51.258051, 51.274923, 51.291342, 51.307913, 51.324698, 51.341509, 51.358047, 51.374798, 51.391564, 51.408143, 51.424776, 51.441601, 51.458322, 51.475068, 51.493029, 51.508200, 51.524962, 51.541553, 51.558299, 51.575031, 51.591686, 51.609951, 51.625009, 51.641670, 51.658332, 51.675005, 51.691762, 51.708676, 51.725360, 51.743071, 51.758709, 51.775506, 51.792064, 51.810207, 51.825302, 51.842064, 51.858621, 51.875266, 51.892083, 51.908623, 51.925588, 51.944278, 51.958724, 51.975446, 51.993937, 52.008552, 52.025355, 52.042014, 52.058672, 52.075331, 52.091999, 52.108667, 52.125307, 52.142162, 52.158715, 52.175375, 52.192093, 52.208725, 52.225559, 52.243856, 52.258713, 52.275434, 52.292086, 52.308778, 52.325473, 52.342087, 52.358856, 52.375484, 52.392073, 52.408891, 52.425786, 52.442384, 52.458977, 52.475580, 52.493968, 52.509139, 52.525782, 52.542324, 52.559117, 52.575721, 52.592372, 52.609119, 52.625755, 52.642490, 52.659137, 52.675796, 52.692501, 52.709345, 52.725857, 52.743908, 52.759167, 52.775871, 52.792515, 52.809187, 52.825879, 52.842567, 52.859303, 52.876023, 52.892846, 52.909539, 52.926421, 52.942749, 52.959471, 52.976021, 52.993943, 53.009358, 53.026160, 53.042849, 53.059400, 53.076055, 53.092741, 53.109373, 53.126105, 53.142706, 53.159353, 53.176213, 53.192736, 53.209399, 53.226115, 53.244887, 53.261026, 53.276118, 53.292746, 53.309537, 53.326218, 53.342723, 53.359534, 53.376166, 53.392739, 53.409485, 53.426416, 53.443124, 53.459609, 53.476190, 53.494878, 53.511288, 53.526445, 53.542908, 53.559689, 53.576285, 53.592949, 53.609679, 53.626477, 53.643206, 53.659963, 53.676547, 53.693536, 53.710122, 53.726732, 53.744922, 53.760041, 53.776863, 53.793446, 53.810082, 53.826733, 53.843387, 53.860069, 53.876785, 53.893391, 53.910119, 53.930554, 53.943641, 53.960242, 53.976869, 53.994801, 54.010222, 54.026928, 54.043586, 54.060361, 54.077010, 54.093692, 54.110374, 54.126961, 54.143696, 54.160552, 54.177081, 54.193881, 54.210592, 54.227372, 54.245898, 54.260445, 54.277143, 54.293849, 54.310443, 54.327175, 54.343770, 54.360498, 54.377143, 54.393976, 54.410685, 54.427679, 54.443974, 54.460694, 54.477270, 54.495849, 54.510657, 54.527349, 54.544066, 54.560636, 54.577490, 54.594200, 54.610660, 54.627407, 54.644228, 54.661037, 54.677594, 54.694123, 54.710837, 54.727502, 54.746146, 54.761052, 54.777634, 54.794247, 54.810968, 54.827641, 54.844364, 54.860989, 54.877559, 54.894407, 54.910984, 54.928206, 54.944501, 54.961199, 54.977684, 54.995838, 55.010935, 55.027762, 55.044401, 55.062675, 55.077795, 55.094475, 55.111273, 55.127840, 55.144525, 55.161365, 55.178049, 55.194560, 55.211236, 55.227909, 55.245850, 55.261317, 55.279552, 55.294650, 55.311326, 55.327990, 55.344653, 55.361262, 55.381719, 55.394713, 55.411407, 55.428217, 55.444723, 55.461332, 55.478061, 55.496772, 55.511407, 55.528279, 55.544893, 55.561649, 55.578316, 55.594993, 55.611602, 55.628415, 55.645268, 55.662041, 55.678520, 55.695146, 55.711713, 55.728512, 55.746896, 55.761823, 55.778480, 55.795226, 55.811945, 55.828682, 55.845216, 55.861967, 55.878635, 55.895392, 55.912079, 55.928785, 55.945302, 55.961977, 55.978716, 55.996862, 56.012195, 56.028853, 56.045427, 56.062141, 56.079069, 56.095885, 56.112631, 56.129442, 56.146501, 56.163319, 56.179696, 56.195567, 56.212223, 56.228816, 56.246724, 56.262265, 56.278830, 56.295577, 56.312242, 56.328923, 56.345562, 56.362248, 56.378980, 56.395634, 56.412336, 56.428998, 56.445713, 56.462324, 56.479041, 56.497695, 56.512290, 56.529023, 56.545724, 56.562426, 56.579063, 56.596025, 56.612538, 56.629781, 56.646202, 56.662682, 56.679275, 56.695881, 56.714293, 56.729364, 56.747870, 56.762601, 56.779320, 56.796091, 56.812813, 56.829496, 56.846084, 56.862857, 56.879645, 56.896378, 56.914544, 56.929665, 56.946481, 56.963112, 56.979728, 56.997903, 57.012995, 57.029695, 57.046465, 57.067285, 57.079786, 57.096357, 57.113095, 57.129729, 57.146627, 57.163175, 57.179970, 57.196677, 57.213203, 57.229802, 57.247795, 57.263229, 57.279839, 57.296520, 57.313243, 57.329832, 57.346699, 57.363267, 57.380047, 57.396757, 57.413251, 57.430208, 57.446811, 57.463391, 57.480059, 57.498767, 57.513433, 57.530226, 57.546959, 57.563450, 57.580185, 57.596918, 57.613634, 57.630249, 57.646941, 57.663623, 57.680273, 57.696955, 57.713597, 57.730368, 57.748689, 57.763681, 57.780343, 57.797182, 57.813683, 57.830384, 57.847213, 57.864019, 57.880726, 57.897250, 57.913767, 57.930529, 57.947119, 57.963986, 57.980524, 57.998730, 58.013986, 58.030653, 58.047301, 58.063815, 58.080521, 58.097143, 58.113873, 58.130468, 58.147209, 58.164814, 58.180555, 58.197109, 58.213805, 58.230512, 58.248587, 58.263802, 58.280478, 58.297170, 58.313830, 58.330511, 58.349029, 58.364013, 58.380596, 58.397367, 58.413926, 58.430620, 58.447355, 58.463911, 58.480609, 58.498581, 58.513800, 58.530388, 58.547090, 58.563643, 58.584559, 58.597155, 58.613831, 58.630572, 58.647209, 58.663761, 58.680535, 58.697103, 58.713854, 58.730493, 58.748589, 58.763895, 58.780522, 58.797254, 58.813938, 58.830545, 58.847238, 58.864037, 58.880717, 58.897490, 58.914255, 58.930966, 58.947517, 58.964200, 
12, 20, 1, 0.952140, 0.948875, 0.945020, 0.941718, 0.921910, 0.887711, 0.855269, 0.808809, 0.750028, 0.693415, 0.647813, 0.644119, 0.600384, 0.550476, 0.514958, 0.478121, 0.431122, 0.384879, 0.335698, 0.273277, 0.197429, 0.113320, 0.064372, 0.015476, 0.032378, 0.075267, 0.110869, 0.150569, 0.190163, 0.229793, 0.269963, 0.309882, 0.349897, 0.392012, 0.429669, 0.467316, 0.438145, 0.416487, 0.367968, 0.306283, 0.231740, 0.109262, 0.060197, 0.065801, 0.119454, 0.222968, 0.353520, 0.397952, 0.512595, 0.593370, 0.625713, 0.675202, 0.716252, 0.755204, 0.785943, 0.806125, 0.787526, 0.768648, 0.777613, 0.773391, 0.749454, 0.725931, 0.702624, 0.658766, 0.602974, 0.527425, 0.446051, 0.363472, 0.274259, 0.213111, 0.135230, 0.054117, 0.030475, 0.122233, 0.218207, 0.307402, 0.394329, 0.470197, 0.562945, 0.641867, 0.722477, 0.800938, 0.873007, 0.946339, 0.991246, 1.049342, 1.085649, 1.101263, 1.133981, 1.182072, 1.227522, 1.269922, 1.307573, 1.341035, 1.355400, 1.369837, 1.384299, 1.398767, 1.413078, 1.428219, 1.443189, 1.458023, 1.472771, 1.487373, 1.501724, 1.515956, 1.526237, 1.513578, 1.496718, 1.476745, 1.453409, 1.418944, 1.382032, 1.352008, 1.315575, 1.277858, 1.243165, 1.248906, 1.261491, 1.267687, 1.243819, 1.224535, 1.206651, 1.176533, 1.162575, 1.150970, 1.157826, 1.182662, 1.227397, 1.292065, 1.372862, 1.470560, 1.584381, 1.711576, 1.852028, 1.998934, 2.137910, 2.271350, 2.418271, 2.609500, 2.768102, 2.937770, 3.105153, 3.250934, 3.399595, 3.526498, 3.647069, 3.750906, 3.854602, 3.913671, 3.965191, 3.991890, 3.976503, 3.861474, 3.867523, 3.757047, 3.507449, 3.475119, 3.309179, 2.975395, 2.904253, 2.522046, 2.259611, 2.153080, 1.714497, 1.437785, 1.322024, 0.851856, 0.549913, 0.273031, 0.036445, 0.295741, 0.553236, 0.788945, 1.011409, 1.221781, 1.406290, 1.548081, 1.687394, 1.780492, 1.858525, 1.888233, 1.881864, 1.856607, 1.790867, 1.688680, 1.535793, 1.345511, 1.091809, 0.908029, 0.667666, 0.436545, 0.194874, 0.049586, 0.295349, 0.541423, 0.789202, 1.002457, 1.192800, 1.366939, 1.530528, 1.688744, 1.842603, 1.992531, 2.138956, 2.271987, 2.394434, 2.493648, 2.586063, 2.672996, 2.762214, 2.842073, 2.920045, 2.982952, 3.051333, 3.108128, 3.153367, 3.192293, 3.226391, 3.246396, 3.247800, 3.256335, 3.240667, 3.206606, 3.162031, 3.117311, 3.059109, 2.983118, 2.886425, 2.789104, 2.563853, 2.598375, 2.486388, 2.381716, 2.281309, 2.182025, 2.086924, 1.986540, 1.891899, 1.790318, 1.687581, 1.578606, 1.459406, 1.366629, 1.277508, 1.091559, 1.142129, 1.095677, 1.058246, 1.029309, 1.021993, 1.021698, 1.033554, 1.071134, 1.116787, 1.159451, 1.213408, 1.281189, 1.328507, 1.368568, 1.318166, 1.459771, 1.516205, 1.565362, 1.608799, 1.655063, 1.714298, 1.767459, 1.827409, 1.896571, 1.960396, 1.940565, 2.027404, 2.173386, 2.125836, 2.142663, 2.246872, 2.119602, 2.022994, 1.928487, 1.811209, 1.671040, 1.511063, 1.331269, 1.124353, 0.906783, 0.669269, 0.416360, 0.157007, 0.102000, 0.355606, 0.588877, 0.795350, 1.024212, 1.213409, 1.386962, 1.545423, 1.672316, 1.803293, 1.921174, 2.017354, 2.113401, 2.182765, 2.245067, 2.279599, 2.302637, 2.287830, 2.256639, 2.202034, 2.146119, 2.073584, 2.004824, 1.943211, 1.890536, 1.838221, 2.159495, 2.160319, 2.205805, 2.242617, 2.269481, 2.296483, 2.330167, 2.349205, 2.362735, 2.386984, 2.420879, 2.453461, 2.501091, 2.558003, 2.609390, 2.689825, 2.768768, 2.849518, 2.927448, 3.003111, 3.174911, 3.145885, 3.206624, 3.257127, 3.279784, 3.309046, 3.321731, 3.328402, 3.318499, 3.323374, 3.313384, 3.272376, 3.236729, 3.199158, 3.150706, 3.167555, 3.048489, 2.958657, 2.876166, 2.782550, 2.699266, 2.599444, 2.492573, 2.398138, 2.287139, 2.169826, 2.049850, 1.917154, 1.803625, 1.686750, 1.616434, 1.459631, 1.347736, 1.233187, 1.104503, 1.007711, 0.829097, 0.687933, 0.497031, 0.293554, 0.106185, 0.104703, 0.337399, 0.544147, 0.734029, 0.927272, 1.121183, 1.278127, 1.444565, 1.522450, 1.602860, 1.722732, 1.703445, 1.711056, 1.719145, 1.654456, 1.575915, 1.459165, 1.313639, 1.122856, 0.896917, 0.654688, 0.371046, 0.064659, 0.268437, 0.617369, 0.945364, 1.325657, 1.699638, 2.060150, 2.427921, 2.796413, 3.146449, 3.600156, 3.806772, 4.115952, 4.419201, 4.699973, 4.969549, 5.215240, 5.441055, 5.654866, 5.842516, 6.024298, 6.136179, 6.195188, 6.236627, 6.274839, 6.299880, 6.337747, 6.402449, 6.505634, 6.633742, 6.801849, 6.976711, 7.200648, 7.439448, 7.687328, 7.950530, 8.192591, 8.432158, 8.663544, 8.905118, 9.134680, 9.305060, 9.461027, 9.599437, 9.732654, 9.615249, 9.714813, 9.859562, 10.033740, 10.171182, 10.286749, 10.352782, 10.385506, 10.361856, 10.285318, 10.139222, 9.906409, 9.457799, 9.247247, 8.830056, 8.340129, 7.799974, 7.220002, 6.623977, 6.013591, 5.403755, 4.777688, 4.139040, 3.506110, 2.898456, 2.327450, 1.776554, 1.078879, 0.712454, 0.202431, 0.288038, 0.780726, 1.267668, 1.772521, 2.296509, 2.828368, 3.360416, 4.079367, 4.472621, 5.048138, 5.864042, 6.306956, 7.232163, 8.002158, 8.813883, 9.666222, 10.526879, 11.121739, 12.287173, 13.170720, 14.069550, 14.971784, 15.844054, 16.690144, 17.485032, 18.236399, 18.922018, 19.546986, 20.095575, 20.592117, 21.066332, 21.523838, 21.978598, 22.406476, 22.799712, 23.171348, 23.487013, 23.760120, 24.002963, 24.184166, 24.314054, 24.429785, 24.518481, 24.539843, 24.530545, 24.513876, 24.445597, 24.341666, 24.226026, 24.164394, 24.123490, 24.097744, 24.085806, 24.083507, 24.121627, 24.186987, 24.254170, 24.332697, 24.414443, 24.494925, 24.590674, 24.687784, 24.777025, 24.854590, 24.912822, 24.950144, 24.972805, 24.951112, 24.872498, 24.762624, 24.606829, 24.417771, 24.203282, 23.948860, 23.651811, 23.283028, 22.866830, 22.392525, 21.844221, 21.206743, 20.480952, 19.682698, 18.787834, 17.771527, 16.668232, 15.474604, 14.206834, 12.429687, 11.513674, 10.117405, 8.735122, 7.365285, 6.017129, 4.704678, 3.447927, 2.279037, 0.819010, 0.141238, 0.823081, 1.745127, 2.607467, 3.411465, 4.407301, 4.877363, 5.573703, 6.247957, 6.929366, 7.623823, 8.362192, 9.124881, 9.885693, 10.618522, 11.332345, 12.012299, 12.664701, 13.292268, 13.879833, 14.394769, 14.955865, 15.178534, 15.480521, 15.560611, 15.583882, 15.570418, 15.408920, 15.172691, 14.857798, 14.472664, 13.876162, 13.532166, 12.960643, 12.319330, 11.646477, 10.699736, 10.213103, 9.459468, 8.424203, 7.896579, 7.105704, 6.044960, 5.512666, 4.699178, 3.647791, 2.881774, 2.126311, 1.384813, 0.660930, 0.045942, 0.724479, 1.358305, 1.940988, 2.463888, 2.942949, 3.377391, 3.770822, 4.118054, 4.444499, 4.734665, 5.004257, 5.261296, 5.526172, 5.770938, 6.016967, 6.272557, 6.564172, 6.866803, 7.197704, 7.560627, 7.947161, 8.354364, 8.799271, 9.252003, 9.709022, 10.169345, 10.638764, 11.112901, 11.565848, 12.006086, 12.406035, 12.781669, 13.123547, 13.427209, 13.693178, 13.928713, 14.120666, 14.292824, 14.424609, 14.534926, 14.575954, 14.620303, 14.657367, 14.641019, 14.610780, 14.591066, 14.539939, 14.465653, 14.379543, 14.293590, 14.216553, 14.147751, 14.097598, 14.048607, 13.990949, 13.959655, 13.934168, 13.910969, 13.891048, 13.869289, 13.898537, 13.841461, 13.840602, 13.846999, 13.854629, 13.878049, 13.897730, 13.903569, 13.906001, 13.889336, 13.847651, 13.783952, 13.688762, 13.577282, 13.435120, 13.268619, 13.064264, 12.923776, 12.719479, 12.508633, 12.292154, 12.072154, 11.868094, 11.699805, 11.532770, 11.334552, 11.138265, 10.958245, 10.790378, 10.630770, 10.527107, 10.392704, 10.269368, 10.118655, 9.950243, 9.810243, 9.671512, 9.513575, 9.342026, 9.172503, 8.998817, 8.773244, 8.510190, 8.292273, 8.018726, 7.746222, 7.488304, 7.221059, 6.982931, 6.701541, 6.415973, 6.128233, 5.828140, 5.538948, 5.217080, 4.881400, 4.514057, 4.135860, 3.733131, 3.297000, 2.825254, 2.328099, 1.784939, 1.227653, 0.663801, 0.091040, 0.502189, 1.097648, 1.708665, 2.319129, 2.948834, 3.554947, 4.168595, 4.783029, 5.370720, 5.945316, 6.506433, 7.046606, 7.582336, 8.061984, 8.538537, 9.005219, 9.417847, 9.808124, 10.211810, 10.586348, 10.948102, 11.249431, 11.530494, 11.782674, 12.024328, 12.222603, 12.397780, 12.592641, 12.720971, 12.781953, 12.808884, 12.805422, 12.746589, 12.635845, 12.468360, 12.258388, 12.013799, 11.740458, 11.283523, 11.058420, 10.506484, 10.315020, 9.913839, 9.494143, 9.059650, 8.605504, 8.166564, 7.735365, 7.312956, 6.929306, 6.573022, 6.233160, 5.903354, 5.613635, 5.326226, 4.900822, 4.786076, 4.552009, 4.351442, 4.175669, 4.026275, 3.883135, 3.757487, 3.656070, 3.567245, 3.488425, 3.421751, 3.348615, 3.211124, 3.231034, 3.126878, 3.077289, 3.109367, 3.053945, 2.909904, 2.908485, 2.814273, 2.640698, 2.613439, 2.405406, 2.282274, 2.245322, 1.976987, 1.782332, 1.562261, 1.307457, 1.041724, 0.774321, 0.504096, 0.233865, 0.029300, 0.269483, 0.523292, 0.753645, 0.973106, 1.162596, 1.350090, 1.517977, 1.685124, 1.846636, 2.006945, 2.152689, 2.282029, 2.423724, 2.534404, 2.620878, 2.701840, 2.788907, 2.857175, 2.909283, 2.943156, 2.958576, 2.997328, 2.999503, 2.991498, 2.958194, 2.898163, 2.822861, 2.744282, 2.642883, 2.522339, 2.384188, 2.251375, 2.149308, 2.039256, 1.925117, 1.817718, 1.718892, 1.628375, 1.547512, 1.476970, 1.416547, 1.367053, 1.328720, 1.301400, 1.286418, 1.283386, 1.292602, 1.314035, 1.351608, 1.424506, 1.545876, 1.705221, 1.891551, 2.113014, 2.367003, 2.648522, 2.933022, 3.215971, 3.512322, 3.786693, 4.061841, 4.300461, 4.539149, 4.733435, 4.869099, 4.986982, 5.104394, 5.221616, 5.338882, 5.418050, 5.466444, 5.454050, 5.415378, 5.344171, 5.240265, 5.094905, 4.907578, 4.715645, 4.504790, 4.280012, 4.036497, 3.789939, 3.515312, 3.235229, 2.798097, 2.633640, 2.204167, 1.888779, 1.740204, 1.469571, 1.063451, 0.940747, 0.720090, 0.387501, 0.307638, 0.039687, 0.118465, 0.163807, 0.378030, 0.492536, 0.592471, 0.694256, 0.765756, 0.830688, 0.872486, 0.893248, 0.902747, 0.896625, 0.859911, 0.805270, 0.707246, 0.630851, 0.513909, 0.373083, 0.233087, 0.118233, 0.003334, 0.146882, 0.289988, 0.432951, 0.576503, 0.637138, 0.822632, 0.986064, 1.125142, 1.241673, 1.358836, 1.483145, 1.598699, 1.691657, 1.762840, 1.829293, 1.869443, 1.910787, 1.923152, 1.916524, 1.890643, 1.836788, 1.769314, 1.681814, 1.578091, 1.470107, 1.345775, 1.222739, 1.095795, 0.980698, 0.863730, 0.771091, 0.685872, 0.589157, 0.489510, 0.418147, 0.355494, 0.304124, 0.251558, 0.202447, 0.149829, 0.101194, 0.067008, 0.050622, 0.046809, 0.059225, 0.075974, 0.120857, 0.184093, 0.262060, 0.346796, 0.461327, 0.565153, 0.690864, 0.815833, 0.941169, 1.060108, 1.177197, 1.319827, 1.339927, 1.476914, 1.553055, 1.614021, 1.641980, 1.668699, 1.681873, 1.684511, 1.685023, 1.688425, 1.690593, 1.692349, 1.637758, 1.695650, 1.439267, 1.285638, 1.324134, 1.154338, 1.104073, 0.932941, 0.748377, 0.533451, 0.282740, 0.009815, 0.278112, 0.612176, 0.963840, 1.342371, 1.761069, 2.187485, 2.774942, 3.139361, 3.664288, 4.325082, 4.765662, 5.351995, 6.063916, 6.558632, 7.174914, 7.894468, 8.359305, 9.005618, 9.522320, 9.928411, 10.429215, 10.781043, 11.064966, 11.350096, 11.534891, 11.661994, 11.711472, 11.689514, 11.591338, 11.403187, 11.116900, 10.765968, 10.345320, 9.868403, 9.321833, 8.733974, 8.089112, 7.425062, 6.745480, 6.051709, 5.383632, 4.753803, 4.143940, 3.598770, 3.112689, 2.704676, 2.348619, 2.060748, 1.843100, 1.696395, 1.620144, 1.610656, 1.662621, 1.754741, 1.901168, 2.073125, 2.262658, 2.489815, 2.719519, 2.960082, 3.212365, 3.451369, 3.680467, 3.920365, 4.137719, 4.326948, 4.495883, 4.632708, 4.728486, 4.778704, 4.784424, 4.749083, 4.670924, 4.561418, 4.422052, 4.251914, 4.056504, 3.832591, 3.597106, 3.340174, 3.059943, 2.534150, 2.495497, 2.194071, 1.964179, 1.646946, 1.401602, 1.197636, 1.029763, 0.882275, 0.776592, 0.730636, 0.709498, 0.717558, 0.750689, 0.812148, 0.898969, 0.854801, 1.122690, 1.291153, 1.350403, 1.464201, 1.572688, 1.669755, 1.774376, 1.855773, 1.937114, 2.009735, 2.065732, 2.110466, 2.115764, 2.126521, 1.884949, 2.050831, 1.979302, 1.881853, 1.747893, 1.587997, 1.393227, 1.157523, 0.918403, 0.691409, 0.438955, 0.176779, 0.210135, 0.311044, 0.511291, 0.935962, 0.816665, 0.885479, 0.910786, 0.889002, 0.825797, 0.734092, 0.586781, 0.567070, 0.246227, 0.054661, 0.043099, 0.383322, 0.605136, 0.697329, 0.866625, 1.043017, 1.197912, 1.335832, 1.453342, 1.531639, 1.572100, 1.567478, 1.518170, 1.405168, 1.237625, 1.005384, 0.723584, 0.421157, 0.086573, 0.260510, 0.620422, 0.987301, 1.365879, 1.728049, 2.088436, 2.430435, 2.746918, 3.020814, 3.260248, 3.456788, 3.632252, 3.754341, 3.833032, 3.858794, 3.850656, 3.766395, 3.659748, 3.511923, 3.355122, 3.158457, 2.951021, 2.723784, 2.491705, 2.210221, 2.024968, 1.795833, 1.561764, 1.368731, 1.170925, 1.023727, 0.812142, 0.654075, 0.508546, 0.358021, 0.227224, 0.104943, 0.009774, 0.052787, 0.094548, 0.099014, 0.085566, 0.054596, 0.012087, 0.053716, 0.144945, 0.374268, 0.315464, 0.431041, 0.544819, 0.817662, 0.787771, 0.923485, 1.226720, 1.211176, 1.372613, 1.661524, 1.646534, 1.905102, 2.013990, 1.979630, 2.219673, 2.166654, 2.256554, 2.464160, 2.409213, 2.472139, 2.632924, 2.689234, 2.795541, 2.866514, 2.931691, 3.010680, 3.099712, 3.192169, 3.248212, 3.363056, 3.450493, 3.548060, 3.660714, 3.777605, 3.905669, 4.046766, 4.191485, 4.354964, 4.513963, 4.667033, 4.807468, 4.939417, 5.064509, 5.159857, 5.268767, 5.357730, 5.413254, 5.444948, 5.450968, 5.433167, 5.368399, 5.280051, 5.144835, 5.072473, 4.942098, 4.818307, 4.662076, 4.495980, 4.319922, 4.153892, 3.991749, 3.854958, 3.736451, 3.619729, 3.539801, 3.497942, 3.476302, 3.472868, 3.537227, 3.623878, 3.720410, 3.827431, 3.945045, 4.105178, 4.298473, 4.472824, 4.663582, 4.881324, 5.102262, 5.329754, 5.558609, 5.789625, 6.009374, 6.148478, 6.244903, 6.301051, 6.317541, 6.275943, 6.150963, 5.841814, 5.642080, 5.474590, 5.142730, 4.773970, 4.360529, 3.903275, 3.436051, 2.941585, 2.427894, 1.906673, 1.379353, 0.831195, 0.308378, 0.207323, 0.922766, 1.185039, 1.656324, 2.107063, 2.547115, 2.970768, 3.365180, 3.740736, 4.103035, 4.425403, 4.726204, 4.999609, 5.251737, 5.468416, 5.699192, 5.905941, 6.245284, 6.324281, 6.536148, 6.748028, 6.989340, 7.245463, 7.549346, 7.868600, 8.235697, 8.621992, 9.012832, 9.612856, 9.826263, 10.210366, 10.547898, 10.816774, 11.123327, 11.109744, 11.110749, 11.031313, 10.832513, 10.617141, 10.299210, 9.859424, 9.504114, 9.071306, 8.549971, 8.166366, 7.587696, 7.048641, 6.593600, 5.851714, 5.205174, 4.507678, 3.785006, 3.046719, 2.238404, 1.548546, 0.814354, 0.115445, 0.526688, 1.101398, 1.634530, 2.107887, 2.512939, 2.807403, 3.079048, 3.312919, 3.453665, 3.523447, 3.559734, 3.539001, 3.478334, 3.357504, 3.191141, 2.990828, 2.746796, 2.462280, 2.160173, 1.807590, 1.444806, 1.059194, 0.659818, 0.254661, 0.154838, 0.563578, 0.971465, 1.373737, 1.762077, 2.133351, 2.494118, 2.842539, 3.161776, 3.465691, 3.734476, 3.977364, 4.178152, 4.356013, 4.499341, 4.598106, 4.668621, 4.718065, 4.729622, 4.713724, 4.682769, 4.641129, 4.552243, 4.443192, 4.309104, 4.150431, 3.975528, 3.793723, 3.598808, 3.414228, 3.223633, 3.031249, 2.831419, 2.623654, 2.362250, 2.105563, 1.840853, 1.601982, 1.355202, 1.043489, 0.789907, 0.598322, 0.396871, 0.248796, 0.018871, 0.177034, 0.349209, 0.522050, 0.718828, 0.917801, 1.118985, 1.309555, 1.507805, 1.700515, 1.878626, 2.050872, 2.217484, 2.402510, 2.499114, 2.698952, 2.836631, 2.959138, 3.061902, 3.151248, 3.234160, 3.302731, 3.361564, 3.407863, 3.454300, 3.511815, 3.584277, 3.655780, 3.758806, 3.806601, 3.989093, 4.138800, 4.268081, 4.371073, 4.432877, 4.604990, 4.583628, 4.616089, 4.733157, 4.590975, 4.551711, 4.455982, 4.348291, 4.224899, 4.095865, 3.938421, 3.760456, 3.559539, 3.379677, 3.169162, 2.967085, 2.757193, 2.547741, 2.350347, 2.153059, 1.954331, 1.767912, 1.587295, 1.419650, 1.268966, 1.134523, 0.985212, 0.845259, 0.688136, 0.532586, 0.381081, 0.240394, 0.126895, 0.021507, 0.086536, 0.166194, 0.242577, 0.335841, 0.416222, 0.500052, 0.571069, 0.630494, 0.695458, 0.756266, 0.831270, 0.901824, 0.958583, 1.037889, 1.106860, 1.183952, 1.249409, 1.306865, 1.363014, 1.421776, 1.490147, 1.566857, 1.662666, 1.784614, 1.914877, 2.070897, 2.249562, 2.454577, 2.672606, 2.902049, 3.139489, 3.379074, 3.622137, 3.860400, 4.083080, 4.290851, 4.476027, 4.643775, 4.795466, 4.953552, 5.108005, 5.258801, 5.547801, 5.589634, 5.732666, 5.855590, 5.954747, 6.019875, 6.066777, 6.068493, 6.089278, 5.954542, 5.855060, 5.674525, 5.502235, 5.279736, 5.032850, 4.782722, 4.537339, 4.293069, 4.048032, 3.795749, 3.479992, 3.058829, 2.789266, 2.462058, 2.160082, 1.810839, 1.542815, 1.170715, 0.862108, 0.590488, 0.321635, 0.101597, 0.118608, 0.342551, 0.559292, 0.777494, 0.992239, 1.180640, 1.393537, 1.585897, 1.792820, 1.989118, 2.135144, 2.272251, 2.381868, 2.478525, 2.544325, 2.585052, 2.613209, 2.618933, 2.594515, 2.558693, 2.510951, 2.452166, 2.373921, 2.282912, 2.168217, 2.059680, 1.941783, 1.816661, 1.683230, 1.541680, 1.374814, 1.213263, 1.059514, 0.902501, 0.741171, 0.589330, 0.432634, 0.271812, 0.137284, 0.000032, 0.113463, 0.223802, 0.311369, 0.406370, 0.493664, 0.564507, 0.650773, 0.711438, 0.782130, 0.842289, 0.890767, 0.936298, 0.971476, 0.998011, 1.018181, 1.013145, 1.039922, 1.044398, 1.042535, 1.034455, 1.022416, 1.002632, 0.989634, 0.972419, 0.953343, 0.927666, 0.951396, 0.890928, 0.882899, 0.872855, 0.915535, 0.893950, 0.924658, 0.961683, 1.001870, 1.054317, 1.111214, 1.171015, 1.246182, 1.316269, 1.383017, 1.661274, 1.651043, 1.724963, 1.788554, 1.851400, 1.909339, 1.935048, 1.956092, 1.952422, 1.931993, 1.897204, 1.851016, 1.782530, 1.690481, 1.577721, 1.444102, 1.287984, 1.152990, 0.984153, 0.800397, 0.615906, 0.426819, 0.203829, 0.028740, 0.249023, 0.479445, 0.719285, 0.932638, 1.153164, 1.351802, 1.511710, 1.669892, 1.772860, 1.916068, 1.993440, 2.098323, 2.190641, 2.280615, 2.361975, 2.445690, 2.509168, 2.566444, 2.616038, 2.652486, 2.679259, 2.694302, 2.690766, 2.693578, 2.678338, 2.644733, 2.601221, 2.574925, 2.490730, 2.419858, 2.345255, 2.267538, 2.187790, 2.104086, 2.034848, 1.975005, 1.916392, 1.881129, 1.792161, 1.710341, 1.628865, 1.548415, 1.450321, 1.351635, 1.246199, 1.132738, 1.012510, 0.900736, 0.776641, 0.664261, 0.497988, 0.460850, 0.374890, 0.287212, 0.205052, 0.127054, 0.042593, 0.020900, 0.072624, 0.118643, 0.157772, 0.184534, 0.217827, 0.236698, 0.247923, 0.232190, 0.213943, 0.185044, 0.132761, 0.070231, 0.017212, 0.061075, 0.146074, 0.254295, 0.383239, 0.515552, 0.651483, 0.792208, 0.920291, 1.043971, 1.161337, 1.229104, 1.380256, 1.472540, 1.573312, 1.659887, 1.741621, 1.820888, 1.894191, 1.964655, 2.019307, 2.076661, 2.106344, 2.128775, 2.136552, 2.129723, 2.014803, 2.086510, 2.035884, 2.001995, 1.952045, 1.886130, 1.800545, 1.718570, 1.628627, 1.525098, 1.392262, 1.261299, 1.132288, 0.868088, 0.856134, 0.587742, 0.465546, 0.460308, 0.341009, 0.091422, 0.094586, 0.021234, 0.303705, 0.322135, 0.586146, 0.751494, 0.760591, 0.999809, 1.086266, 1.047803, 1.219000, 1.247054, 1.259381, 1.271799, 1.277850, 1.275497, 1.242555, 1.250597, 1.220385, 1.173205, 1.119648, 1.060709, 0.991005, 0.935639, 0.899775, 0.909352, 0.867104, 0.868045, 0.885030, 0.880675, 0.855415, 0.819079, 0.744312, 0.656825, 0.563223, 0.454459, 0.349680, 0.245238, 0.150864, 0.067891, 0.026794, 0.011545, 0.026425, 0.019072, 0.013432, 0.073915, 0.131772, 0.222980, 0.319852, 0.424824, 0.558479, 0.714133, 0.879244, 1.049993, 1.233141, 1.425544, 1.614414, 1.833658, 2.040093, 2.259988, 2.460075, 2.671622, 2.883268, 3.081530, 3.289123, 3.473109, 3.638003, 3.778089, 3.861515, 3.905300, 3.904896, 3.950919, 3.831009, 3.763782, 3.672265, 3.564585, 3.446203, 3.302136, 3.184571, 3.054772, 2.911598, 2.765046, 2.625020, 2.486141, 2.351885, 2.205794, 2.051725, 1.877822, 1.713846, 1.542938, 1.368321, 1.184693, 1.021422, 0.863806, 0.709221, 0.520928, 0.344312, 0.210301, 0.092144, 0.028929, 0.136336, 0.185836, 0.311663, 0.382908, 0.441245, 0.503184, 0.497441, 0.596661, 0.540097, 0.490805, 0.534604, 0.392521, 0.314543, 0.224503, 0.134235, 0.034639, 0.050111, 0.126841, 0.135957, 0.158200, 0.312892, 0.371677, 0.446512, 0.539446, 0.660013, 0.808283, 0.969035, 1.140736, 1.323189, 1.495145, 1.649240, 1.793666, 1.933572, 2.050030, 2.157269, 2.239908, 2.300463, 2.347613, 2.394003, 2.432798, 2.479442, 2.537062, 2.586915, 2.642878, 2.704443, 2.779143, 2.853269, 2.929745, 2.990072, 3.027346, 3.045941, 3.023899, 2.963691, 2.889339, 2.783349, 2.655207, 2.469589, 2.284386, 2.097028, 1.911068, 1.727139, 1.544906, 1.364134, 1.219561, 1.094224, 0.992572, 0.911496, 0.826028, 0.746614, 0.671310, 0.612582, 0.550080, 0.504686, 0.470657, 0.424173, 0.362428, 0.300634, 0.232998, 0.123953, 0.032068, 0.051339, 0.169334, 0.279978, 0.388519, 0.486447, 0.578130, 0.666098, 0.705822, 0.743686, 0.718736, 0.666644, 0.484037, 0.443270, 0.250863, 0.015430, 0.268248, 0.613352, 1.027170, 1.513128, 2.039693, 2.830107, 3.193759, 3.818746, 4.464057, 5.120004, 5.749814, 6.602744, 6.917978, 7.395502, 7.941409, 8.156282, 8.429388, 8.635498, 8.853218, 8.858581, 8.929289, 9.071319, 9.072399, 9.154250, 9.132434, 9.039461, 8.940367, 8.777262, 8.558476, 8.193952, 7.851781, 7.497861, 7.138766, 6.754942, 6.353986, 5.972988, 5.645877, 5.328359, 5.060341, 4.805138, 4.592682, 4.424838, 4.273028, 4.150342, 4.034685, 3.969742, 3.939350, 3.915963, 3.908958, 3.914091, 3.920170, 3.935588, 3.961844, 3.978902, 4.022413, 4.066060, 4.127075, 4.177225, 4.240189, 4.313620, 4.375379, 4.449546, 4.541768, 4.610146, 4.701816, 4.777426, 4.845266, 4.925085, 5.007261, 5.068027, 5.119208, 5.178976, 5.214847, 5.238187, 5.231778, 5.233777, 5.213064, 5.190651, 5.142736, 5.096853, 5.044011, 5.036901, 5.023235, 5.008348, 4.984230, 4.950733, 4.910615, 4.865496, 4.811793, 4.758293, 4.711527, 4.683968, 4.648817, 4.619265, 4.568006, 4.535757, 4.491535, 4.449850, 4.392107, 4.335127, 4.241908, 4.148965, 4.070096, 4.000380, 3.925784, 3.838589, 3.748215, 3.670946, 3.602356, 3.538671, 3.487206, 3.451021, 3.417021, 3.399295, 3.395864, 3.389369, 3.434865, 3.420975, 3.456455, 3.492920, 3.543613, 3.642703, 3.632256, 3.622096, 3.589576, 3.541937, 3.486388, 3.415055, 3.350795, 3.238004, 3.124850, 3.071571, 2.935510, 2.842285, 2.790881, 2.660770, 2.629079, 2.516493, 2.497623, 2.471501, 2.429789, 2.341153, 2.376415, 2.357765, 2.325666, 2.281046, 2.234013, 2.205712, 2.196835, 2.198470, 2.208371, 2.215978, 2.216967, 2.210413, 2.206999, 2.196492, 2.192188, 2.195977, 2.186944, 2.219027, 2.238459, 2.233101, 2.241593, 2.218948, 2.216995, 2.189657, 2.105933, 2.005824, 1.862890, 1.708885, 1.525145, 1.318986, 1.077969, 0.806135, 0.540986, 0.255709, 0.050382, 0.400324, 0.791945, 1.219317, 1.669024, 2.154799, 2.664084, 3.180200, 3.707706, 4.252720, 4.791753, 5.360585, 5.924407, 6.503756, 7.084969, 7.655751, 8.245224, 8.850996, 9.472565, 10.104847, 10.735116, 11.371965, 12.017187, 12.643794, 13.265849, 13.884455, 14.489033, 15.088487, 15.676774, 16.266568, 17.096492, 17.408578, 18.018231, 18.640003, 19.263444, 19.892344, 20.503574, 21.095556, 21.700296, 22.263646, 22.803192, 23.309829, 23.784857, 24.256234, 24.689145, 25.284018, 25.466966, 25.798042, 26.073619, 26.297383, 26.464021, 26.571701, 26.640160, 26.655873, 26.619480, 26.530144, 26.379122, 26.214387, 25.962800, 25.804144, 25.551272, 25.241083, 24.974191, 24.707498, 24.440829, 24.167041, 23.935994, 23.721749, 23.509285, 23.299792, 23.087706, 22.876420, 22.683296, 22.497798, 22.314542, 22.123348, 21.907089, 21.692388, 21.384837, 21.010121, 20.556089, 20.026026, 19.414954, 18.743054, 18.005309, 17.200322, 16.317866, 15.407798, 14.420427, 13.407177, 12.330891, 11.216356, 10.131904, 9.022399, 7.892781, 6.752751, 5.619893, 4.484516, 3.368531, 2.269165, 1.185919, 0.136645, 0.906099, 1.865357, 2.826927, 3.757035, 4.676143, 5.556534, 6.400508, 7.214006, 8.004376, 8.761106, 9.496686, 10.214703, 10.884812, 11.532051, 12.169966, 12.804238, 13.418609, 14.018183, 14.611164, 15.197683, 15.780602, 16.376084, 16.967314, 17.575859, 18.201963, 18.843047, 19.499968, 20.153939, 20.810231, 21.486980, 22.157293, 22.812939, 23.478935, 24.137956, 24.778635, 25.427431, 26.078595, 26.708256, 27.336112, 27.952039, 28.559349, 29.153983, 29.724909, 30.299578, 30.867076, 31.400752, 31.919836, 32.417665, 32.890814, 33.345614, 33.795901, 34.229023, 34.657224, 35.079451, 35.484719, 35.875258, 36.266210, 36.635278, 37.019266, 37.403018, 37.784886, 38.151691, 38.529976, 38.876886, 39.237976, 39.625996, 39.941859, 40.251662, 40.545471, 40.812490, 41.082912, 41.273728, 41.375246, 41.414681, 41.381813, 41.264705, 41.087709, 40.827489, 40.481882, 40.051035, 39.223051, 38.871521, 37.822031, 37.347022, 36.481098, 35.548109, 34.549923, 33.489685, 32.396446, 31.268709, 30.092719, 28.906181, 27.222082, 26.505453, 24.850290, 23.689694, 23.021495, 21.489206, 20.418212, 19.409026, 18.370178, 17.378371, 16.416147, 15.512513, 14.678123, 13.999463, 13.484178, 13.328263, 13.030452, 13.126580, 13.398957, 13.861634, 14.495311, 15.281756, 16.221675, 17.315886, 18.533677, 19.909699, 21.283478, 22.796848, 24.379466, 26.019266, 27.698021, 29.385898, 31.045973, 32.687359, 34.299637, 35.891702, 37.456931, 39.006608, 40.521109, 41.999053, 43.443228, 44.893643, 46.321441, 47.728559, 49.112673, 50.475607, 51.821942, 53.161601, 54.466372, 55.724629, 56.893954, 57.979297, 58.942985, 59.776631, 60.519078, 61.146824, 61.661825, 62.035810, 62.307199, 62.488679, 62.577623, 62.616993, 62.608008, 62.464961, 62.507672, 62.438921, 62.375635, 62.304776, 62.240616, 62.195032, 62.170765, 62.153661, 62.184487, 62.225394, 62.306968, 62.404767, 62.504147, 62.608130, 62.666621, 62.803852, 62.887751, 62.971350, 63.070543, 63.152873, 63.249405, 63.361473, 63.486746, 63.683465, 63.867291, 64.033852, 64.224659, 64.435428, 64.628271, 64.815816, 65.024480, 65.231282, 65.437614, 65.644817, 65.848649, 66.052924, 66.256962, 66.447463, 66.572548, 66.655260, 66.626924, 66.670823, 66.595020, 66.318059, 66.105955, 65.827193, 65.466913, 65.294863, 64.668468, 64.225458, 63.984687, 63.289361, 62.796330, 62.531931, 61.796947, 61.271170, 60.722163, 60.142404, 59.530325, 58.886653, 58.198802, 57.474483, 56.702484, 55.943372, 55.149716, 54.352983, 53.535808, 52.572029, 51.762081, 50.955256, 50.159732, 49.364014, 48.595125, 47.835944, 47.082842, 46.390590, 45.661733, 44.983675, 44.326153, 43.698311, 43.111717, 42.545999, 42.008422, 41.518207, 41.038363, 40.599271, 40.196417, 39.822574, 39.486682, 39.151890, 38.832117, 38.553944, 38.300995, 38.100852, 37.937629, 37.825323, 37.728253, 37.752992, 37.795082, 37.876875, 38.004778, 38.173276, 38.390839, 38.612783, 38.881785, 39.158242, 39.486719, 39.879837, 40.319407, 40.821664, 41.381981, 42.023613, 42.739497, 43.519242, 44.381655, 45.354091, 46.388766, 47.524912, 48.738896, 50.036471, 51.781172, 52.838418, 54.326131, 55.852699, 57.421106, 58.983172, 60.563651, 62.129138, 63.698667, 65.258903, 66.774019, 68.251270, 69.677285, 71.065849, 72.418624, 74.064939, 75.012723, 76.246997, 77.442031, 78.616650, 79.762454, 80.877162, 81.925973, 82.913026, 84.046280, 84.716533, 85.564641, 86.553350, 87.165792, 87.948253, 88.860999, 89.443485, 90.170453, 91.006296, 91.526725, 92.259912, 92.823263, 93.263013, 93.840910, 94.309607, 94.688668, 95.132113, 95.494737, 95.795070, 96.068305, 96.342666, 96.619208, 96.890147, 97.159259, 97.428952, 97.698528, 97.970049, 98.241386, 98.511204, 98.807859, 99.062255, 99.338777, 99.613086, 99.887991, 100.163152, 100.435028, 100.778510, 101.134253, 101.505869, 101.879764, 102.254821, 102.620828, 103.000084, 103.342428, 103.702265, 104.091607, 104.499646, 104.985391, 105.459134, 105.993527, 106.586808, 107.203363, 107.840397, 108.251983, 108.849071, 109.432865, 109.970426, 110.453625, 110.854024, 111.161920, 111.388582, 111.566653, 111.630883, 111.598082, 111.475706, 111.240178, 110.902417, 110.494459, 110.009526, 109.463814, 108.824742, 108.105775, 107.352786, 106.567377, 105.788324, 105.017915, 104.282368, 103.570137, 102.918709, 102.313712, 101.745970, 101.171107, 100.596437, 100.016594, 99.446572, 98.879042, 98.323330, 97.775809, 97.230845, 96.685216, 96.145928, 95.606920, 95.079330, 94.568294, 94.061538, 93.322549, 93.083390, 92.639892, 92.227933, 91.818193, 91.437935, 91.083638, 90.754533, 90.430952, 90.115100, 89.840620, 89.564255, 89.295888, 89.042668, 88.835413, 88.507555, 88.473739, 88.290970, 88.124757, 87.953173, 87.770052, 87.589306, 87.394114, 87.172665, 86.940613, 86.692295, 86.445479, 86.164444, 85.662364, 85.530300, 84.953845, 84.559999, 84.369187, 83.717157, 83.285660, 83.086007, 82.460490, 82.101470, 81.971458, 81.516259, 81.282674, 81.093653, 80.960253, 80.887883, 80.852143, 80.872593, 80.917137, 80.993753, 81.104124, 81.245026, 81.420249, 81.641192, 81.859547, 82.129644, 82.410037, 82.689550, 83.051950, 83.486511, 83.883750, 84.331882, 84.809548, 85.298311, 85.828392, 86.370079, 86.931714, 87.492625, 88.036040, 88.610629, 89.180726, 89.738025, 90.289845, 90.823438, 91.341069, 91.866756, 92.328406, 92.807597, 93.278728, 93.728007, 94.144030, 94.540277, 94.919674, 95.291480, 95.656948, 96.003543, 96.341024, 96.655075, 96.960329, 97.265537, 97.583087, 97.959034, 98.301806, 98.679523, 99.143401, 99.430482, 99.865748, 100.344589, 100.913716, 101.581909, 102.339463, 103.198979, 104.167963, 105.271104, 106.521549, 107.922921, 109.461747, 111.107281, 112.868564, 114.705727, 116.607300, 118.540615, 120.495831, 122.466495, 124.450137, 126.419303, 128.364899, 130.272293, 132.135037, 133.927589, 135.657438, 137.305357, 139.300548, 140.379273, 141.789097, 143.136983, 144.389204, 145.556609, 146.629087, 147.613599, 148.506447, 149.326755, 150.069949, 150.734189, 151.337926, 151.895296, 152.386800, 152.881385, 153.244460, 153.629008, 154.007564, 154.380619, 154.763949, 155.132976, 155.470522, 155.804814, 156.119355, 156.462495, 156.749519, 157.023927, 157.299071, 157.572122, 157.745758, 157.885192, 158.047401, 158.108407, 158.061808, 158.154886, 158.161650, 158.035144, 158.086199, 157.859179, 157.714845, 157.523586, 157.299042, 157.015271, 156.656404, 156.234809, 155.722315, 155.157398, 154.539054, 153.877823, 153.174081, 152.448501, 151.688554, 150.926568, 150.171120, 149.430366, 148.713559, 148.051080, 147.421272, 146.841933, 146.324191, 145.843776, 145.405286, 145.008841, 144.656279, 144.336752, 144.066061, 143.804795, 143.575707, 143.377410, 143.202479, 143.058546, 142.926061, 142.791137, 142.641463, 142.507968, 142.371195, 142.235704, 142.088237, 141.958571, 141.838055, 141.712460, 141.590513, 141.460335, 141.349564, 141.161581, 140.996951, 140.825225, 140.643924, 140.459981, 140.263149, 140.062625, 139.854506, 139.638410, 139.438751, 139.243035, 139.062841, 138.882334, 138.729887, 138.582661, 138.463345, 138.333185, 138.247249, 138.178775, 138.112287, 137.987431, 138.040739, 138.027499, 138.020150, 138.002487, 137.996011, 138.013516, 138.038085, 138.067076, 138.102558, 138.129673, 138.164826, 138.200003, 138.249646, 138.289162, 138.264211, 138.342571, 138.378559, 138.408029, 138.439578, 138.483392, 138.510887, 138.541779, 138.546777, 138.564647, 138.491520, 138.524702, 138.481627, 138.334972, 138.344219, 138.173238, 138.102526, 138.135543, 138.128170, 138.130637, 138.258270, 138.411309, 138.659198, 138.937595, 139.430547, 139.944210, 140.391898, 141.263122, 142.066251, 142.952996, 143.903945, 144.926434, 146.000462, 147.122214, 148.298445, 149.504115, 150.748852, 152.013960, 153.299437, 154.570036, 155.870366, 157.156754, 158.432000, 159.706572, 160.970065, 161.842702, 163.425853, 164.630877, 165.810614, 166.947825, 168.064297, 169.106600, 170.158039, 171.179227, 172.184770, 173.154314, 174.105200, 175.017409, 175.923741, 176.800427, 177.650768, 178.471738, 179.294341, 179.896092, 179.090719, 178.294721, 177.509470, 176.751126, 176.022352, 175.319033, 174.673001, 174.072893, 173.512391, 172.981344, 172.463893, 171.966468, 171.495695, 171.022432, 170.558163, 170.102970, 169.620740, 169.167919, 168.722089, 168.262802, 167.786700, 167.297034, 166.818975, 166.335061, 165.823382, 165.294948, 164.760866, 164.197064, 163.620022, 163.041699, 162.442487, 161.868549, 161.288911, 160.716243, 160.157910, 159.597278, 159.055212, 158.522175, 158.016511, 157.505088, 156.995757, 156.521903, 156.054813, 155.604454, 155.183384, 154.785364, 154.428818, 154.082754, 153.785400, 153.561069, 153.355086, 153.197364, 153.106019, 153.093469, 153.159946, 153.326461, 153.604137, 154.237885, 154.523684, 155.156263, 155.895375, 156.731741, 157.700231, 158.767114, 159.907825, 161.127485, 162.395010, 163.717011, 165.105212, 166.540250, 168.577050, 169.526867, 171.646322, 172.607220, 174.168221, 175.733368, 177.273510, 178.790584, 179.705848, 178.231709, 176.810180, 174.908316, 173.589102, 172.320324, 171.102291, 169.940238, 168.825690, 167.759721, 166.755211, 165.801066, 164.899206, 164.071472, 163.251664, 162.481340, 161.767578, 161.080981, 160.151667, 159.731077, 159.066190, 158.381556, 157.718969, 157.055819, 156.387880, 155.720158, 155.071023, 154.478866, 153.914843, 153.402778, 152.943855, 152.553085, 152.235944, 151.990737, 151.825343, 151.738379, 151.739115, 151.820269, 151.984577, 152.237430, 152.500400, 152.764786, 153.035907, 153.324942, 153.606101, 153.890628, 154.178114, 154.464197, 154.748918, 155.029717, 155.284604, 155.492243, 155.641818, 155.749012, 155.813735, 155.839212, 155.803101, 155.728359, 155.592636, 155.404522, 155.167532, 154.892100, 154.571465, 154.217822, 153.835687, 153.434910, 152.996192, 152.540822, 152.035000, 151.505709, 150.679864, 150.414694, 149.871418, 149.332401, 148.818266, 148.312141, 147.822980, 147.123318, 146.926809, 146.498920, 145.874982, 145.742832, 145.407330, 144.922352, 144.844188, 144.427190, 144.198395, 144.152427, 143.792313, 143.620685, 143.620480, 143.323123, 143.170801, 143.035207, 142.896809, 142.775077, 142.656304, 142.559106, 142.482450, 142.415488, 142.387333, 142.383655, 142.436186, 142.477513, 142.551650, 142.645399, 142.743712, 142.831808, 142.900056, 142.958114, 143.015915, 143.060613, 143.083492, 143.124778, 143.086262, 143.055212, 143.007065, 142.931709, 142.818331, 142.684350, 142.528640, 142.343247, 142.118853, 141.874081, 141.627359, 141.375330, 140.989546, 140.801645, 140.489440, 140.179917, 139.891620, 139.624399, 139.380488, 139.177104, 139.002147, 138.885877, 138.802356, 138.764639, 138.763808, 138.798487, 138.851730, 138.913690, 138.957751, 138.993620, 139.023564, 139.050256, 139.068019, 139.054830, 139.031246, 138.971931, 138.888817, 138.774438, 138.611897, 138.427772, 138.241037, 138.024353, 137.793043, 137.529989, 137.250603, 136.961267, 136.665861, 136.357633, 136.052296, 135.734754, 135.417549, 135.086762, 134.763520, 134.442420, 134.112468, 133.777011, 133.467007, 133.149595, 132.841699, 132.538104, 132.247423, 131.968508, 131.551592, 131.438654, 131.203248, 130.963913, 130.720914, 130.458736, 130.185122, 129.901358, 129.571741, 129.218160, 128.837208, 128.434529, 128.009211, 127.605928, 127.215902, 126.645597, 126.456542, 126.083128, 125.721460, 125.385694, 125.061012, 124.762634, 124.459412, 124.188137, 123.936083, 123.700604, 123.487274, 123.287439, 123.102905, 122.954976, 122.832917, 122.676841, 122.714042, 122.704212, 122.724895, 122.806117, 122.920522, 123.064947, 123.248916, 123.432061, 123.595101, 123.777456, 123.962932, 124.171730, 124.461030, 124.710274, 124.965689, 125.217228, 125.451249, 125.724569, 125.975153, 126.203484, 126.468587, 126.727700, 126.933378, 127.185425, 127.419830, 127.676583, 127.950396, 128.252043, 128.580573, 128.952533, 129.370340, 129.815680, 130.316675, 130.836875, 131.389503, 131.960846, 132.566177, 133.171532, 133.794354, 134.437776, 135.084160, 135.733503, 136.388947, 137.032932, 137.654539, 138.264187, 139.025895, 139.430840, 139.992371, 140.524815, 141.015054, 141.467024, 141.900086, 142.297233, 142.648741, 142.966347, 143.236543, 143.462772, 143.658333, 143.816041, 143.949890, 144.028766, 144.055971, 144.056690, 144.011505, 143.941598, 143.820838, 143.651242, 143.439401, 143.203186, 142.821898, 142.531711, 142.227633, 141.902078, 141.397683, 141.219628, 140.876339, 140.509947, 140.142522, 139.780108, 139.408500, 139.045092, 138.695124, 138.348058, 138.006372, 137.688643, 137.371629, 137.075045, 136.781403, 136.503290, 136.142869, 136.020317, 135.798257, 135.601654, 135.416563, 135.239212, 135.070617, 134.936995, 134.797198, 134.685357, 134.597612, 134.501183, 134.433595, 134.373111, 134.307354, 134.317270, 134.269015, 134.219415, 134.195573, 134.174032, 134.141312, 134.102377, 134.066384, 134.011723, 133.989052, 133.915366, 133.861070, 133.771063, 133.684783, 133.639150, 133.597762, 133.527533, 133.550922, 133.550738, 133.551457, 133.579288, 133.602392, 133.628904, 133.651985, 133.660543, 133.676646, 133.726532, 133.765807, 133.801349, 133.844356, 133.873949, 133.888865, 133.894102, 133.885460, 133.887819, 133.873105, 133.848418, 133.814000, 133.802764, 133.768112, 133.723886, 133.659834, 133.575251, 133.512269, 133.460262, 133.350694, 133.259686, 133.173479, 133.103840, 133.022697, 132.921599, 132.816277, 132.711332, 132.598056, 132.492159, 132.372309, 132.217367, 132.061298, 131.924085, 131.803917, 131.658131, 131.559386, 131.448837, 131.349874, 131.243499, 131.133317, 131.028823, 130.877497, 130.718467, 130.557431, 130.396025, 130.232368, 130.069947, 129.905963, 129.710635, 129.463293, 129.232731, 128.957627, 128.670063, 128.362035, 128.060536, 127.751975, 127.432525, 127.101625, 126.750689, 126.395888, 126.034367, 125.671275, 125.308370, 124.951904, 124.599972, 124.212258, 123.949097, 123.651519, 123.371634, 123.102519, 122.878757, 122.651540, 122.463263, 122.283786, 122.104411, 121.924007, 121.742496, 121.562491, 121.378215, 121.207009, 121.032425, 120.855505, 120.683793, 120.512495, 120.329845, 120.066563, 119.761833, 119.446212, 119.120819, 118.757719, 118.385931, 117.989396, 117.565162, 117.012103, 116.620924, 115.995449, 115.569902, 115.013576, 114.293089, 113.673058, 113.179041, 112.359879, 111.666390, 110.947916, 110.211267, 109.452114, 108.675957, 107.884819, 107.062292, 106.237345, 105.367234, 104.489523, 103.588880, 102.671682, 101.729500, 100.756158, 99.774682, 98.760023, 97.724346, 96.649966, 95.560708, 94.440531, 93.303716, 92.128016, 90.996549, 89.826251, 88.674174, 87.526720, 86.366491, 85.196200, 84.029597, 82.876537, 81.720762, 80.553181, 79.370769, 78.221413, 77.071081, 75.930700, 74.822086, 73.772871, 72.764373, 71.510153, 70.864151, 69.956044, 69.069500, 68.196966, 67.348092, 66.508564, 65.658183, 64.822275, 63.992582, 63.168241, 62.339738, 61.506473, 60.710772, 59.914322, 59.121474, 58.354675, 57.624288, 56.920295, 56.232006, 55.581275, 54.937728, 54.332804, 53.741216, 53.166538, 52.604766, 52.046597, 51.471432, 
,,,0.011739, 0.022500, 0.033778, 0.044431, 0.056556, 0.065257, 0.073847, 0.087031, 0.103866, 0.120521, 0.137085, 0.153876, 0.170476, 0.187221, 0.203853, 0.220665, 0.237231, 0.253858, 0.272390, 0.287042, 0.303629, 0.320284, 0.337020, 0.353710, 0.370429, 0.388581, 0.403705, 0.420371, 0.437101, 0.453811, 0.470447, 0.487259, 0.503793, 0.522345, 0.537091, 0.553701, 0.570477, 0.587214, 0.603928, 0.620585, 0.637179, 0.655506, 0.670553, 0.687240, 0.703855, 0.720602, 0.737320, 0.753847, 0.772239, 0.787289, 0.803974, 0.820774, 0.837363, 0.857875, 0.870873, 0.887345, 0.903959, 0.920750, 0.937371, 0.954064, 0.970809, 0.987354, 1.004046, 1.022183, 1.037445, 1.054114, 1.070869, 1.087501, 1.104231, 1.120826, 1.137599, 1.154255, 1.170949, 1.187555, 1.204194, 1.220927, 1.237616, 1.254229, 1.272209, 1.287715, 1.304310, 1.321008, 1.337747, 1.354285, 1.371057, 1.387707, 1.404366, 1.421154, 1.437817, 1.454454, 1.471126, 1.487760, 1.504375, 1.523161, 1.537807, 1.554426, 1.571180, 1.587891, 1.604457, 1.621284, 1.637864, 1.654511, 1.671241, 1.688006, 1.704728, 1.721357, 1.737937, 1.754633, 1.773192, 1.788079, 1.804761, 1.821368, 1.838267, 1.854913, 1.871510, 1.888187, 1.904900, 1.921532, 1.938234, 1.954885, 1.971605, 1.988183, 2.004890, 2.023261, 2.038431, 2.054934, 2.071667, 2.088325, 2.105012, 2.121708, 2.138300, 2.155025, 2.171718, 2.188286, 2.205123, 2.221805, 2.238333, 2.255093, 2.273209, 2.288425, 2.305146, 2.321791, 2.338620, 2.355193, 2.371919, 2.388554, 2.405287, 2.421898, 2.438877, 2.455278, 2.472056, 2.488827, 2.505340, 2.525319, 2.538783, 2.555441, 2.572221, 2.588963, 2.605560, 2.622265, 2.638930, 2.655608, 2.672270, 2.688841, 2.705625, 2.722281, 2.738946, 2.755709, 2.772385, 2.792238, 2.805984, 2.822596, 2.839298, 2.855895, 2.872592, 2.889044, 2.905824, 2.922427, 2.939193, 2.955873, 2.972666, 2.989378, 3.006007, 3.022792, 3.039464, 3.057439, 3.073061, 3.089579, 3.110160, 3.122808, 3.139419, 3.156200, 3.172810, 3.189483, 3.206125, 3.222777, 3.239426, 3.256088, 3.272714, 3.289539, 3.308169, 3.322899, 3.339384, 3.356123, 3.372916, 3.389581, 3.406197, 3.422761, 3.439625, 3.456346, 3.472925, 3.489765, 3.506377, 3.522995, 3.539692, 3.558393, 3.573157, 3.589754, 3.606422, 3.623084, 3.639722, 3.656419, 3.673073, 3.689700, 3.706572, 3.723266, 3.739971, 3.756467, 3.773090, 3.789934, 3.808290, 3.823128, 3.839813, 3.856497, 3.873159, 3.889871, 3.906647, 3.923285, 3.939880, 3.956616, 3.973295, 3.990000, 4.006660, 4.023283, 4.039995, 4.058154, 4.073278, 4.090124, 4.106856, 4.123631, 4.140128, 4.156818, 4.173467, 4.190155, 4.206839, 4.223519, 4.240151, 4.256871, 4.273936, 4.290250, 4.308172, 4.323702, 4.340435, 4.356998, 4.373647, 4.390339, 4.406975, 4.423723, 4.440338, 4.456976, 4.473676, 4.490422, 4.507055, 4.523755, 4.540485, 4.559097, 4.573745, 4.592033, 4.607160, 4.623828, 4.640450, 4.657156, 4.673808, 4.690527, 4.707123, 4.723844, 4.740559, 4.757457, 4.774443, 4.790822, 4.809145, 4.824022, 4.842259, 4.857360, 4.874021, 4.890777, 4.907418, 4.924133, 4.940698, 4.957336, 4.974035, 4.990677, 5.007349, 5.024118, 5.040816, 5.059077, 5.074160, 5.090837, 5.107424, 5.124125, 5.140855, 5.157559, 5.174239, 5.190852, 5.207539, 5.228493, 5.240886, 5.257620, 5.274421, 5.291158, 5.309123, 5.324408, 5.341105, 5.357698, 5.374357, 5.391010, 5.407798, 5.424421, 5.441048, 5.457762, 5.474423, 5.491104, 5.507828, 5.524427, 5.541075, 5.560082, 5.574508, 5.591261, 5.607828, 5.624723, 5.641464, 5.658121, 5.674885, 5.691625, 5.708193, 5.724854, 5.741626, 5.758453, 5.775321, 5.791734, 5.810402, 5.824989, 5.841698, 5.858229, 5.875072, 5.891664, 5.908209, 5.924957, 5.941619, 5.958214, 5.975001, 5.991601, 6.008383, 6.025219, 6.041797, 6.060177, 6.075137, 6.092076, 6.108614, 6.125475, 6.142161, 6.158765, 6.175505, 6.192156, 6.208795, 6.225473, 6.242169, 6.258857, 6.276048, 6.292343, 6.310069, 6.325544, 6.342207, 6.359045, 6.375767, 6.392290, 6.408885, 6.425622, 6.442264, 6.460470, 6.475725, 6.492474, 6.509269, 6.525690, 6.542351, 6.561028, 6.575789, 6.592486, 6.609240, 6.625962, 6.642540, 6.660766, 6.676002, 6.692568, 6.709224, 6.726064, 6.742635, 6.759313, 6.780184, 6.792653, 6.811107, 6.826186, 6.842917, 6.859434, 6.876181, 6.892852, 6.909494, 6.926150, 6.943038, 6.959532, 6.976234, 6.992989, 7.009707, 7.026273, 7.042907, 7.061177, 7.076477, 7.093096, 7.109714, 7.126375, 7.143102, 7.159666, 7.176386, 7.193009, 7.209712, 7.226408, 7.243190, 7.259886, 7.276635, 7.293056, 7.311049, 7.326341, 7.343135, 7.359873, 7.376448, 7.393170, 7.409752, 7.426458, 7.443151, 7.459786, 7.476531, 7.493291, 7.509919, 7.526697, 7.543222, 7.562054, 7.576701, 7.593569, 7.610028, 7.626724, 7.643589, 7.660239, 7.676903, 7.693712, 7.710348, 7.727108, 7.743693, 7.760271, 7.777244, 7.793579, 7.812163, 7.827025, 7.843692, 7.860420, 7.877215, 7.893662, 7.910306, 7.926999, 7.943605, 7.960461, 7.977195, 7.993848, 8.010574, 8.028647, 8.043799, 8.062089, 8.077165, 8.093970, 8.110541, 8.127203, 8.143887, 8.160656, 8.177210, 8.194105, 8.212413, 8.227538, 8.244412, 8.260877, 8.277621, 8.294126, 8.312075, 8.327507, 8.344213, 8.360840, 8.381258, 8.394241, 8.410958, 8.427590, 8.444240, 8.460923, 8.477783, 8.494387, 8.511062, 8.527582, 8.544595, 8.563151, 8.577636, 8.594494, 8.611147, 8.627708, 8.644395, 8.661011, 8.677731, 8.694408, 8.711287, 8.727929, 8.744656, 8.761271, 8.777923, 8.794610, 8.813062, 8.827782, 8.844546, 8.861173, 8.877797, 8.894425, 8.910946, 8.927536, 8.944211, 8.960959, 8.977716, 8.994543, 9.011146, 9.027952, 9.044621, 9.062977, 9.077993, 9.094677, 9.111315, 9.128103, 9.144744, 9.161334, 9.178098, 9.194821, 9.211574, 9.228139, 9.244896, 9.261401, 9.278210, 9.294847, 9.312966, 9.328202, 9.344944, 9.361723, 9.378125, 9.394873, 9.411659, 9.428166, 9.445166, 9.463459, 9.478657, 9.495103, 9.511667, 9.528189, 9.544786, 9.563015, 9.578036, 9.594823, 9.611352, 9.627879, 9.644385, 9.660933, 9.677644, 9.695920, 9.711205, 9.727941, 9.744623, 9.761091, 9.777828, 9.794470, 9.811282, 9.829050, 9.844613, 9.863330, 9.878038, 9.894734, 9.911409, 9.928108, 9.944722, 9.961423, 9.978112, 9.994883, 10.011440, 10.028092, 10.044647, 10.061355, 10.080073, 10.094636, 10.111414, 10.128076, 10.144685, 10.161332, 10.178073, 10.194687, 10.211405, 10.228292, 10.245022, 10.261816, 10.278576, 10.295192, 10.311831, 10.329907, 10.345324, 10.361984, 10.378700, 10.395338, 10.412311, 10.428928, 10.445501, 10.462235, 10.479050, 10.495663, 10.512387, 10.529070, 10.545873, 10.562389, 10.581018, 10.595703, 10.612339, 10.629292, 10.646003, 10.662512, 10.679124, 10.695811, 10.712507, 10.729275, 10.745818, 10.762471, 10.779242, 10.795920, 10.812499, 10.830978, 10.845790, 10.862426, 10.879229, 10.895808, 10.912528, 10.929123, 10.945954, 10.962595, 10.979159, 10.995878, 11.012769, 11.029357, 11.045939, 11.062557, 11.080906, 11.096097, 11.112762, 11.129392, 11.146079, 11.162742, 11.179437, 11.196149, 11.212866, 11.231046, 11.246294, 11.262819, 11.279600, 11.296292, 11.312811, 11.330946, 11.346228, 11.362820, 11.379600, 11.396303, 11.414024, 11.429864, 11.446318, 11.463061, 11.479639, 11.496310, 11.513046, 11.529737, 11.546367, 11.563005, 11.582017, 11.600471, 11.613129, 11.629839, 11.646440, 11.663160, 11.679836, 11.696566, 11.713262, 11.729876, 11.746614, 11.763240, 11.780011, 11.796715, 11.813333, 11.831964, 11.846620, 11.863435, 11.880235, 11.896691, 11.913488, 11.930126, 11.946720, 11.963548, 11.980120, 11.996776, 12.013455, 12.030261, 12.046939, 12.063574, 12.081876, 12.097077, 12.113737, 12.130616, 12.147426, 12.164243, 12.180833, 12.197544, 12.214350, 12.230902, 12.247501, 12.264204, 12.280873, 12.297489, 12.314249, 12.332932, 12.347476, 12.364138, 12.380965, 12.397577, 12.414232, 12.431154, 12.447666, 12.464328, 12.481064, 12.497707, 12.514382, 12.530980, 12.547701, 12.564358, 12.582814, 12.597612, 12.614399, 12.632724, 12.647707, 12.664426, 12.681036, 12.698057, 12.714712, 12.731305, 12.747921, 12.766164, 12.781401, 12.798002, 12.814662, 12.832926, 12.848194, 12.864776, 12.881371, 12.898000, 12.914703, 12.931285, 12.948193, 12.964808, 12.981470, 12.998098, 13.014761, 13.031278, 13.047866, 13.068591, 13.081051, 13.099908, 13.114417, 13.131072, 13.147800, 13.164579, 13.181427, 13.197979, 13.214572, 13.231297, 13.247936, 13.264617, 13.281369, 13.297992, 13.314667, 13.331286, 13.349907, 13.364726, 13.381365, 13.398228, 13.414845, 13.431643, 13.448207, 13.464748, 13.481468, 13.498197, 13.514922, 13.531596, 13.548138, 13.564838, 13.581551, 13.599988, 13.614917, 13.631540, 13.648247, 13.664964, 13.681706, 13.698395, 13.715128, 13.731645, 13.748410, 13.764932, 13.781700, 13.798401, 13.814995, 13.831754, 13.849835, 13.865047, 13.881626, 13.898252, 13.915031, 13.931786, 13.949833, 13.965049, 13.981696, 13.998343, 14.015163, 14.031857, 14.048439, 14.065043, 14.081734, 14.099840, 14.115044, 14.133319, 14.148645, 14.165231, 14.181915, 14.198598, 14.215159, 14.231919, 14.248609, 14.265217, 14.282214, 14.299015, 14.315554, 14.336333, 14.350936, 14.365743, 14.382432, 14.399041, 14.415836, 14.432346, 14.449086, 14.465725, 14.482343, 14.498979, 14.515588, 14.532357, 14.548908, 14.565633, 14.582330, 14.600783, 14.615621, 14.632315, 14.648960, 14.665778, 14.682367, 14.699096, 14.715822, 14.732496, 14.749159, 14.765934, 14.782567, 14.799179, 14.815773, 14.832461, 14.850767, 14.865895, 14.882603, 14.899183, 14.915952, 14.932786, 14.949394, 14.966171, 14.982711, 14.999514, 15.016369, 15.032915, 15.049533, 15.066183, 15.082805, 15.101007, 15.116171, 15.132884, 15.149588, 15.166360, 15.183043, 15.199606, 15.216227, 15.232814, 15.249479, 15.266259, 15.283087, 15.299748, 15.316424, 15.333106, 15.351826, 15.366693, 15.384929, 15.400093, 15.416497, 15.433308, 15.449958, 15.466608, 15.483500, 15.500006, 15.516752, 15.534767, 15.549937, 15.566585, 15.583380, 15.601773, 15.616920, 15.633435, 15.650379, 15.666926, 15.683512, 15.700188, 15.716810, 15.733419, 15.750197, 15.766861, 15.787680, 15.800259, 15.816868, 15.833606, 15.851806, 15.866935, 15.883491, 15.900273, 15.916970, 15.933559, 15.950310, 15.967295, 15.983597, 16.000214, 16.016898, 16.033460, 16.050103, 16.066748, 16.083434, 16.099923, 16.118745, 16.133467, 16.150138, 16.166951, 16.183452, 16.200168, 16.216927, 16.233559, 16.250285, 16.266839, 16.283589, 16.300412, 16.317037, 16.333537, 16.350159, 16.368709, 16.383484, 16.400202, 16.416855, 16.433462, 16.450096, 16.466789, 16.483540, 16.500126, 16.516909, 16.533449, 16.550105, 16.566802, 16.583424, 16.600135, 16.618715, 16.633665, 16.650182, 16.666951, 16.683568, 16.700160, 16.716895, 16.733609, 16.750264, 16.767053, 16.783834, 16.800353, 16.816966, 16.833689, 16.852099, 16.868830, 16.883861, 16.900699, 16.917153, 16.934120, 16.950701, 16.967393, 16.984046, 17.000665, 17.017350, 17.033938, 17.050687, 17.069011, 17.084057, 17.100967, 17.118883, 17.134271, 17.153357, 17.167420, 17.184089, 17.200834, 17.217512, 17.234183, 17.250857, 17.267462, 17.284170, 17.300866, 17.317746, 17.334384, 17.351041, 17.368829, 17.384385, 17.401150, 17.417734, 17.434531, 17.450989, 17.467834, 17.484423, 17.501039, 17.517711, 17.534247, 17.550981, 17.567663, 17.584567, 17.601294, 17.618836, 17.634589, 17.651220, 17.667785, 17.684489, 17.701060, 17.717851, 17.734476, 17.751366, 17.767946, 17.784570, 17.801208, 17.817907, 17.834573, 17.851320, 17.869710, 17.884750, 17.901353, 17.917902, 17.934580, 17.951306, 17.967926, 17.984667, 18.001344, 18.017911, 18.034653, 18.051299, 18.068039, 18.084821, 18.101548, 18.119700, 18.134892, 18.151442, 18.168104, 18.184816, 18.201459, 18.218225, 18.234825, 18.251567, 18.268175, 18.284902, 18.301599, 18.318230, 18.334880, 18.351582, 18.369650, 18.385013, 18.401572, 18.418366, 18.434979, 18.451760, 18.468493, 18.485198, 18.501747, 18.518441, 18.535047, 18.551727, 18.568442, 18.585114, 18.601962, 18.620720, 18.635249, 18.651900, 18.670190, 18.685313, 18.701844, 18.718512, 18.735159, 18.751825, 18.768424, 18.785207, 18.801762, 18.818299, 18.834971, 18.851628, 18.868368, 18.886639, 18.901666, 18.920042, 18.935114, 18.951803, 18.968583, 18.985161, 19.001880, 19.018536, 19.035272, 19.051814, 19.068669, 19.085430, 19.102004, 19.118902, 19.136762, 19.152004, 19.168852, 19.185507, 19.202059, 19.218674, 19.235381, 19.252075, 19.268640, 19.285373, 19.301961, 19.318617, 19.339434, 19.351992, 19.368694, 19.386632, 19.401924, 19.418657, 19.435309, 19.452068, 19.468705, 19.485339, 19.502218, 19.518857, 19.535421, 19.552091, 19.568936, 19.585569, 19.602145, 19.619256, 19.636679, 19.652222, 19.668926, 19.685623, 19.702291, 19.719085, 19.735931, 19.752717, 19.769624, 19.786330, 19.802917, 19.819807, 19.836404, 19.853210, 19.869929, 19.888588, 19.903379, 19.920046, 19.936793, 19.953701, 19.970403, 19.986890, 20.003586, 20.020469, 20.037105, 20.053661, 20.070507, 20.087168, 20.103716, 20.120471, 20.138650, 20.153796, 20.170403, 20.187249, 20.203881, 20.220776, 20.237475, 20.254363, 20.271042, 20.289455, 20.304542, 20.321418, 20.338149, 20.354667, 20.371322, 20.390811, 20.404618, 20.421360, 20.438036, 20.454649, 20.475359, 20.488106, 20.504619, 20.521268, 20.538044, 20.554858, 20.571482, 20.588155, 20.604809, 20.621403, 20.638024, 20.656848, 20.671663, 20.688266, 20.705169, 20.721836, 20.738396, 20.754899, 20.771731, 20.788488, 20.805101, 20.821848, 20.838458, 20.855064, 20.871593, 20.888218, 20.906599, 20.921478, 20.938144, 20.954824, 20.971409, 20.988270, 21.005017, 21.023103, 21.038307, 21.055043, 21.071793, 21.088478, 21.105124, 21.121676, 21.140130, 21.156776, 21.171890, 21.188610, 21.205270, 21.221929, 21.238597, 21.255211, 21.271840, 21.288807, 21.305388, 21.322083, 21.338870, 21.355317, 21.372135, 21.388819, 21.407554, 21.422194, 21.438870, 21.455524, 21.472205, 21.488911, 21.505632, 21.522295, 21.539017, 21.556075, 21.572335, 21.589143, 21.605655, 21.622408, 21.638985, 21.657563, 21.672352, 21.689086, 21.705670, 21.722477, 21.739289, 21.755826, 21.772410, 21.789156, 21.805969, 21.822648, 21.839325, 21.855838, 21.872574, 21.889159, 21.907569, 21.922552, 21.939191, 21.955912, 21.972511, 21.989268, 22.005906, 22.022714, 22.039518, 22.056166, 22.072976, 22.089450, 22.106139, 22.122907, 22.139375, 22.157645, 22.176911, 22.189386, 22.206119, 22.222972, 22.239628, 22.256143, 22.272826, 22.289484, 22.306162, 22.322970, 22.339622, 22.356152, 22.372844, 22.389458, 22.407602, 22.422610, 22.439239, 22.455695, 22.472403, 22.489086, 22.505564, 22.522237, 22.538773, 22.555401, 22.572142, 22.588659, 22.605387, 22.622066, 22.638653, 22.655435, 22.675617, 22.688749, 22.705431, 22.722138, 22.738821, 22.755459, 22.772146, 22.789092, 22.805763, 22.822233, 22.838980, 22.857146, 22.872455, 22.889137, 22.905613, 22.922182, 22.940633, 22.955507, 22.972117, 22.988728, 23.005419, 23.022082, 23.038810, 23.055554, 23.072117, 23.088854, 23.105543, 23.122071, 23.138793, 23.155514, 23.172277, 23.190494, 23.205677, 23.222459, 23.239144, 23.256023, 23.276955, 23.289272, 23.305958, 23.322624, 23.339405, 23.356047, 23.372744, 23.389381, 23.406231, 23.422812, 23.441495, 23.456124, 23.472841, 23.489499, 23.506200, 23.522920, 23.539539, 23.556274, 23.572904, 23.589470, 23.606219, 23.623160, 23.639671, 23.656159, 23.672858, 23.689410, 23.707583, 23.722746, 23.739398, 23.755999, 23.773155, 23.789794, 23.806115, 23.822891, 23.839457, 23.856085, 23.872795, 23.889416, 23.906247, 23.922773, 23.939649, 23.957667, 23.973076, 23.989726, 24.006264, 24.022966, 24.039737, 24.056297, 24.073025, 24.089757, 24.106421, 24.123064, 24.139724, 24.156345, 24.173005, 24.189707, 24.207477, 24.223034, 24.239683, 24.256243, 24.273254, 24.289682, 24.306243, 24.322951, 24.339586, 24.356240, 24.373020, 24.389659, 24.407878, 24.423034, 24.439919, 24.458498, 24.473094, 24.489886, 24.506368, 24.523315, 24.540008, 24.556536, 24.573190, 24.589794, 24.606390, 24.623169, 24.639864, 24.656512, 24.674734, 24.689827, 24.708494, 24.723147, 24.739827, 24.756496, 24.773486, 24.789960, 24.806638, 24.823212, 24.840066, 24.856680, 24.873440, 24.889968, 24.906872, 24.923498, 24.940012, 24.958650, 24.973452, 24.990209, 25.006968, 25.026777, 25.040412, 25.057166, 25.073882, 25.090543, 25.107055, 25.123751, 25.140455, 25.157121, 25.173927, 25.190551, 25.208456, 25.223792, 25.240473, 25.257174, 25.274274, 25.290669, 25.307340, 25.323943, 25.340562, 25.357275, 25.374007, 25.390601, 25.407214, 25.423994, 25.440562, 25.459408, 25.473951, 25.490601, 25.507664, 25.524133, 25.540866, 25.557497, 25.574087, 25.590779, 25.607468, 25.624121, 25.640825, 25.657536, 25.674240, 25.690893, 25.709390, 25.724224, 25.740951, 25.757612, 25.774443, 25.791190, 25.807831, 25.824458, 25.841364, 25.857865, 25.874489, 25.891294, 25.907963, 25.924581, 25.941248, 25.959493, 25.974717, 25.991431, 26.008195, 26.024918, 26.041554, 26.058111, 26.074846, 26.091494, 26.108080, 26.124820, 26.141482, 26.158339, 26.175126, 26.191741, 26.209489, 26.225229, 26.241898, 26.258721, 26.275451, 26.292189, 26.308725, 26.327107, 26.342281, 26.359001, 26.375704, 26.392158, 26.408968, 26.425775, 26.442383, 26.460571, 26.477203, 26.492456, 26.508994, 26.525778, 26.542372, 26.558922, 26.575652, 26.592347, 26.608962, 26.625710, 26.642238, 26.659145, 26.679982, 26.692429, 26.710469, 26.725760, 26.742567, 26.759091, 26.776166, 26.792517, 26.809072, 26.825908, 26.842525, 26.859148, 26.875955, 26.892432, 26.909212, 26.925864, 26.942568, 26.961444, 26.975902, 26.992725, 27.009303, 27.026052, 27.042737, 27.059233, 27.076040, 27.092712, 27.109371, 27.126024, 27.142620, 27.159443, 27.175992, 27.192837, 27.211545, 27.226109, 27.243079, 27.259468, 27.276472, 27.292921, 27.309505, 27.326259, 27.342953, 27.359581, 27.376304, 27.392881, 27.409566, 27.426141, 27.442831, 27.461392, 27.476310, 27.493136, 27.509730, 27.526303, 27.542986, 27.559520, 27.576485, 27.593173, 27.611303, 27.626451, 27.643048, 27.659779, 27.676435, 27.693083, 27.711474, 27.726575, 27.743314, 27.759797, 27.778125, 27.793231, 27.809988, 27.827036, 27.843321, 27.859859, 27.876576, 27.893120, 27.909856, 27.926549, 27.943176, 27.961543, 27.976571, 27.993379, 28.010127, 28.028577, 28.043153, 28.059879, 28.076479, 28.093270, 28.109999, 28.126515, 28.143372, 28.159887, 28.176446, 28.193223, 28.211656, 28.226564, 28.243400, 28.260011, 28.276698, 28.293277, 28.310012, 28.326647, 28.343275, 28.359940, 28.376692, 28.393318, 28.409983, 28.426583, 28.443199, 28.461344, 28.476599, 28.493326, 28.510029, 28.526807, 28.543380, 28.560087, 28.576714, 28.593379, 28.609942, 28.626703, 28.643392, 28.660002, 28.676748, 28.693463, 28.711523, 28.726857, 28.743602, 28.760095, 28.776945, 28.793703, 28.810371, 28.827160, 28.843871, 28.860359, 28.877090, 28.893763, 28.910497, 28.927090, 28.943814, 28.962320, 28.977166, 28.993935, 29.010517, 29.027214, 29.043827, 29.062093, 29.077190, 29.093903, 29.110530, 29.127231, 29.143798, 29.160569, 29.177203, 29.193864, 29.212251, 29.228892, 29.244134, 29.260634, 29.277399, 29.294041, 29.310670, 29.327401, 29.344216, 29.360932, 29.377514, 29.394217, 29.410965, 29.427678, 29.448392, 29.462387, 29.477733, 29.494308, 29.510889, 29.527815, 29.544435, 29.561024, 29.577668, 29.594342, 29.610898, 29.627526, 29.644244, 29.660877, 29.677555, 29.694272, 29.712301, 29.727745, 29.744415, 29.760964, 29.777757, 29.794296, 29.811121, 29.827728, 29.844380, 29.861047, 29.877631, 29.894405, 29.911008, 29.927693, 29.944408, 29.963325, 29.977919, 29.994645, 30.011134, 30.027919, 30.044430, 30.061159, 30.077908, 30.094433, 30.111252, 30.127832, 30.144638, 30.161341, 30.177977, 30.194708, 30.213380, 30.228214, 30.244913, 30.261525, 30.278278, 30.294901, 30.311637, 30.328328, 30.344985, 30.361566, 30.378257, 30.394922, 30.411641, 30.428353, 30.445057, 30.463444, 30.479128, 30.495206, 30.511850, 30.528457, 30.545027, 30.561866, 30.578402, 30.595161, 30.613317, 30.628520, 30.645144, 30.661896, 30.678554, 30.695126, 30.713295, 30.728468, 30.745110, 30.761779, 30.778568, 30.795178, 30.813442, 30.828589, 30.845254, 30.861881, 30.878546, 30.895189, 30.911837, 30.928610, 30.945298, 30.967422, 30.978786, 30.995472, 31.012032, 31.028773, 31.045413, 31.062058, 31.078783, 31.095450, 31.112056, 31.128876, 31.145532, 31.162205, 31.178953, 31.195601, 31.212346, 31.230193, 31.245594, 31.262201, 31.279034, 31.295668, 31.312305, 31.329039, 31.345644, 31.362316, 31.379114, 31.395824, 31.412553, 31.429408, 31.446185, 31.462602, 31.481269, 31.495689, 31.512349, 31.529058, 31.545814, 31.562426, 31.579073, 31.596041, 31.612687, 31.629220, 31.645820, 31.662546, 31.679242, 31.695927, 31.712724, 31.731331, 31.745992, 31.762629, 31.779524, 31.796070, 31.812737, 31.829310, 31.846023, 31.862688, 31.879369, 31.896010, 31.912753, 31.929544, 31.946225, 31.962896, 31.981271, 31.996126, 32.012809, 32.029591, 32.046211, 32.062971, 32.079551, 32.096236, 32.113022, 32.129731, 32.147410, 32.163107, 32.179644, 32.196638, 32.213270, 32.231303, 32.246402, 32.263079, 32.279868, 32.296390, 32.313226, 32.329797, 32.348098, 32.363262, 32.379946, 32.396732, 32.413337, 32.430208, 32.446695, 32.463347, 32.481196, 32.496715, 32.517396, 32.530023, 32.546714, 32.563369, 32.579996, 32.596736, 32.613423, 32.630142, 32.646711, 32.663578, 32.680507, 32.696996, 32.713600, 32.732288, 32.747116, 32.763731, 32.780515, 32.797100, 32.813661, 32.830540, 32.847200, 32.863674, 32.880372, 32.896993, 32.913747, 32.930593, 32.947163, 32.963917, 32.982185, 32.997266, 33.014103, 33.030735, 33.047211, 33.063852, 33.080588, 33.097247, 33.113956, 33.130786, 33.147447, 33.164051, 33.180846, 33.197478, 33.214128, 33.232132, 33.247341, 33.264089, 33.280810, 33.297463, 33.314120, 33.330817, 33.347473, 33.364075, 33.380806, 33.397569, 33.414217, 33.430928, 33.447667, 33.464255, 33.482153, 33.497759, 33.514568, 33.531037, 33.547660, 33.564505, 33.581025, 33.597707, 33.614350, 33.631078, 33.647874, 33.664506, 33.682871, 33.698140, 33.714528, 33.733176, 33.747913, 33.764521, 33.781218, 33.797821, 33.814548, 33.831265, 33.847844, 33.864585, 33.882856, 33.897903, 33.914582, 33.931159, 33.947818, 33.964536, 33.983252, 33.997799, 34.014624, 34.035055, 34.047889, 34.064830, 34.081634, 34.098276, 34.114808, 34.131695, 34.148355, 34.164912, 34.182180, 34.198324, 34.215013, 34.233239, 34.248353, 34.264929, 34.281810, 34.298439, 34.315171, 34.331734, 34.348423, 34.365070, 34.381956, 34.398569, 34.415239, 34.431986, 34.448483, 34.465228, 34.484119, 34.498645, 34.515330, 34.531911, 34.548738, 34.565304, 34.582097, 34.598617, 34.615577, 34.632236, 34.648720, 34.665621, 34.682372, 34.698736, 34.715519, 34.734199, 34.748826, 34.765441, 34.782233, 34.798954, 34.815528, 34.832271, 34.850635, 34.865537, 34.882228, 34.899037, 34.915644, 34.932548, 34.950167, 34.965838, 34.984180, 34.999103, 35.015983, 35.032395, 35.049218, 35.065968, 35.082463, 35.099079, 35.116035, 35.132506, 35.149341, 35.165894, 35.182480, 35.199086, 35.215834, 35.234115, 35.249170, 35.265742, 35.282580, 35.299127, 35.315808, 35.336623, 35.349154, 35.365977, 35.382554, 35.399273, 35.416014, 35.432634, 35.449208, 35.465962, 35.484101, 35.499323, 35.515886, 35.532748, 35.549323, 35.566060, 35.582691, 35.599317, 35.616362, 35.632676, 35.649394, 35.666081, 35.682657, 35.699636, 35.716388, 35.734441, 35.749826, 35.766406, 35.783033, 35.799653, 35.816568, 35.832944, 35.849642, 35.866323, 35.883128, 35.899691, 35.916413, 35.934531, 35.949609, 35.966416, 35.984143, 35.999843, 36.016666, 36.033316, 36.049862, 36.066465, 36.083063, 36.101526, 36.116607, 36.133228, 36.149979, 36.166698, 36.183172, 36.199906, 36.216506, 36.235075, 36.249995, 36.266498, 36.283331, 36.299881, 36.316526, 36.333275, 36.349839, 36.366563, 36.383259, 36.400028, 36.416751, 36.437414, 36.449981, 36.466636, 36.485125, 36.500050, 36.516644, 36.533379, 36.549978, 36.566789, 36.583410, 36.600146, 36.617036, 36.633453, 36.650180, 36.666812, 36.683433, 36.700044, 36.716754, 36.735033, 36.750088, 36.767038, 36.783819, 36.800277, 36.816902, 36.833554, 36.850391, 36.867010, 36.883716, 36.900476, 36.916984, 36.933579, 36.950362, 36.967032, 36.985010, 37.000341, 37.017020, 37.033639, 37.050355, 37.067059, 37.083682, 37.100451, 37.117333, 37.134153, 37.150738, 37.167383, 37.184059, 37.200727, 37.217446, 37.236035, 37.252291, 37.267659, 37.284198, 37.300947, 37.317590, 37.334543, 37.352756, 37.367966, 37.384711, 37.401460, 37.418100, 37.434772, 37.451533, 37.468126, 37.486113, 37.501222, 37.517751, 37.534316, 37.551020, 37.567499, 37.584210, 37.600937, 37.617895, 37.634472, 37.650966, 37.667546, 37.684336, 37.705148, 37.717678, 37.734353, 37.753041, 37.767673, 37.784637, 37.801297, 37.818186, 37.834874, 37.851979, 37.868667, 37.885242, 37.901947, 37.918476, 37.935149, 37.951911, 37.968584, 37.985246, 38.004132, 38.018466, 38.035124, 38.052033, 38.068595, 38.085274, 38.101934, 38.118724, 38.135261, 38.151991, 38.170203, 38.185361, 38.201888, 38.218599, 38.235268, 38.255044, 38.268703, 38.285253, 38.301904, 38.318576, 38.335185, 38.351761, 38.368465, 38.385017, 38.401679, 38.418483, 38.436942, 38.451605, 38.468290, 38.484735, 38.501423, 38.519936, 38.534565, 38.551224, 38.567929, 38.584584, 38.601281, 38.618380, 38.634626, 38.651287, 38.667928, 38.684650, 38.701275, 38.717953, 38.734742, 38.751333, 38.769910, 38.784838, 38.801453, 38.818205, 38.834942, 38.851493, 38.868220, 38.884905, 38.901503, 38.918163, 38.934801, 38.951526, 38.968277, 38.984956, 39.001660, 39.020041, 39.034944, 39.051407, 39.068122, 39.084694, 39.101356, 39.118134, 39.134665, 39.151365, 39.168058, 39.184694, 39.201415, 39.218047, 39.234776, 39.251437, 39.269763, 39.284830, 39.301455, 39.318091, 39.334825, 39.351474, 39.368330, 39.384861, 39.401484, 39.418257, 39.435098, 39.451554, 39.468320, 39.485026, 39.501687, 39.519922, 39.534882, 39.551656, 39.568304, 39.584963, 39.601809, 39.618562, 39.635002, 39.651780, 39.668564, 39.685294, 39.701803, 39.718611, 39.735206, 39.751861, 39.769972, 39.785283, 39.803509, 39.818618, 39.835348, 39.852020, 39.868675, 39.885250, 39.902231, 39.918914, 39.935504, 39.952080, 39.968874, 39.985442, 40.002202, 40.019968, 40.035514, 40.052029, 40.068968, 40.087357, 40.102489, 40.119103, 40.135691, 40.152386, 40.168975, 40.185603, 40.202270, 40.218917, 40.235568, 40.252241, 40.270024, 40.285708, 40.302249, 40.319014, 40.335678, 40.352208, 40.368873, 40.389602, 40.402211, 40.418862, 40.435544, 40.452266, 40.468892, 40.485744, 40.502307, 40.521006, 40.535726, 40.552433, 40.569112, 40.585990, 40.602677, 40.619296, 40.636069, 40.652710, 40.669593, 40.686142, 40.702708, 40.719463, 40.736301, 40.752992, 40.770891, 40.786358, 40.803384, 40.819888, 40.836819, 40.853287, 40.869858, 40.886414, 40.903294, 40.919829, 40.936446, 40.953153, 40.969824, 40.986482, 41.003168, 41.022006, 41.036610, 41.053381, 41.069999, 41.086696, 41.103293, 41.119937, 41.136660, 41.153311, 41.170094, 41.186891, 41.203681, 41.220294, 41.236730, 41.253462, 41.272243, 41.286984, 41.303685, 41.320306, 41.337066, 41.353627, 41.370464, 41.387092, 41.403707, 41.420300, 41.437004, 41.453718, 41.470342, 41.487050, 41.503727, 41.522004, 41.537036, 41.553708, 41.570439, 41.587110, 41.603675, 41.620385, 41.637100, 41.653723, 41.670444, 41.687176, 41.703904, 41.720575, 41.737148, 41.753975, 41.772220, 41.787241, 41.803929, 41.820643, 41.837431, 41.853910, 41.870552, 41.887331, 41.903932, 41.920605, 41.937359, 41.953963, 41.970679, 41.987267, 42.003968, 42.021848, 42.037545, 42.055888, 42.071014, 42.087712, 42.104255, 42.120916, 42.137610, 42.154712, 42.171081, 42.188022, 42.204659, 42.221287, 42.237903, 42.254508, 42.273231, 42.289237, 42.304242, 42.320796, 42.337431, 42.353974, 42.370767, 42.387385, 42.404007, 42.420744, 42.437333, 42.454090, 42.470705, 42.487582, 42.504100, 42.520760, 42.538810, 42.554393, 42.570969, 42.587601, 42.604296, 42.620948, 42.641600, 42.654219, 42.670952, 42.687641, 42.704306, 42.721165, 42.737780, 42.754343, 42.770980, 42.789875, 42.804456, 42.821152, 42.837797, 42.854543, 42.871241, 42.887850, 42.904552, 42.921187, 42.937831, 42.954528, 42.971331, 42.988028, 43.004602, 43.021279, 43.040011, 43.054620, 43.071414, 43.088071, 43.104713, 43.121612, 43.138516, 43.154994, 43.171807, 43.188532, 43.205027, 43.221767, 43.238478, 43.255125, 43.271993, 43.290921, 43.305350, 43.322273, 43.338926, 43.355431, 43.372158, 43.388780, 43.405520, 43.422149, 43.438884, 43.455441, 43.472168, 43.488891, 43.505374, 43.522165, 43.539822, 43.555499, 43.572155, 43.588891, 43.605424, 43.622212, 43.638832, 43.655511, 43.672155, 43.688838, 43.705424, 43.722232, 43.738859, 43.755591, 43.772455, 43.790896, 43.805817, 43.822358, 43.839038, 43.855646, 43.872361, 43.889013, 43.905730, 43.922363, 43.940613, 43.955858, 43.972482, 43.989065, 44.005676, 44.022445, 44.040743, 44.056117, 44.072538, 44.089155, 44.105879, 44.122545, 44.139183, 44.157594, 44.172708, 44.189223, 44.205917, 44.222630, 44.241429, 44.255993, 44.272814, 44.290752, 44.306023, 44.322561, 44.339442, 44.355964, 44.372568, 44.389170, 44.406043, 44.422713, 44.439249, 44.455979, 44.472594, 44.489280, 44.505849, 44.522686, 44.540707, 44.555979, 44.572572, 44.589276, 44.606029, 44.622868, 44.639515, 44.656338, 44.672808, 44.689351, 44.705792, 44.722516, 44.739211, 44.755993, 44.773122, 44.790940, 44.806279, 44.822792, 44.839452, 44.856229, 44.873070, 44.889558, 44.906257, 44.922920, 44.939667, 44.956293, 44.973004, 44.989732, 45.006609, 45.023110, 45.041861, 45.056438, 45.072960, 45.089605, 45.106456, 45.123003, 45.139541, 45.156204, 45.172865, 45.189555, 45.206303, 45.222888, 45.239649, 45.256316, 45.273340, 45.291810, 45.306393, 45.323006, 45.339764, 45.356313, 45.373107, 45.389807, 45.406468, 45.423219, 45.439913, 45.456577, 45.473316, 45.490040, 45.506853, 45.523446, 45.541926, 45.556797, 45.573417, 45.590206, 45.606763, 45.623447, 45.640167, 45.656852, 45.673524, 45.690197, 45.706876, 45.723645, 45.740208, 45.756961, 45.773921, 45.791701, 45.807043, 45.823669, 45.840316, 45.856989, 45.873730, 45.890305, 45.906946, 45.923614, 45.940333, 45.956970, 45.973764, 45.992096, 46.007210, 46.023942, 46.041708, 46.057096, 46.073845, 46.090470, 46.107135, 46.124061, 46.140628, 46.157239, 46.174011, 46.190659, 46.207180, 46.223936, 46.240576, 46.259040, 46.274590, 46.292767, 46.307303, 46.323971, 46.340658, 46.357354, 46.374059, 46.390684, 46.407357, 46.424008, 46.440913, 46.457376, 46.474102, 46.490914, 46.507548, 46.524264, 46.542735, 46.557491, 46.578268, 46.590816, 46.607500, 46.624197, 46.640860, 46.657577, 46.674138, 46.690791, 46.707352, 46.723965, 46.740623, 46.757474, 46.774194, 46.792602, 46.807434, 46.824394, 46.841228, 46.857718, 46.874361, 46.891063, 46.907600, 46.924286, 46.940853, 46.957536, 46.974206, 46.990932, 47.007594, 47.024288, 47.042704, 47.057399, 47.074220, 47.090999, 47.107582, 47.124257, 47.140928, 47.157506, 47.174189, 47.190752, 47.207485, 47.224196, 47.240865, 47.257646, 47.274351, 47.292696, 47.307498, 47.324259, 47.341068, 47.357681, 47.374245, 47.391130, 47.407770, 47.424337, 47.441152, 47.457888, 47.474426, 47.491172, 47.507877, 47.524564, 47.542711, 47.557790, 47.574454, 47.591193, 47.607846, 47.624459, 47.641159, 47.657839, 47.674464, 47.691232, 47.707870, 47.724709, 47.741444, 47.758003, 47.774684, 47.792601, 47.807904, 47.824634, 47.841324, 47.858055, 47.874630, 47.891352, 47.908008, 47.924683, 47.941574, 47.958252, 47.974863, 47.991526, 48.008463, 48.025088, 48.043660, 48.058414, 48.075074, 48.091804, 48.108457, 48.125321, 48.141929, 48.158523, 48.175246, 48.191899, 48.208513, 48.225220, 48.241934, 48.258768, 48.275577, 48.293723, 48.308691, 48.325407, 48.342164, 48.358745, 48.375514, 48.392126, 48.408781, 48.425449, 48.443865, 48.459106, 48.476197, 48.492410, 48.508989, 48.525584, 48.543647, 48.558910, 48.575586, 48.592282, 48.609042, 48.625799, 48.642384, 48.659040, 48.676000, 48.692646, 48.710887, 48.726209, 48.742659, 48.759304, 48.776102, 48.794783, 48.809345, 48.825984, 48.842674, 48.859280, 48.876028, 48.892541, 48.909260, 48.925985, 48.942615, 48.959515, 48.976103, 48.996237, 49.009451, 49.026074, 49.044671, 49.059440, 49.076078, 49.092816, 49.109416, 49.126102, 49.142815, 49.159447, 49.176108, 49.192908, 49.209631, 49.226242, 49.242952, 49.259525, 49.276261, 49.294634, 49.309798, 49.326447, 49.343011, 49.359656, 49.376272, 49.393002, 49.409618, 49.426276, 49.443050, 49.459726, 49.476383, 49.493316, 49.509859, 49.526491, 49.544579, 49.559679, 49.576360, 49.593021, 49.609645, 49.626414, 49.643003, 49.659681, 49.676338, 49.692967, 49.709927, 49.726543, 49.743148, 49.759548, 49.775930, 49.792523, 49.810822, 49.825840, 49.842340, 49.859002, 49.875743, 49.892600, 49.909214, 49.925956, 49.942441, 49.959115, 49.975850, 49.992420, 50.009059, 50.025868, 50.042539, 50.060634, 50.075799, 50.092454, 50.109126, 50.125918, 50.142595, 50.159188, 50.175835, 50.192540, 50.209220, 50.225904, 50.242554, 50.259224, 50.275914, 50.292578, 50.310544, 50.325905, 50.342585, 50.359350, 50.376104, 50.392691, 50.409372, 50.426030, 50.442772, 50.459414, 50.476262, 50.492818, 50.509440, 50.526110, 50.542791, 50.561698, 50.576224, 50.592815, 50.609466, 50.626175, 50.642830, 50.659502, 50.676184, 50.692855, 50.709752, 50.726383, 50.742923, 50.759589, 50.776303, 50.792963, 50.811564, 50.826304, 50.842989, 50.859627, 50.876331, 50.892987, 50.909687, 50.926339, 50.943010, 50.959725, 50.976433, 50.993067, 51.009723, 51.026413, 51.043136, 51.061517, 51.076647, 51.093403, 51.109919, 51.126558, 51.143294, 51.159944, 51.176639, 51.193335, 51.210216, 51.226705, 51.243365, 51.260005, 51.278271, 51.293380, 51.311531, 51.326690, 51.343399, 51.360074, 51.376760, 51.393561, 51.410254, 51.426840, 51.443558, 51.460987, 51.477851, 51.494542, 51.511427, 51.528180, 51.544787, 51.563508, 51.578251, 51.594991, 51.611713, 51.629805, 51.645102, 51.661726, 51.679130, 51.695234, 51.715566, 51.728497, 51.745167, 51.761840, 51.778645, 51.795204, 51.813489, 51.828516, 51.845185, 51.861880, 51.878598, 51.895321, 51.911946, 51.928597, 51.945299, 51.962250, 51.978826, 51.995484, 52.012223, 52.028778, 52.045460, 52.063506, 52.078811, 52.095444, 52.112176, 52.128839, 52.145571, 52.162212, 52.178989, 52.195474, 52.212244, 52.228971, 52.245499, 52.262204, 52.278819, 52.295359, 52.312010, 52.330521, 52.345376, 52.362150, 52.378971, 52.395565, 52.412196, 52.429040, 52.445478, 52.462035, 52.478711, 52.495630, 52.512282, 52.529296, 52.546174, 52.562799, 52.581551, 52.596284, 52.612920, 52.629614, 52.646435, 52.663321, 52.679835, 52.696650, 52.712997, 52.729752, 52.746444, 52.763020, 52.779966, 52.796613, 52.813145, 52.831585, 52.846586, 52.863215, 52.879981, 52.896656, 52.913351, 52.930067, 52.946783, 52.963478, 52.980062, 52.996685, 53.013381, 53.030013, 53.046723, 53.063406, 53.081480, 53.096692, 53.114839, 53.130026, 53.146950, 53.163782, 53.180061, 53.196779, 53.213341, 53.230002, 53.246807, 53.263554, 53.280530, 53.298743, 53.313735, 53.332663, 53.347313, 53.363768, 53.380369, 53.397199, 53.413970, 53.431223, 53.447544, 53.463821, 53.480520, 53.497221, 53.518058, 53.530547, 53.547269, 53.563863, 53.582549, 53.597268, 53.613811, 53.630484, 53.647156, 53.663723, 53.681000, 53.697294, 53.713985, 53.730704, 53.747207, 53.763865, 53.780650, 53.797286, 53.814008, 53.832558, 53.847286, 53.864030, 53.880814, 53.897495, 53.914028, 53.931166, 53.947236, 53.963910, 53.980556, 53.997265, 54.013913, 54.030569, 54.047395, 54.063937, 54.082428, 54.097009, 54.113779, 54.130625, 54.147272, 54.163867, 54.180622, 54.197027, 54.213770, 54.230281, 54.246868, 54.263550, 54.280175, 54.296789, 54.313516, 54.330189, 54.348448, 54.363382, 54.380160, 54.396837, 54.413599, 54.430261, 54.446928, 54.463568, 54.480395, 54.497163, 54.513769, 54.530370, 54.547044, 54.563673, 54.580326, 54.598498, 54.613623, 54.630396, 54.647051, 54.663681, 54.680247, 54.698242, 54.713471, 54.730011, 54.746644, 54.763375, 54.780104, 54.796734, 54.813410, 54.830081, 54.846876, 54.865600, 54.880123, 54.896841, 54.913576, 54.930189, 54.946862, 54.963531, 54.980216, 54.996892, 55.013545, 55.030247, 55.046907, 55.063570, 55.080306, 55.097065, 55.115589, 55.130430, 55.147137, 55.163817, 55.180451, 55.197053, 55.214007, 55.232217, 55.247349, 55.264003, 55.280738, 55.297362, 55.313938, 55.330654, 55.347368, 55.365441, 55.380957, 55.397665, 55.414514, 55.431196, 55.447706, 55.464424, 55.481057, 55.497746, 55.514579, 55.531188, 55.547820, 55.564485, 55.581280, 55.597900, 55.616880, 55.631456, 55.651599, 55.664702, 55.681364, 55.698019, 55.714862, 55.731547, 55.748384, 55.765038, 55.781898, 55.798438, 55.815186, 55.831811, 55.848465, 55.866508, 55.881877, 55.899133, 55.915227, 55.931894, 55.948599, 55.965236, 55.981885, 55.998643, 56.015234, 56.031888, 56.048938, 56.065310, 56.081972, 56.098895, 56.117600, 56.132021, 56.149255, 56.165375, 56.182013, 56.198728, 56.215312, 56.231915, 56.248552, 56.264960, 56.281808, 56.298401, 56.315002, 56.331730, 56.348363, 56.365147, 56.383396, 56.398433, 56.415200, 56.431830, 56.448490, 56.465167, 56.481919, 56.498689, 56.515365, 56.531933, 56.548605, 56.565309, 56.581992, 56.598676, 56.615577, 56.633415, 56.649171, 56.665397, 56.682055, 56.698743, 56.715426, 56.732057, 56.748763, 56.765369, 56.782307, 56.798911, 56.815800, 56.832431, 56.849061, 56.865786, 56.884337, 56.899085, 56.915771, 56.932349, 56.949117, 56.965797, 56.982345, 56.999014, 57.015629, 57.032326, 57.050535, 57.065756, 57.082408, 57.099015, 57.115830, 57.134401, 57.149435, 57.165768, 57.182470, 57.199309, 57.215994, 57.232499, 57.249232, 57.265918, 57.282636, 57.299271, 57.317503, 57.332678, 57.349333, 57.365909, 57.384337, 57.399393, 57.415920, 57.432594, 57.449260, 57.465973, 57.482781, 57.499335, 57.515993, 57.532680, 57.549380, 57.565997, 57.582715, 57.599441, 57.616356, 57.638345, 57.649446, 57.666112, 57.682805, 57.699432, 57.716144, 57.732817, 57.749509, 57.766283, 57.783034, 57.799596, 57.816270, 57.832871, 57.849630, 57.866386, 57.882995, 57.901299, 57.916338, 57.932998, 57.949845, 57.966454, 57.983054, 57.999750, 58.016397, 58.033050, 58.049884, 58.066645, 58.083188, 58.099897, 58.116766, 58.133992, 58.151458, 58.166809, 58.183348, 58.200296, 58.216967, 58.233443, 58.250177, 58.266880, 58.283523, 58.300176, 58.316852, 58.333571, 58.350279, 58.367417, 58.383655, 58.402331, 58.416909, 58.433610, 58.450306, 58.466948, 58.483693, 58.500352, 58.516962, 58.533706, 58.550382, 58.567016, 58.583706, 58.600419, 58.617714, 58.633766, 58.652265, 58.667119, 58.683772, 58.700488, 58.717191, 58.733847, 58.750545, 58.767204, 58.783910, 58.800524, 58.817201, 58.833964, 58.850823, 58.867850, 58.884099, 58.902222, 58.917477, 58.934160, 58.950828, 58.967513, 58.984204, 59.000996, 59.017793, 59.034396, 59.051242, 59.067791, 59.084660, 59.101267, 59.119996, 59.134636, 59.153231, 59.167883, 59.184572, 59.201173, 59.218027, 59.234623, 59.251332, 59.267951, 59.284792, 59.302978, 59.318435, 59.335255, 59.351897, 59.369019, 59.385266, 59.403267, 59.422519, 59.435186, 59.451953, 59.468448, 59.485320, 59.501955, 59.518514, 59.535193, 59.551910, 59.568776, 59.585419, 59.601909, 59.619036, 59.635182, 59.653233, 59.668708, 59.685241, 59.701956, 59.718817, 59.735421, 59.752026, 59.768812, 59.785430, 59.802096, 59.818835, 59.835501, 59.852183, 59.868918, 
12, 34, 0, 0.245008, 0.245008, 0.244585, 0.244187, 0.218648, 0.167952, 0.103483, 0.020455, 0.080860, 0.197036, 0.328138, 0.478422, 0.641922, 0.872312, 1.161044, 1.476642, 1.815119, 2.212909, 2.562202, 2.961213, 3.379048, 3.825699, 4.252902, 4.709130, 5.170353, 5.636275, 6.107972, 6.578790, 7.023897, 7.428522, 7.755383, 8.031401, 8.298748, 8.343650, 8.557389, 8.610665, 8.644610, 8.638536, 8.602376, 8.529081, 8.425493, 8.302364, 8.147922, 7.978476, 7.636127, 7.299218, 7.262087, 6.947565, 6.338343, 5.846567, 5.574632, 5.128994, 4.948477, 4.507714, 3.782344, 3.345281, 2.910039, 2.489956, 2.079117, 1.697396, 1.328521, 0.973106, 0.640679, 0.341380, 0.078112, 0.145833, 0.322307, 0.460423, 0.552967, 0.597762, 0.605934, 0.595796, 0.536866, 0.459512, 0.355935, 0.231775, 0.105947, 0.029349, 0.207941, 0.420040, 0.612575, 0.772306, 0.953135, 1.119854, 1.258042, 1.378236, 1.496233, 1.583793, 1.661574, 1.745398, 1.841492, 1.843402, 1.847541, 1.844823, 1.843047, 1.859911, 1.837622, 1.819477, 1.800909, 1.777985, 1.745578, 1.744037, 1.667454, 1.612511, 1.561225, 1.532465, 1.503519, 1.458850, 1.421850, 1.394703, 1.337600, 1.284130, 1.221995, 1.153656, 1.068285, 0.976827, 0.878565, 0.791899, 0.659690, 0.649605, 0.582467, 0.512040, 0.429886, 0.210835, 0.244633, 0.144699, 0.049658, 0.062354, 0.160296, 0.278883, 0.397466, 0.507120, 0.626261, 0.764731, 0.886972, 0.997939, 1.094865, 1.194464, 1.405064, 1.379820, 1.479273, 1.568633, 1.679489, 1.793742, 1.892082, 1.975862, 2.040679, 2.105340, 2.146114, 2.185710, 2.201427, 2.211847, 2.203026, 2.260528, 2.230186, 2.206207, 2.112395, 2.062561, 2.061927, 1.968543, 1.918439, 1.924110, 1.819787, 1.753706, 1.742053, 1.672133, 1.606302, 1.560342, 1.520689, 1.459487, 1.446012, 1.415665, 1.378119, 1.353154, 1.322719, 1.297174, 1.261831, 1.239496, 1.215004, 1.196177, 1.205719, 1.215177, 1.215672, 1.233125, 1.234994, 1.260440, 1.301191, 1.322612, 1.348070, 1.370378, 1.416943, 1.439142, 1.455870, 1.470986, 1.474728, 1.450197, 1.470640, 1.449088, 1.420195, 1.384445, 1.339621, 1.282248, 1.224783, 1.153927, 1.096759, 1.041560, 0.992265, 0.939301, 0.823903, 0.752280, 0.779780, 0.712348, 0.653715, 0.619093, 0.606406, 0.618830, 0.652260, 0.687838, 0.755826, 0.845799, 0.949129, 1.078909, 1.232763, 1.389887, 1.609643, 1.817095, 2.061684, 2.320860, 2.632157, 2.877269, 3.136827, 3.396659, 3.682645, 3.947769, 4.236802, 4.512381, 4.751862, 4.992474, 5.261908, 5.514685, 5.755997, 5.952782, 6.091937, 6.101623, 6.180925, 6.153206, 6.082950, 5.958853, 5.789995, 5.594270, 5.376679, 5.120043, 4.849854, 4.558108, 4.256386, 3.940408, 3.618597, 3.115995, 2.950317, 2.453410, 2.304043, 1.979769, 1.668944, 1.376340, 1.104179, 0.659029, 0.560424, 0.305278, 0.081796, 0.168541, 0.389093, 0.740742, 0.927259, 1.108832, 1.251773, 1.269137, 1.504460, 1.615720, 1.603364, 1.742383, 1.866296, 1.843956, 1.990150, 2.029883, 2.081859, 2.129078, 2.174333, 2.208122, 2.234272, 2.231984, 2.233597, 2.232084, 2.221618, 2.181448, 2.131533, 2.086950, 2.030151, 1.958200, 1.879576, 1.804171, 1.723994, 1.627547, 1.523001, 1.426524, 1.318041, 1.199574, 1.087568, 0.975255, 0.868232, 0.773939, 0.682410, 0.598243, 0.510610, 0.434030, 0.361859, 0.281184, 0.188315, 0.115200, 0.048450, 0.026153, 0.092469, 0.139765, 0.191353, 0.229963, 0.272126, 0.277172, 0.280758, 0.290282, 0.286483, 0.260107, 0.216266, 0.195746, 0.109855, 0.012348, 0.203669, 0.164558, 0.260669, 0.347136, 0.459300, 0.564543, 0.643984, 0.766950, 0.879603, 0.975497, 1.075173, 1.155592, 1.291305, 1.296627, 1.348720, 1.388489, 1.424701, 1.467402, 1.493967, 1.505644, 1.495526, 1.476372, 1.446673, 1.410585, 1.378576, 1.339621, 1.293875, 1.261320, 1.223216, 1.203749, 1.265897, 1.155351, 1.137490, 1.121566, 1.088667, 1.069293, 1.057143, 1.022017, 1.013329, 0.989456, 0.965416, 0.959557, 0.938623, 0.941131, 0.927455, 1.013827, 0.905716, 0.902974, 0.889441, 1.025190, 0.950383, 1.014469, 1.209762, 1.288236, 1.240508, 1.427246, 1.453042, 1.461936, 1.452799, 1.437542, 1.375613, 1.299083, 1.215979, 1.110396, 0.992490, 0.866544, 0.747687, 0.636758, 0.522497, 0.402308, 0.288858, 0.183878, 0.080647, 0.003376, 0.062267, 0.088657, 0.075204, 0.028425, 0.049965, 0.143436, 0.252766, 0.369855, 0.486030, 0.608339, 0.723994, 0.846125, 0.955420, 1.052899, 1.176797, 1.295317, 1.410254, 1.519402, 1.603455, 1.726066, 1.826434, 1.902076, 1.981596, 2.030665, 2.070078, 2.079232, 2.073494, 2.025692, 1.992861, 1.919859, 1.823327, 1.723706, 1.610573, 1.493976, 1.336931, 1.241972, 1.128013, 1.011094, 0.905158, 0.821891, 0.740677, 0.654174, 0.572330, 0.506841, 0.457063, 0.415854, 0.404153, 0.415383, 0.439260, 0.490108, 0.553750, 0.638494, 0.743084, 0.861265, 0.993168, 1.130762, 1.278144, 1.404145, 1.562698, 1.534619, 1.567035, 1.518691, 1.504417, 1.346065, 1.250722, 1.156642, 1.044716, 0.961321, 0.900988, 0.834835, 0.787917, 0.758008, 0.739251, 0.755216, 0.748005, 0.734277, 0.731715, 0.822506, 0.727643, 0.731270, 0.744462, 0.759037, 0.778007, 0.804356, 0.851384, 0.899981, 0.972708, 1.024924, 1.088311, 1.150541, 1.207026, 1.253374, 1.383339, 1.428278, 1.378029, 1.424537, 1.597564, 1.562208, 1.623845, 1.762301, 1.788576, 1.796480, 1.797090, 1.719607, 1.763202, 1.720721, 1.685839, 1.637300, 1.578809, 1.516918, 1.447735, 1.377269, 1.320426, 1.256133, 1.187622, 1.113189, 1.010125, 0.925499, 0.829677, 0.714291, 0.605278, 0.497993, 0.402328, 0.317159, 0.232430, 0.157669, 0.109393, 0.086036, 0.065871, 0.050276, 0.044752, 0.040281, 0.057456, 0.080288, 0.101990, 0.126292, 0.159673, 0.190829, 0.218454, 0.251371, 0.287174, 0.332678, 0.353284, 0.415567, 0.458134, 0.509371, 0.553427, 0.605987, 0.656196, 0.709012, 0.755985, 0.806564, 0.862550, 0.923619, 0.987582, 1.048957, 1.076244, 1.128804, 1.159508, 1.199534, 1.222249, 1.238543, 1.248751, 1.246343, 1.237163, 1.234877, 1.215261, 1.187403, 1.143608, 1.111217, 1.073793, 1.020053, 0.971786, 0.925540, 0.868021, 0.821570, 0.758815, 0.721283, 0.681349, 0.684504, 0.641248, 0.613352, 0.613405, 0.533697, 0.490751, 0.447503, 0.405812, 0.361751, 0.314123, 0.273377, 0.240684, 0.216307, 0.209294, 0.222907, 0.241781, 0.327178, 0.307573, 0.442849, 0.509858, 0.503088, 0.574227, 0.712914, 0.712456, 0.835609, 0.888982, 0.941430, 0.996656, 1.047878, 1.033065, 1.138965, 1.191216, 1.236746, 1.299570, 1.348259, 1.386661, 1.433166, 1.481511, 1.530477, 1.572764, 1.609432, 1.643266, 1.664043, 1.677638, 1.676493, 1.672853, 1.664855, 1.645722, 1.731522, 1.660590, 1.599119, 1.533972, 1.427203, 1.348739, 1.242341, 1.098860, 0.953924, 0.789188, 0.624913, 0.490261, 0.352007, 0.207350, 0.046703, 0.084972, 0.231862, 0.393429, 0.554493, 0.710048, 0.859204, 1.001624, 1.139806, 1.260996, 1.376352, 1.478338, 1.559422, 1.627166, 1.666500, 1.713483, 1.753342, 1.792963, 1.815638, 1.818061, 1.801563, 1.775398, 1.724351, 1.660720, 1.561071, 1.452244, 1.342363, 1.234656, 1.131859, 1.030165, 0.930459, 0.727564, 0.672253, 0.524894, 0.374838, 0.232460, 0.103332, 0.022491, 0.131604, 0.218001, 0.280397, 0.328941, 0.347709, 0.344242, 0.322694, 0.268320, 0.196770, 0.110561, 0.046878, 0.051885, 0.104602, 0.174322, 0.208857, 0.203273, 0.251188, 0.272872, 0.321178, 0.383697, 0.448385, 0.531366, 0.601395, 0.660145, 0.764064, 0.846616, 0.927303, 1.018453, 1.097693, 1.159460, 1.260973, 1.345421, 1.384532, 1.486576, 1.494609, 1.499576, 1.547370, 1.516378, 1.524755, 1.544113, 1.559695, 1.590118, 1.617124, 1.633788, 1.647326, 1.659588, 1.655570, 1.643057, 1.630030, 1.587752, 1.538789, 1.469607, 1.394690, 1.308762, 1.231583, 1.098984, 0.969183, 0.822163, 0.650748, 0.479630, 0.273597, 0.080336, 0.096917, 0.275859, 0.451972, 0.629092, 0.790606, 0.925091, 1.059305, 1.174910, 1.284409, 1.384737, 1.470826, 1.522627, 1.559180, 1.603711, 1.638939, 1.658719, 1.644700, 1.631973, 1.612059, 1.577920, 1.540443, 1.485562, 1.433957, 1.381370, 1.319876, 1.248931, 1.175570, 1.093404, 0.969093, 0.817476, 0.683460, 0.540094, 0.366068, 0.171023, 0.025703, 0.223062, 0.422993, 0.643131, 0.802470, 0.993600, 1.186266, 1.392591, 1.536047, 1.709811, 1.837270, 1.932579, 2.001901, 2.061962, 2.102906, 2.122466, 2.143959, 2.052436, 2.098335, 2.037149, 1.957239, 1.846477, 1.736230, 1.600261, 1.383667, 1.316166, 1.157215, 1.013235, 0.860951, 0.718068, 0.600914, 0.498045, 0.315079, 0.351692, 0.290769, 0.244455, 0.219024, 0.206887, 0.203990, 0.201202, 0.211090, 0.208468, 0.195460, 0.196436, 0.187650, 0.067239, 0.114923, 0.028582, 0.076633, 0.025000, 0.077237, 0.226774, 0.187852, 0.252098, 0.424215, 0.389217, 0.591090, 0.697676, 0.694120, 0.956944, 1.092866, 1.101789, 1.363439, 1.481548, 1.584347, 1.646363, 1.676507, 1.684445, 1.648536, 1.589261, 1.497157, 1.376811, 1.221334, 1.009481, 0.788859, 0.574522, 0.355715, 0.112863, 0.160272, 0.434610, 0.710609, 0.971874, 1.185964, 1.384082, 1.587091, 1.715900, 1.864557, 1.959378, 2.054281, 2.120388, 2.155632, 2.167730, 2.144395, 2.082851, 1.968681, 1.839837, 1.682021, 1.537443, 1.270574, 1.038048, 0.797387, 0.522818, 0.234669, 0.070527, 0.377178, 0.661832, 0.925844, 1.167108, 1.379580, 1.559613, 1.712308, 1.841534, 1.977446, 2.066628, 2.150719, 2.234521, 2.300866, 2.361648, 2.415596, 2.457222, 2.478231, 2.482656, 2.486450, 2.590116, 2.495927, 2.523921, 2.550980, 2.596944, 2.650272, 2.725055, 2.801715, 2.886189, 2.955820, 3.030450, 3.091264, 3.159327, 3.241574, 3.323707, 3.527950, 3.473651, 3.519686, 3.544033, 3.564655, 3.561769, 3.520114, 3.459529, 3.399623, 3.344516, 3.285665, 3.235855, 3.176300, 3.137102, 3.102070, 3.143274, 2.997395, 2.943481, 2.878209, 2.814636, 2.732652, 2.658176, 2.569246, 2.461150, 2.350111, 2.241859, 2.127401, 2.017582, 2.016428, 1.882102, 1.867391, 1.840034, 1.766390, 1.687295, 1.618374, 1.523840, 1.444076, 1.368424, 1.279691, 1.183384, 1.118698, 1.020495, 0.983809, 0.963900, 0.939000, 0.929132, 0.937184, 0.889987, 0.971581, 1.003457, 1.046262, 1.103530, 1.168550, 1.248192, 1.319298, 1.406927, 1.452581, 1.546538, 1.632019, 1.687889, 1.733507, 1.764121, 1.786755, 1.768193, 1.750430, 1.702822, 1.639502, 1.560220, 1.480029, 1.396322, 1.298856, 1.186614, 1.084706, 0.988912, 0.896786, 0.805881, 0.703268, 0.604430, 0.526021, 0.434502, 0.350025, 0.276060, 0.202637, 0.132577, 0.045512, 0.034076, 0.103437, 0.163042, 0.227064, 0.283949, 0.338647, 0.402283, 0.448493, 0.491688, 0.535893, 0.566773, 0.591117, 0.591518, 0.582718, 0.567149, 0.535213, 0.496161, 0.446221, 0.251958, 0.209756, 0.175745, 0.051481, 0.128137, 0.109104, 0.106198, 0.110833, 0.119849, 0.126741, 0.126116, 0.058455, 0.110168, 0.082024, 0.056543, 0.001235, 0.063807, 0.149683, 0.345365, 0.366031, 0.492903, 0.669203, 0.696211, 0.790259, 0.961100, 0.947153, 1.022007, 1.179230, 1.181231, 1.282471, 1.489270, 1.497731, 1.690264, 1.815947, 1.839818, 2.075705, 2.160660, 2.234553, 2.485025, 2.613364, 2.628410, 2.817334, 2.794273, 2.907368, 2.902464, 2.799159, 2.766657, 2.661790, 2.509386, 2.386233, 2.248503, 2.092761, 1.936588, 1.798244, 1.636941, 1.443415, 1.240916, 0.999103, 0.806390, 0.569986, 0.386171, 0.194381, 0.004465, 0.200515, 0.392668, 0.593460, 0.790447, 0.986006, 1.178142, 1.402339, 1.573649, 1.775173, 1.938696, 2.071337, 2.204252, 2.325569, 2.461584, 2.593924, 2.719682, 2.853192, 2.976462, 3.083266, 3.180719, 3.247036, 3.307877, 3.339593, 3.339967, 3.327182, 3.307449, 3.271674, 3.256131, 3.218191, 3.197347, 3.143083, 3.107039, 3.068483, 3.024320, 2.973834, 2.908523, 2.839084, 2.801918, 2.695507, 2.631577, 2.557544, 2.469526, 2.385595, 2.294313, 2.201389, 2.112927, 1.980446, 1.871874, 1.760660, 1.621793, 1.485254, 1.353999, 1.230711, 1.101681, 0.989885, 0.887760, 0.792767, 0.703815, 0.639705, 0.528388, 0.537337, 0.368433, 0.490621, 0.493077, 0.509348, 0.548327, 0.588893, 0.662169, 0.747596, 0.852844, 0.974017, 1.108585, 1.244411, 1.387257, 1.557078, 1.723586, 1.893049, 2.016183, 2.307143, 2.506278, 2.648808, 2.788342, 2.885037, 2.958952, 2.979904, 2.968384, 2.929445, 2.657704, 2.554006, 2.593504, 2.204960, 2.222333, 1.756652, 1.506301, 1.241950, 1.219157, 0.705216, 0.427148, 0.165790, 0.097650, 0.351806, 0.584949, 0.805552, 1.029214, 1.282876, 1.517021, 1.764247, 1.993186, 2.217327, 2.421814, 2.578811, 2.700036, 2.793101, 2.871265, 2.909601, 2.942708, 2.955509, 2.963931, 2.951830, 2.956068, 2.943295, 2.918251, 2.884468, 2.839620, 2.752259, 2.620928, 2.474546, 2.280038, 2.059075, 1.773878, 1.563886, 1.318551, 1.079651, 0.825270, 0.602556, 0.345795, 0.099885, 0.151107, 0.397267, 0.649424, 0.896201, 1.139942, 1.374534, 1.656802, 1.873045, 2.121579, 2.374479, 2.643725, 2.859807, 3.088707, 3.268553, 3.426906, 3.555880, 3.686451, 3.779176, 3.853223, 3.887276, 3.890815, 3.861121, 3.816612, 3.773893, 3.722375, 3.687726, 3.629256, 3.592826, 3.555694, 3.521357, 3.412736, 3.430689, 3.364894, 3.289170, 3.184172, 3.042551, 2.901149, 2.742408, 2.579091, 2.413740, 2.252002, 1.876799, 1.887082, 1.700028, 1.316814, 1.323202, 0.950508, 0.777984, 0.591791, 0.565258, 0.187140, 0.181653, 0.160830, 0.320103, 0.546968, 0.677903, 0.834954, 0.993870, 1.169237, 1.342459, 1.552231, 1.750708, 1.956970, 2.187016, 2.408355, 2.640922, 2.908199, 3.186793, 3.478575, 3.777357, 4.091194, 4.425453, 4.778440, 5.164120, 5.614839, 5.979522, 6.394161, 6.831204, 7.268138, 7.709391, 8.138051, 8.561615, 8.968153, 9.374022, 9.746564, 10.124430, 10.520082, 10.849852, 11.094787, 11.311723, 11.474143, 11.582597, 11.630545, 11.625851, 11.593819, 11.457559, 11.327985, 11.081615, 10.785322, 10.434173, 10.016954, 9.607002, 9.098506, 8.586389, 8.046335, 7.472220, 6.873708, 6.246452, 5.591018, 4.906072, 4.205163, 3.504033, 2.806290, 2.120463, 1.453968, 0.781706, 0.150246, 0.474339, 1.042554, 1.572538, 2.049831, 2.751569, 2.892324, 3.268111, 3.590041, 3.861305, 4.093509, 4.272823, 4.394248, 4.475803, 4.464552, 4.402394, 4.261552, 4.084892, 3.848568, 3.570886, 3.217812, 2.846599, 2.441352, 2.036095, 1.656829, 1.249220, 0.836334, 0.394353, 0.244025, 0.153096, 0.574447, 0.977260, 1.327346, 1.654803, 1.935048, 2.120547, 2.195413, 2.296641, 2.284362, 2.206657, 2.077556, 1.870517, 1.518316, 1.139446, 0.832506, 0.367000, 0.275848, 0.754631, 1.389066, 2.205986, 2.797954, 3.721322, 4.523795, 5.174599, 6.129929, 6.757644, 7.470122, 8.177628, 8.826274, 9.438333, 9.999220, 10.506029, 10.944672, 11.305987, 11.595024, 11.791859, 11.848815, 11.793250, 11.608401, 11.305053, 10.865737, 10.312104, 9.654102, 8.927049, 8.104126, 7.208566, 6.244669, 5.203011, 4.124368, 3.016239, 1.874749, 0.721859, 0.415988, 1.537498, 2.617346, 3.642796, 4.601303, 5.514216, 6.347556, 7.124766, 7.745377, 8.307173, 8.774264, 9.176463, 9.529636, 9.798728, 9.981073, 10.101337, 10.140462, 10.125426, 10.034232, 9.871201, 9.653435, 9.376215, 9.043012, 8.666912, 8.228850, 7.774795, 7.289046, 6.777274, 6.241080, 5.675919, 5.094271, 4.263793, 3.908033, 3.304121, 2.729063, 2.182759, 1.685265, 1.266632, 0.898051, 0.600996, 0.357080, 0.210732, 0.134946, 0.137119, 0.210965, 0.326777, 0.539894, 0.804619, 1.146901, 1.511980, 1.866692, 2.304644, 2.759770, 3.216740, 3.670583, 4.154836, 4.631215, 5.110908, 5.507743, 5.913406, 6.279196, 6.631898, 6.916634, 7.164834, 7.388040, 7.543736, 7.676441, 7.783159, 7.821491, 7.819382, 7.769253, 7.705882, 7.578923, 7.416963, 7.236461, 6.870740, 6.843109, 6.618405, 6.391865, 5.999823, 5.971747, 5.770262, 5.574212, 5.402512, 5.224593, 4.874192, 4.869657, 4.695752, 4.367770, 4.218881, 4.074858, 3.938809, 3.787224, 3.664263, 3.565978, 3.451990, 3.346185, 3.254011, 3.170222, 3.109934, 2.989163, 2.904236, 2.847046, 2.789307, 2.735232, 2.725132, 2.640832, 2.573989, 2.505666, 2.427980, 2.331642, 2.231080, 2.141213, 2.032154, 1.920886, 1.820561, 1.723247, 1.639544, 1.562747, 1.481291, 1.408349, 1.333677, 1.262248, 1.175519, 1.087478, 0.994664, 0.889622, 0.773851, 0.675373, 0.590600, 0.513769, 0.463077, 0.404374, 0.352000, 0.305209, 0.263687, 0.234222, 0.201953, 0.151224, 0.089124, 0.013893, 0.045862, 0.102109, 0.140050, 0.166054, 0.172686, 0.157955, 0.145505, 0.144002, 0.136655, 0.128884, 0.189723, 0.090523, 0.062006, 0.047561, 0.054278, 0.067817, 0.080970, 0.098071, 0.111721, 0.136144, 0.150599, 0.175742, 0.214216, 0.254940, 0.283974, 0.292996, 0.383498, 0.320151, 0.314122, 0.318532, 0.296923, 0.274074, 0.216829, 0.164873, 0.120061, 0.083775, 0.051672, 0.036279, 0.038741, 0.068069, 0.099659, 0.228124, 0.197217, 0.278985, 0.372143, 0.474597, 0.583125, 0.711603, 0.827095, 0.943209, 1.057863, 1.209376, 1.230947, 1.313548, 1.384409, 1.456307, 1.592325, 1.652865, 1.639493, 1.802220, 1.892801, 1.900229, 2.127386, 2.255515, 2.278519, 2.484092, 2.591317, 2.676286, 2.753860, 2.815683, 2.853831, 2.861806, 2.866390, 2.845507, 2.796046, 2.709537, 2.545007, 2.392567, 2.239721, 2.086024, 1.936895, 1.781533, 1.625028, 1.479626, 1.334265, 1.187576, 1.038531, 0.892498, 0.737818, 0.585581, 0.432883, 0.280903, 0.148694, 0.087082, 0.055884, 0.063672, 0.087430, 0.098680, 0.123260, 0.166626, 0.191273, 0.232883, 0.239245, 0.230084, 0.208215, 0.184632, 0.163537, 0.132118, 0.117281, 0.120940, 0.117658, 0.112453, 0.140016, 0.173996, 0.184138, 0.199970, 0.225762, 0.229961, 0.227984, 0.230279, 0.220273, 0.196167, 0.176192, 0.151609, 0.110427, 0.093265, 0.086307, 0.091816, 0.121887, 0.155141, 0.189181, 0.279286, 0.244038, 0.283121, 0.311156, 0.325625, 0.321873, 0.328473, 0.335179, 0.343917, 0.367214, 0.383289, 0.419592, 0.438383, 0.476569, 0.486775, 0.604907, 0.619191, 0.684177, 0.744335, 0.825758, 0.889688, 0.949870, 0.990741, 1.032673, 1.048865, 1.054317, 1.066477, 1.091846, 1.061143, 1.076041, 1.091058, 1.052997, 1.090107, 1.126200, 1.178416, 1.322190, 1.444407, 1.557984, 1.774675, 1.951005, 2.079261, 2.288398, 2.466826, 2.604169, 2.835496, 2.999160, 3.181264, 3.373847, 3.576187, 3.771288, 3.961499, 4.121176, 4.285016, 4.450506, 4.548121, 4.595803, 4.610914, 4.584081, 4.537687, 4.447208, 4.312154, 4.096330, 3.853497, 3.576291, 3.258453, 2.906640, 2.537445, 2.157171, 1.760367, 1.372441, 0.985691, 0.611488, 0.273208, 0.055396, 0.358458, 0.650318, 0.926177, 1.167358, 1.398390, 1.613996, 1.806781, 1.975802, 2.139673, 2.280967, 2.425726, 2.542233, 2.627919, 2.693734, 2.763855, 2.803239, 2.827754, 2.853892, 2.873380, 2.861026, 2.847970, 2.838076, 2.833409, 2.839463, 2.823371, 2.802979, 2.723105, 2.660917, 2.582488, 2.512670, 2.436917, 2.344225, 2.215092, 2.105288, 2.007546, 1.884755, 1.787287, 1.657423, 1.526196, 1.395411, 1.263421, 1.131251, 0.998712, 0.865049, 0.730018, 0.594024, 0.456767, 0.318803, 0.180095, 0.041339, 0.098014, 0.244599, 0.385267, 0.526293, 0.668661, 0.811175, 0.954571, 1.094957, 1.211915, 1.291632, 1.337677, 1.302431, 1.364183, 1.369906, 1.355320, 1.332717, 1.298956, 1.274485, 1.249714, 1.235976, 1.235689, 1.199321, 1.171855, 1.132909, 1.070329, 1.014655, 0.857329, 0.855731, 0.765947, 0.596767, 0.601565, 0.530258, 0.385014, 0.392178, 0.331785, 0.217311, 0.234378, 0.188597, 0.097040, 0.059445, 0.003776, 0.057495, 0.116970, 0.187413, 0.290050, 0.308537, 0.508571, 0.616278, 0.731058, 0.842799, 0.956677, 1.061981, 1.155556, 1.244564, 1.336014, 1.426610, 1.501253, 1.558024, 1.602447, 1.646907, 1.679842, 1.706845, 1.712063, 1.712128, 1.681522, 1.649957, 1.604033, 1.546858, 1.495441, 1.423605, 1.381654, 1.336213, 1.273002, 1.212749, 1.139615, 1.043214, 0.953825, 0.856717, 0.734249, 0.611052, 0.460967, 0.321976, 0.187003, 0.044924, 0.116828, 0.315299, 0.514337, 0.679161, 0.834844, 1.008476, 1.130224, 1.266119, 1.384713, 1.505441, 1.629329, 1.765099, 1.868236, 1.979526, 2.057714, 2.114294, 2.151831, 2.133164, 2.215750, 2.250539, 2.236078, 2.239093, 2.239979, 2.216734, 2.178154, 2.130796, 2.058727, 1.973033, 1.872515, 1.784266, 1.665048, 1.529925, 1.250100, 1.212328, 1.044575, 0.881761, 0.709990, 0.536469, 0.376334, 0.226482, 0.021370, 0.039752, 0.149628, 0.259499, 0.362805, 0.447928, 0.503400, 0.643288, 0.584354, 0.580576, 0.558776, 0.502087, 0.419389, 0.331662, 0.241152, 0.162412, 0.001714, 0.128059, 0.232492, 0.375190, 0.557109, 0.665422, 0.803438, 0.938158, 1.067050, 1.201026, 1.325433, 1.443343, 1.547374, 1.652419, 1.731728, 1.787762, 1.819288, 1.845693, 1.848963, 1.835959, 1.801311, 1.763813, 1.716336, 1.649407, 1.594859, 1.551695, 1.508255, 1.449233, 1.409721, 1.353079, 1.279908, 1.204053, 1.124286, 1.037450, 0.940112, 0.853875, 0.773090, 0.680775, 0.582952, 0.501557, 0.419052, 0.352862, 0.259261, 0.161447, 0.068299, 0.046772, 0.150838, 0.265646, 0.375025, 0.466846, 0.553593, 0.617702, 0.674576, 0.711811, 0.730531, 0.758351, 0.772733, 0.783053, 0.860175, 0.943066, 1.033325, 1.147264, 1.293347, 1.438990, 1.592034, 1.711201, 1.817236, 1.898991, 1.963826, 1.999518, 2.000905, 1.985680, 1.922842, 1.884651, 1.815451, 1.741632, 1.666803, 1.616142, 1.532108, 1.474430, 1.407575, 1.417628, 1.282838, 1.242099, 1.201491, 1.167434, 1.147956, 1.106798, 1.061722, 1.016150, 0.959358, 0.900470, 0.833026, 0.745559, 0.650634, 0.566360, 0.555270, 0.434757, 0.359693, 0.288502, 0.241615, 0.211069, 0.185487, 0.164588, 0.149752, 0.132440, 0.202673, 0.122856, 0.118964, 0.203613, 0.128292, 0.219960, 0.243550, 0.183217, 0.226823, 0.378647, 0.345819, 0.522561, 0.611346, 0.583504, 0.780341, 0.879998, 0.857198, 1.061522, 1.150681, 1.233338, 1.316579, 1.383283, 1.435509, 1.489044, 1.521314, 1.549936, 1.558416, 1.557789, 1.543407, 1.528194, 1.505359, 1.455686, 1.388939, 1.306355, 1.212369, 1.107994, 0.993046, 0.884520, 0.766123, 0.659846, 0.566770, 0.479167, 0.391410, 0.306248, 0.217393, 0.134644, 0.055691, 0.023408, 0.103944, 0.188880, 0.267812, 0.360095, 0.441082, 0.522375, 0.590263, 0.592048, 0.697292, 0.779620, 0.865798, 0.961747, 1.020863, 1.079641, 1.121134, 1.154668, 1.189548, 1.175683, 1.144113, 1.110184, 1.077842, 1.035719, 1.011488, 0.986228, 0.990065, 1.053422, 1.089495, 1.151994, 1.238247, 1.324376, 1.416846, 1.513347, 1.496031, 1.617764, 1.660076, 1.677105, 1.686021, 1.684517, 1.677944, 1.685961, 1.702002, 1.645719, 1.724346, 1.744114, 1.772642, 1.808005, 1.851903, 1.815554, 1.937785, 1.975597, 2.023964, 2.048549, 2.058085, 2.084779, 2.097268, 2.110089, 2.099762, 2.082835, 2.071625, 2.057931, 2.005352, 2.020226, 1.922286, 2.013540, 2.011584, 2.011697, 2.021315, 2.026358, 2.028940, 2.044026, 2.005667, 2.101439, 2.127576, 2.090216, 2.195548, 2.221080, 2.175340, 2.189926, 2.281091, 2.195908, 2.178920, 2.134762, 2.073705, 1.986645, 1.896559, 1.782504, 1.658669, 1.542951, 1.406094, 1.255585, 1.071947, 0.879052, 0.654131, 0.398814, 0.135709, 0.116515, 0.385378, 0.652849, 0.909275, 1.160822, 1.421449, 1.668431, 1.936306, 2.206896, 2.469803, 2.905366, 3.167907, 3.421094, 3.642043, 3.845369, 4.001609, 4.106691, 4.192702, 4.262494, 4.296126, 4.314768, 4.317291, 4.294127, 4.253754, 4.186193, 4.097330, 3.998407, 3.879567, 3.750089, 3.645794, 3.494706, 3.310143, 3.103815, 2.890458, 2.662569, 2.450997, 2.247073, 2.021900, 1.774258, 1.528072, 1.250374, 0.977977, 0.700159, 0.408235, 0.095246, 0.254177, 0.632423, 0.996014, 1.351471, 1.709785, 2.053321, 2.418561, 2.765030, 3.093634, 3.382037, 3.627878, 3.838037, 4.005054, 4.140797, 4.193458, 4.162195, 4.100085, 3.982930, 3.816749, 3.608081, 3.328524, 3.012700, 2.650873, 2.265734, 1.872512, 1.461016, 1.039533, 0.438458, 0.228630, 0.136382, 0.606576, 0.891508, 1.027437, 1.252582, 1.434225, 1.593320, 1.691003, 1.735460, 1.746581, 1.717948, 1.656479, 1.521261, 1.425917, 1.263288, 1.100219, 0.952176, 0.798352, 0.632290, 0.417622, 0.179748, 0.025688, 0.232375, 0.466245, 0.691260, 0.914623, 1.113557, 1.294512, 1.494577, 1.674288, 1.851563, 1.962692, 2.088038, 2.190118, 2.281620, 2.368632, 2.489760, 2.614718, 2.707346, 2.793869, 2.878649, 2.944715, 3.008896, 3.058306, 3.089304, 3.098419, 3.104698, 3.100058, 3.097016, 3.081587, 3.074803, 3.056612, 3.032708, 3.017642, 2.994823, 2.963747, 2.933999, 2.898125, 2.868196, 2.831374, 2.814474, 2.788936, 2.757505, 2.737321, 2.703319, 2.660395, 2.620775, 2.571394, 2.512755, 2.453188, 2.363204, 2.276790, 2.172033, 2.025712, 1.882964, 1.717814, 1.527918, 1.317022, 1.099084, 0.873436, 0.620413, 0.354038, 0.111242, 0.166769, 0.433559, 0.716511, 1.004776, 1.281055, 1.712964, 1.796287, 2.035602, 2.233906, 2.451834, 2.657631, 2.793165, 2.871965, 2.890296, 2.859348, 2.785880, 2.673033, 2.524765, 2.361391, 2.171671, 1.994228, 1.760542, 1.503250, 1.214081, 1.019659, 0.765134, 0.493620, 0.211524, 0.069871, 0.362982, 0.654298, 0.929198, 1.204457, 1.384976, 1.595934, 1.692578, 1.792085, 1.853097, 1.863136, 1.836368, 1.884674, 1.678386, 1.566179, 1.377021, 1.254713, 1.109342, 1.095624, 0.784362, 0.611489, 0.414423, 0.202291, 0.032777, 0.275408, 0.522664, 0.772636, 1.015596, 1.257392, 1.514939, 1.754912, 2.012277, 2.265953, 2.540665, 2.819712, 3.101092, 3.394798, 3.710586, 4.037234, 4.375249, 4.719928, 5.068128, 5.398965, 5.722496, 6.019881, 6.336199, 6.602616, 6.882613, 7.124430, 7.331258, 7.463756, 7.568386, 7.619466, 7.639833, 7.612040, 7.567271, 7.464518, 7.345564, 7.181637, 7.032251, 6.812970, 6.596054, 6.356909, 6.106468, 5.834511, 5.546050, 5.238552, 4.925152, 4.494606, 4.311992, 4.013378, 3.713911, 3.416709, 3.146411, 2.893833, 2.655164, 2.454056, 2.257925, 2.072344, 1.901672, 1.721397, 1.554312, 1.416248, 1.300902, 1.195078, 1.112216, 1.000873, 0.900657, 0.823053, 0.748208, 0.669153, 0.584852, 0.494579, 0.401019, 0.288219, 0.176185, 0.073358, 0.030819, 0.137112, 0.362091, 0.347289, 0.454086, 0.544786, 0.642639, 0.743757, 0.848422, 0.942211, 1.034066, 1.109899, 1.195201, 1.276928, 1.352444, 1.441071, 1.518128, 1.652960, 1.711036, 1.685371, 1.723702, 1.804567, 1.758897, 1.824302, 1.821294, 1.755205, 1.804211, 1.736109, 1.708417, 1.711850, 1.629800, 1.615946, 1.552393, 1.485246, 1.429694, 1.371072, 1.291559, 1.206736, 1.102996, 1.000412, 0.935846, 0.847892, 0.731404, 0.644103, 0.539783, 0.447501, 0.369583, 0.249583, 0.158681, 0.054088, 0.029449, 0.132812, 0.234161, 0.333143, 0.435973, 0.536000, 0.613120, 0.686151, 0.773942, 0.831189, 0.887266, 0.929290, 0.963585, 0.996058, 1.033742, 1.091131, 1.158595, 1.236030, 1.288208, 1.340914, 1.391285, 1.437847, 1.477568, 1.517297, 1.548914, 1.591338, 1.626237, 1.693593, 1.742454, 1.763932, 1.800259, 1.824300, 1.826095, 1.827270, 1.815276, 1.796175, 1.769494, 1.742773, 1.721866, 1.697777, 1.680444, 1.649072, 1.571026, 1.588169, 1.545075, 1.510676, 1.472077, 1.443173, 1.404525, 1.384086, 1.355007, 1.313885, 1.271256, 1.219286, 1.174551, 1.131852, 1.075755, 0.956259, 0.951201, 0.889874, 0.827210, 0.780459, 0.732263, 0.706663, 0.674831, 0.652774, 0.646828, 0.681158, 0.685394, 0.700437, 0.732802, 0.752595, 0.726438, 0.759767, 0.745668, 0.726003, 0.708454, 0.696182, 0.665944, 0.639442, 0.605370, 0.534721, 0.540969, 0.477792, 0.454104, 0.465037, 0.399164, 0.355268, 0.346865, 0.233133, 0.161555, 0.092889, 0.003022, 0.084806, 0.176895, 0.272006, 0.372573, 0.464999, 0.544457, 0.629296, 0.698824, 0.747970, 0.801123, 0.827033, 0.850555, 0.843903, 0.797217, 0.778013, 0.745039, 0.708333, 0.653300, 0.630717, 0.590200, 0.553831, 0.504632, 0.423793, 0.340242, 0.260841, 0.180915, 0.100397, 0.019998, 0.059116, 0.138577, 0.221025, 0.323481, 0.431036, 0.543674, 0.656116, 0.766596, 0.871439, 0.960141, 1.038741, 1.111854, 1.187370, 1.263136, 1.338980, 1.414383, 1.480838, 1.556042, 1.640844, 1.732898, 1.834092, 1.929903, 2.012414, 2.095008, 2.177886, 2.267169, 2.348890, 2.438510, 2.532063, 2.624892, 2.717844, 2.811369, 2.895088, 2.966898, 3.033057, 3.089196, 3.132393, 3.178038, 3.205393, 3.211712, 3.199591, 3.169947, 3.066694, 3.038781, 2.937703, 2.810875, 2.647190, 2.448375, 2.230759, 1.978853, 1.713511, 1.445855, 1.148585, 0.821649, 0.492147, 0.147517, 0.206591, 0.665426, 0.922540, 1.276433, 1.632161, 1.975064, 2.318745, 2.660405, 2.970143, 3.269180, 3.609869, 3.764640, 3.955288, 4.102088, 4.174583, 4.229214, 4.214002, 4.173776, 4.037308, 3.772771, 3.510939, 3.329833, 2.857012, 2.641829, 2.101332, 1.711978, 1.459984, 0.912558, 0.542409, 0.328394, 0.131679, 0.438491, 0.726072, 0.977125, 1.187828, 1.355757, 1.508379, 1.629450, 1.725206, 1.781672, 1.795605, 1.765913, 1.758856, 1.743536, 1.688264, 1.623993, 1.586428, 1.534410, 1.470179, 1.385871, 1.263536, 1.120643, 0.953285, 0.774307, 0.593821, 0.433629, 0.285988, 0.194280, 0.069935, 0.014196, 0.080790, 0.147165, 0.214244, 0.281065, 0.347602, 0.414321, 0.480123, 0.545925, 0.582429, 0.596722, 0.644123, 0.691209, 0.747784, 0.816562, 0.888928, 0.954118, 0.956312, 0.967931, 0.968926, 0.976667, 0.994928, 0.992051, 1.038421, 1.053316, 1.072179, 1.094650, 1.111924, 1.090054, 1.081649, 1.062603, 1.042897, 0.946265, 0.979191, 0.993149, 1.027673, 1.113784, 1.186344, 1.321404, 1.430062, 1.546208, 1.678452, 1.791346, 1.936834, 2.050192, 2.152808, 2.228808, 2.249243, 2.358232, 2.388336, 2.427664, 2.480758, 2.520699, 2.577353, 2.641949, 2.697501, 2.759460, 2.814402, 2.870655, 2.913447, 2.964561, 3.011448, 3.011624, 3.112124, 3.145051, 3.163709, 3.194322, 3.221896, 3.230407, 3.242791, 3.250714, 3.258151, 3.213269, 3.241331, 3.330404, 3.346816, 3.451961, 3.489515, 3.555569, 3.634547, 3.753626, 3.800352, 3.908892, 3.908269, 3.943446, 3.988523, 3.987911, 4.004284, 4.015820, 4.007692, 3.994122, 3.974384, 3.946806, 3.921017, 3.874752, 3.808909, 3.746366, 3.670766, 3.547072, 3.434475, 3.304987, 3.183690, 3.049491, 2.913395, 2.764630, 2.603195, 2.434954, 2.271974, 2.126211, 1.939703, 1.773094, 1.594427, 1.427061, 1.281418, 1.121637, 0.975893, 0.853646, 0.737097, 0.539372, 0.470812, 0.361329, 0.240695, 0.150706, 0.060100, 0.014496, 0.070892, 0.109549, 0.149150, 0.173883, 0.206545, 0.226929, 0.267515, 0.304816, 0.336424, 0.378627, 0.411185, 0.456698, 0.507807, 0.549478, 0.582304, 0.597120, 0.610600, 0.615293, 0.600403, 0.579564, 0.549786, 0.511236, 0.454849, 0.385645, 0.305853, 0.251009, 0.188541, 0.146383, 0.065158, 0.015643, 0.030266, 0.103248, 0.185266, 0.262257, 0.360443, 0.486798, 0.633356, 0.760820, 0.878895, 1.001795, 1.127525, 1.252217, 1.361159, 1.487307, 1.586638, 1.670002, 1.751869, 1.843714, 1.929853, 1.994889, 2.052810, 2.110053, 2.158468, 2.174145, 2.187352, 2.201305, 2.215888, 2.171124, 2.216432, 2.212387, 2.208901, 2.184992, 2.156686, 2.116142, 2.072325, 1.947115, 1.960258, 1.902544, 1.774561, 1.793685, 1.728457, 1.577760, 1.502800, 1.516443, 1.350079, 1.351399, 1.190507, 1.116608, 1.041686, 0.963806, 0.871294, 0.807972, 0.737329, 0.670323, 0.626458, 0.596758, 0.555145, 0.521428, 0.481059, 0.461272, 0.436213, 0.436544, 0.415523, 0.410344, 0.415074, 0.445034, 0.486416, 0.568519, 0.597805, 0.666858, 0.776781, 0.871695, 1.016483, 1.138668, 1.263555, 1.360978, 1.449789, 1.512751, 1.546840, 1.587489, 1.627672, 1.647838, 1.661157, 1.683434, 1.681212, 1.700514, 1.704273, 1.706512, 1.682918, 1.657282, 1.621217, 1.566924, 1.505211, 1.440682, 1.357948, 1.263829, 1.180480, 1.081390, 1.004533, 0.922153, 0.836239, 0.753753, 0.590637, 0.610774, 0.536813, 0.449035, 0.374590, 0.298304, 0.230132, 0.155636, 0.064745, 0.023582, 0.110461, 0.209056, 0.306352, 0.410999, 0.496767, 0.674842, 0.655992, 0.727746, 0.771921, 0.792919, 0.785368, 0.786692, 0.733482, 0.625902, 0.546319, 0.460564, 0.332321, 0.209473, 0.087724, 0.046068, 0.110807, 0.240555, 0.315380, 0.383190, 0.491761, 0.550233, 0.656251, 0.714851, 0.800015, 0.928351, 1.073944, 1.155345, 1.269083, 1.386542, 1.489773, 1.582452, 1.664117, 1.744281, 1.803100, 1.833303, 1.858369, 1.864131, 1.871369, 1.866444, 1.845934, 1.841641, 1.841646, 1.844251, 1.849417, 1.853248, 1.848140, 1.853379, 1.848250, 1.825813, 1.794570, 1.761096, 1.714401, 1.665650, 1.605838, 1.531707, 1.489340, 1.370137, 1.270012, 1.149324, 1.031289, 0.884667, 0.756362, 0.580577, 0.403959, 0.216774, 0.032609, 0.142223, 0.324850, 0.517435, 0.718452, 0.924153, 1.151511, 1.369317, 1.603375, 1.858563, 2.113912, 2.360282, 2.604524, 2.845402, 3.075412, 3.284377, 3.448621, 3.564623, 3.636351, 3.662959, 3.657271, 3.617132, 3.535944, 3.448816, 3.348557, 3.236081, 3.130033, 3.021537, 2.884595, 2.790513, 2.654560, 2.540617, 2.419688, 2.275703, 2.130416, 2.009388, 1.908937, 1.791852, 1.637043, 1.496906, 1.350734, 1.224140, 1.058458, 0.913754, 0.753012, 0.591430, 0.453545, 0.324199, 0.192108, 0.064618, 0.067549, 0.181719, 0.271760, 0.342680, 0.395897, 0.450092, 0.444594, 0.536572, 0.580587, 0.622995, 0.642082, 0.661436, 0.600032, 0.647794, 0.622929, 0.533495, 0.544340, 0.487280, 0.430160, 0.374008, 0.313350, 0.187958, 0.218678, 0.090782, 0.066435, 0.060178, 0.000733, 0.047118, 0.012229, 0.115968, 0.136561, 0.157945, 0.183057, 0.218012, 0.253258, 0.288142, 0.319057, 0.329041, 0.328988, 0.278597, 0.279201, 0.254741, 0.197875, 0.129148, 0.045637, 0.033473, 0.114886, 0.195074, 0.272167, 0.344791, 0.414177, 0.477601, 0.528898, 0.582447, 0.636287, 0.687474, 0.725873, 0.757088, 0.637009, 0.765316, 0.904908, 1.027117, 1.161518, 1.289747, 1.408004, 1.506307, 1.585908, 1.648203, 1.692956, 1.728500, 1.753199, 1.749185, 1.735415, 1.701312, 1.653129, 1.594812, 1.524076, 1.441877, 1.339974, 1.206769, 1.085853, 0.946118, 0.788191, 0.626188, 0.431696, 0.234281, 0.014410, 0.220438, 0.496372, 0.795783, 1.134335, 1.480099, 1.846061, 2.246294, 2.643945, 3.061023, 3.486706, 3.932274, 4.393498, 4.878492, 5.384864, 5.879270, 6.401632, 6.913570, 7.422743, 7.853909, 8.281766, 8.677130, 9.005372, 9.300531, 9.581282, 9.747959, 9.838589, 9.830774, 9.764704, 9.646501, 9.474666, 9.270759, 9.033192, 8.613077, 8.484475, 8.177273, 7.865674, 7.557446, 7.260035, 6.960086, 6.493840, 6.426262, 6.205284, 6.012068, 5.862886, 5.704515, 5.575137, 5.452873, 5.351413, 5.244196, 5.139805, 5.032121, 4.933656, 4.812245, 4.681474, 4.359627, 4.200249, 4.214860, 3.885693, 3.704275, 3.692237, 3.283240, 3.070757, 3.048886, 2.644460, 2.428650, 2.226616, 2.025195, 1.836475, 1.652148, 1.467684, 1.291002, 1.134944, 0.990774, 0.884083, 0.776464, 0.698332, 0.644599, 0.607283, 0.583208, 0.600875, 0.644125, 0.696404, 0.761753, 0.869432, 1.012737, 1.158573, 1.327189, 1.519628, 1.716152, 1.920340, 2.144305, 2.388960, 2.622104, 2.864477, 3.133645, 3.314668, 3.511334, 3.677864, 3.813865, 3.931392, 4.015726, 4.054452, 4.057151, 4.030723, 3.979767, 3.912879, 3.822157, 3.714920, 3.620610, 3.516531, 3.395257, 3.275841, 3.139281, 3.007386, 2.869341, 2.729634, 2.594987, 2.478156, 2.253570, 2.087434, 1.935723, 1.756481, 1.577106, 1.430258, 1.278689, 1.165974, 1.057476, 0.936180, 0.826653, 0.524578, 0.615887, 0.528011, 0.440572, 0.373091, 0.293853, 0.237456, 0.189718, 0.160799, 0.136404, 0.120968, 0.130298, 0.138135, 0.153789, 0.192729, 0.114812, 0.186728, 0.281190, 0.469404, 0.555296, 0.655205, 0.767317, 0.766247, 0.923869, 0.987716, 1.091775, 1.303555, 1.282397, 1.401628, 1.554203, 1.536797, 1.635651, 1.746216, 1.945550, 1.948967, 2.053295, 2.164786, 2.260165, 2.352151, 2.439114, 2.482662, 2.506444, 2.521039, 2.507193, 2.483264, 2.433326, 2.389350, 2.299969, 2.201114, 2.082171, 1.969086, 1.823465, 1.681178, 1.521905, 1.364472, 1.217173, 1.065220, 0.922527, 0.802995, 0.638720, 0.502923, 0.389763, 0.292704, 0.143286, 0.037111, 0.045574, 0.115711, 0.185651, 0.241816, 0.291054, 0.326669, 0.349925, 0.349463, 0.338761, 0.310074, 0.254546, 0.164428, 0.081198, 0.027226, 0.166648, 0.311695, 0.461385, 0.593317, 0.729187, 0.863958, 0.987598, 1.093915, 1.180817, 1.254933, 1.302535, 1.349374, 1.376173, 1.370925, 1.337378, 1.322614, 1.305200, 1.267812, 1.218848, 1.170768, 1.040746, 1.005958, 0.961773, 0.882424, 0.796935, 0.679990, 0.576354, 0.482859, 0.393520, 0.402857, 0.325963, 0.178037, 0.196031, 0.125572, 0.058667, 0.010524, 0.052264, 0.101485, 0.143286, 0.182474, 0.260669, 0.259522, 0.225559, 0.198968, 0.211903, 0.168235, 0.081184, 0.017318, 0.032924, 0.107697, 0.185271, 0.216527, 0.335169, 0.417537, 0.446253, 0.520076, 0.594565, 0.648533, 0.669434, 0.694430, 0.664206, 0.668466, 0.658212, 0.573680, 0.593351, 0.597974, 0.627837, 0.730139, 0.764461, 0.840144, 0.850961, 0.804050, 0.648898, 0.460054, 
,,,0.021755, 0.036923, 0.051966, 0.066448, 0.082090, 0.094555, 0.106353, 0.117797, 0.129397, 0.140794, 0.152116, 0.163813, 0.175248, 0.189997, 0.206707, 0.223392, 0.240071, 0.258665, 0.275103, 0.289759, 0.306471, 0.323693, 0.339759, 0.356507, 0.373205, 0.389804, 0.406493, 0.423258, 0.439844, 0.456578, 0.473273, 0.491698, 0.506786, 0.525518, 0.540193, 0.556840, 0.573912, 0.590153, 0.606929, 0.623457, 0.640193, 0.656870, 0.673435, 0.690216, 0.710760, 0.723504, 0.740155, 0.756749, 0.775419, 0.796462, 0.807661, 0.824584, 0.840140, 0.856913, 0.873680, 0.890335, 0.906983, 0.923675, 0.940364, 0.956991, 0.973684, 0.990367, 1.007071, 1.025380, 1.040573, 1.057263, 1.074299, 1.090763, 1.107500, 1.124198, 1.140757, 1.157536, 1.174234, 1.190886, 1.207618, 1.224286, 1.241031, 1.257992, 1.276424, 1.291536, 1.308300, 1.324331, 1.340970, 1.357850, 1.374576, 1.391139, 1.407778, 1.424597, 1.441184, 1.457779, 1.476117, 1.491125, 1.507751, 1.526415, 1.541052, 1.558140, 1.574175, 1.590906, 1.607524, 1.624182, 1.640858, 1.659212, 1.674311, 1.690940, 1.707835, 1.724452, 1.740972, 1.757747, 1.776342, 1.791653, 1.808181, 1.824483, 1.841208, 1.858108, 1.874807, 1.891425, 1.908233, 1.924999, 1.945439, 1.958207, 1.974952, 1.991573, 2.008221, 2.026557, 2.041606, 2.058609, 2.075179, 2.091875, 2.108369, 2.124969, 2.141600, 2.158257, 2.174834, 2.191565, 2.208249, 2.224948, 2.241592, 2.258632, 2.276377, 2.292132, 2.308277, 2.324939, 2.341551, 2.358307, 2.374965, 2.391690, 2.408423, 2.424995, 2.441701, 2.458367, 2.475020, 2.491729, 2.508442, 2.526371, 2.542344, 2.558497, 2.575138, 2.591807, 2.608529, 2.625116, 2.641976, 2.658720, 2.675213, 2.692141, 2.709022, 2.725515, 2.742164, 2.758810, 2.777478, 2.794235, 2.808868, 2.825577, 2.842193, 2.858922, 2.875579, 2.892195, 2.908848, 2.925480, 2.942092, 2.960391, 2.975715, 2.992423, 3.009233, 3.027439, 3.042960, 3.059167, 3.076001, 3.092709, 3.109365, 3.126033, 3.142664, 3.159233, 3.175968, 3.192613, 3.209440, 3.228292, 3.242827, 3.259629, 3.278576, 3.293006, 3.309742, 3.326464, 3.343076, 3.359813, 3.376440, 3.393042, 3.409764, 3.426503, 3.443148, 3.459795, 3.476842, 3.493518, 3.510130, 3.528486, 3.543397, 3.560026, 3.576718, 3.593291, 3.610008, 3.628258, 3.643606, 3.660251, 3.676923, 3.693597, 3.711821, 3.726805, 3.743475, 3.760219, 3.778478, 3.793343, 3.810193, 3.826757, 3.843412, 3.860170, 3.876742, 3.893635, 3.910368, 3.927103, 3.943758, 3.960280, 3.977225, 3.993956, 4.010933, 4.028505, 4.043814, 4.060347, 4.077309, 4.093951, 4.110720, 4.127051, 4.143860, 4.160462, 4.177068, 4.193722, 4.210180, 4.226986, 4.243473, 4.260820, 4.276846, 4.295370, 4.310055, 4.326583, 4.343194, 4.359947, 4.376554, 4.393313, 4.409902, 4.426663, 4.443360, 4.459966, 4.476624, 4.493399, 4.510530, 4.526695, 4.545234, 4.560041, 4.576729, 4.593412, 4.610033, 4.630233, 4.643401, 4.660094, 4.676752, 4.693451, 4.710137, 4.726811, 4.743460, 4.760376, 4.776807, 4.795261, 4.810220, 4.826879, 4.843583, 4.860248, 4.876860, 4.893586, 4.910223, 4.926976, 4.943576, 4.960317, 4.977052, 4.993697, 5.010556, 5.027391, 5.045395, 5.060522, 5.077100, 5.093830, 5.110579, 5.127349, 5.143934, 5.160546, 5.177208, 5.193933, 5.210633, 5.227316, 5.244476, 5.261181, 5.277556, 5.296489, 5.311158, 5.327684, 5.344433, 5.361016, 5.377800, 5.394387, 5.411244, 5.427972, 5.444592, 5.461223, 5.477935, 5.496265, 5.511598, 5.527855, 5.546470, 5.560992, 5.577714, 5.594335, 5.610944, 5.627597, 5.645724, 5.660889, 5.677551, 5.694979, 5.710873, 5.727498, 5.747728, 5.760797, 5.777495, 5.796330, 5.811110, 5.827781, 5.844330, 5.861197, 5.877773, 5.894537, 5.911235, 5.928248, 5.944785, 5.961418, 5.978150, 5.994646, 6.011428, 6.027978, 6.046302, 6.061138, 6.077896, 6.094523, 6.111180, 6.127893, 6.144545, 6.161269, 6.177905, 6.194608, 6.211436, 6.228037, 6.244659, 6.261323, 6.277950, 6.296288, 6.311329, 6.328032, 6.344762, 6.361405, 6.378007, 6.394672, 6.411386, 6.428171, 6.444775, 6.461476, 6.478247, 6.494857, 6.511486, 6.528141, 6.546213, 6.561617, 6.578226, 6.595178, 6.611914, 6.628391, 6.645056, 6.661712, 6.678417, 6.695168, 6.711784, 6.728560, 6.745198, 6.761790, 6.778472, 6.796462, 6.811869, 6.828437, 6.845057, 6.861703, 6.878379, 6.894907, 6.911501, 6.928311, 6.944959, 6.961451, 6.978124, 6.995175, 7.011427, 7.028205, 7.044750, 7.063246, 7.079907, 7.095138, 7.111665, 7.128308, 7.144943, 7.161558, 7.178243, 7.194985, 7.211729, 7.228785, 7.244984, 7.261699, 7.278324, 7.294892, 7.313223, 7.328277, 7.346603, 7.361654, 7.378282, 7.394986, 7.411626, 7.428335, 7.445100, 7.461784, 7.478489, 7.495255, 7.511832, 7.528461, 7.545121, 7.563201, 7.578466, 7.595187, 7.611838, 7.628489, 7.645241, 7.661949, 7.678577, 7.695274, 7.712115, 7.729438, 7.749398, 7.763614, 7.778760, 7.795481, 7.814311, 7.828840, 7.845558, 7.862421, 7.879027, 7.895620, 7.912222, 7.929043, 7.945624, 7.962678, 7.979521, 7.995689, 8.012352, 8.029052, 8.045662, 8.064196, 8.079006, 8.095715, 8.112385, 8.129055, 8.145792, 8.162479, 8.179155, 8.195897, 8.212561, 8.229715, 8.245896, 8.262819, 8.279448, 8.296079, 8.314262, 8.329384, 8.345970, 8.362680, 8.379402, 8.396017, 8.412714, 8.429548, 8.446203, 8.462763, 8.479436, 8.495995, 8.512741, 8.529423, 8.546252, 8.564294, 8.579691, 8.596374, 8.612949, 8.629583, 8.646247, 8.662939, 8.679703, 8.696390, 8.713285, 8.730010, 8.746509, 8.763143, 8.779745, 8.796430, 8.815278, 8.829783, 8.846488, 8.863139, 8.879779, 8.896489, 8.913122, 8.929742, 8.946411, 8.963467, 8.979641, 8.996273, 9.012976, 9.029847, 9.046450, 9.065193, 9.079810, 9.096447, 9.113001, 9.129775, 9.148105, 9.163091, 9.179812, 9.196461, 9.213654, 9.229800, 9.246543, 9.263403, 9.280041, 9.296600, 9.315161, 9.330178, 9.346855, 9.363454, 9.381764, 9.396866, 9.413675, 9.430290, 9.446905, 9.463935, 9.480203, 9.496834, 9.513532, 9.530173, 9.546871, 9.565106, 9.580318, 9.596851, 9.613586, 9.630303, 9.646921, 9.663701, 9.680422, 9.696961, 9.713988, 9.730355, 9.746995, 9.765721, 9.780332, 9.797052, 9.815138, 9.830402, 9.847298, 9.863904, 9.880728, 9.897583, 9.914402, 9.931026, 9.947698, 9.964278, 9.980957, 9.997628, 10.014357, 10.031074, 10.047665, 10.066174, 10.081071, 10.097639, 10.114380, 10.131088, 10.147743, 10.164524, 10.181125, 10.198323, 10.214409, 10.231118, 10.247766, 10.264542, 10.281195, 10.297888, 10.316240, 10.331638, 10.348139, 10.364760, 10.381420, 10.398126, 10.415115, 10.431522, 10.448569, 10.464765, 10.481458, 10.498141, 10.514784, 10.531450, 10.548069, 10.566441, 10.581580, 10.598088, 10.614783, 10.633293, 10.648446, 10.665220, 10.681770, 10.698601, 10.714968, 10.731663, 10.748339, 10.765001, 10.781689, 10.799921, 10.817199, 10.831743, 10.848313, 10.865005, 10.881646, 10.898356, 10.915549, 10.932445, 10.948521, 10.965203, 10.981928, 10.998678, 11.015348, 11.031993, 11.052564, 11.067105, 11.082262, 11.098709, 11.115388, 11.132034, 11.148879, 11.165366, 11.182557, 11.198733, 11.215430, 11.232139, 11.248811, 11.265486, 11.282171, 11.298871, 11.317141, 11.332273, 11.348805, 11.365617, 11.382349, 11.398901, 11.416275, 11.432965, 11.448968, 11.465740, 11.482377, 11.499085, 11.515729, 11.532391, 11.549154, 11.567055, 11.582434, 11.599295, 11.615987, 11.632607, 11.649466, 11.666005, 11.683126, 11.699291, 11.716208, 11.732740, 11.749343, 11.766108, 11.782685, 11.799383, 11.818075, 11.832673, 11.849351, 11.867764, 11.882884, 11.899484, 11.916806, 11.932833, 11.949457, 11.966124, 11.982831, 12.001002, 12.016376, 12.033047, 12.049606, 12.068083, 12.083030, 12.099686, 12.116454, 12.133135, 12.150022, 12.166987, 12.183115, 12.199820, 12.216602, 12.233282, 12.249840, 12.266546, 12.283164, 12.299865, 12.318105, 12.335345, 12.350134, 12.366798, 12.383315, 12.399920, 12.417375, 12.433276, 12.449997, 12.466689, 12.483368, 12.500009, 12.516916, 12.533556, 12.550092, 12.568061, 12.583476, 12.600042, 12.616758, 12.633479, 12.650124, 12.667238, 12.683412, 12.700040, 12.716728, 12.733418, 12.750092, 12.766776, 12.783616, 12.800331, 12.818258, 12.833682, 12.850295, 12.867060, 12.883725, 12.900805, 12.917047, 12.935056, 12.950370, 12.967012, 12.983562, 13.000250, 13.016860, 13.033571, 13.050185, 13.069047, 13.085193, 13.100239, 13.117012, 13.133688, 13.150363, 13.167444, 13.183561, 13.200312, 13.216965, 13.233794, 13.250573, 13.267045, 13.283879, 13.300679, 13.319319, 13.334259, 13.350855, 13.367481, 13.384253, 13.401335, 13.417725, 13.437709, 13.450747, 13.467261, 13.483933, 13.500551, 13.517243, 13.533928, 13.550565, 13.569130, 13.583932, 13.600611, 13.617425, 13.633958, 13.650820, 13.667396, 13.683931, 13.700708, 13.717451, 13.734055, 13.750622, 13.767276, 13.784038, 13.800629, 13.819052, 13.834087, 13.850905, 13.867606, 13.884275, 13.900845, 13.917559, 13.934201, 13.950893, 13.967563, 13.984237, 14.000977, 14.017682, 14.034361, 14.050947, 14.069130, 14.084295, 14.100961, 14.117637, 14.134283, 14.151173, 14.167743, 14.184306, 14.201044, 14.217626, 14.234341, 14.252499, 14.267619, 14.284281, 14.300950, 14.318993, 14.334341, 14.351063, 14.367783, 14.384870, 14.401037, 14.417724, 14.435898, 14.451140, 14.467739, 14.484483, 14.501080, 14.517715, 14.534395, 14.552995, 14.570026, 14.584524, 14.601278, 14.617898, 14.635005, 14.654460, 14.667923, 14.684594, 14.701296, 14.717895, 14.734581, 14.751203, 14.767905, 14.784627, 14.801082, 14.817745, 14.836028, 14.851245, 14.868213, 14.885429, 14.901482, 14.918388, 14.934981, 14.951515, 14.968201, 14.984819, 15.001534, 15.018216, 15.034852, 15.051713, 15.068315, 15.087221, 15.101728, 15.118739, 15.135534, 15.151649, 15.168247, 15.184951, 15.201586, 15.218267, 15.234916, 15.251588, 15.268246, 15.284894, 15.301609, 15.318229, 15.337050, 15.351591, 15.368389, 15.385397, 15.401536, 15.418564, 15.435093, 15.451634, 15.468252, 15.485108, 15.501800, 15.518356, 15.535019, 15.551704, 15.568351, 15.587085, 15.601830, 15.618446, 15.635558, 15.651803, 15.668654, 15.685217, 15.701812, 15.718497, 15.735181, 15.751904, 15.768674, 15.785324, 15.802077, 15.818753, 15.839034, 15.852256, 15.868896, 15.885889, 15.902381, 15.919214, 15.935793, 15.952481, 15.969189, 15.985803, 16.002487, 16.020733, 16.035856, 16.052456, 16.069277, 16.085916, 16.103899, 16.123161, 16.135944, 16.152619, 16.169296, 16.185942, 16.202527, 16.219158, 16.235824, 16.252567, 16.271227, 16.286955, 16.302495, 16.319191, 16.336176, 16.354005, 16.369437, 16.386003, 16.402689, 16.419380, 16.436030, 16.452708, 16.469391, 16.486237, 16.502850, 16.519506, 16.536121, 16.552824, 16.569553, 16.586227, 16.604940, 16.620000, 16.636210, 16.652907, 16.669608, 16.686283, 16.702859, 16.719524, 16.736207, 16.752888, 16.769582, 16.786264, 16.803128, 16.819877, 16.836545, 16.855193, 16.870203, 16.886915, 16.903666, 16.920492, 16.937130, 16.953673, 16.970388, 16.986976, 17.003678, 17.020359, 17.036968, 17.054053, 17.070533, 17.087171, 17.106024, 17.120577, 17.137027, 17.153688, 17.170564, 17.187127, 17.203697, 17.220284, 17.238563, 17.253644, 17.270285, 17.287231, 17.303852, 17.320412, 17.337186, 17.356141, 17.370644, 17.387233, 17.405431, 17.420660, 17.437324, 17.454090, 17.470833, 17.487486, 17.504119, 17.520623, 17.537353, 17.553942, 17.570530, 17.587452, 17.605857, 17.620442, 17.637176, 17.657784, 17.670641, 17.687225, 17.703889, 17.720478, 17.737173, 17.753710, 17.770465, 17.787182, 17.803756, 17.820523, 17.837189, 17.854025, 17.871867, 17.887133, 17.903759, 17.920495, 17.937125, 17.953736, 17.970379, 17.987132, 18.003803, 18.020688, 18.037371, 18.053885, 18.070933, 18.087610, 18.104341, 18.121951, 18.137297, 18.154038, 18.170631, 18.187363, 18.204029, 18.220679, 18.237338, 18.253942, 18.270593, 18.287288, 18.303982, 18.321493, 18.337641, 18.354441, 18.372882, 18.387441, 18.404022, 18.420813, 18.437424, 18.454106, 18.470787, 18.487488, 18.504135, 18.520796, 18.537459, 18.554187, 18.570840, 18.588048, 18.604346, 18.622784, 18.637987, 18.654543, 18.671206, 18.687876, 18.704665, 18.722875, 18.738016, 18.754679, 18.771399, 18.788121, 18.804760, 18.821369, 18.838606, 18.856285, 18.872801, 18.888163, 18.904806, 18.921605, 18.938187, 18.954788, 18.971493, 18.988128, 19.004698, 19.021497, 19.038239, 19.054887, 19.071715, 19.092165, 19.104919, 19.123819, 19.138210, 19.154991, 19.171644, 19.188302, 19.204971, 19.221652, 19.238402, 19.255060, 19.271863, 19.288440, 19.305028, 19.321553, 19.338650, 19.354945, 19.371447, 19.389896, 19.404846, 19.425793, 19.438202, 19.454850, 19.471537, 19.488242, 19.504965, 19.521734, 19.538328, 19.554998, 19.572145, 19.588332, 19.605029, 19.621664, 19.639881, 19.655237, 19.671899, 19.688547, 19.705459, 19.722140, 19.738901, 19.755465, 19.772204, 19.788913, 19.805855, 19.822834, 19.838840, 19.855451, 19.871880, 19.889860, 19.905262, 19.921961, 19.938596, 19.955309, 19.971969, 19.988590, 20.005450, 20.022095, 20.038722, 20.055402, 20.072685, 20.088820, 20.105444, 20.122162, 20.140995, 20.155611, 20.172206, 20.188878, 20.205479, 20.222145, 20.238844, 20.257431, 20.272354, 20.288903, 20.305579, 20.322652, 20.338844, 20.355564, 20.372274, 20.390773, 20.405569, 20.422325, 20.439036, 20.455610, 20.472534, 20.490868, 20.506142, 20.522888, 20.539446, 20.556933, 20.572779, 20.589521, 20.606199, 20.622988, 20.640876, 20.656184, 20.672942, 20.689639, 20.706198, 20.722768, 20.739549, 20.756262, 20.773008, 20.789567, 20.806826, 20.823142, 20.839794, 20.856452, 20.873261, 20.895787, 20.906751, 20.923362, 20.940119, 20.956792, 20.973455, 20.990173, 21.006780, 21.023501, 21.040459, 21.057441, 21.073706, 21.090354, 21.107249, 21.123988, 21.140555, 21.158764, 21.173862, 21.190634, 21.207170, 21.223932, 21.240727, 21.257475, 21.274200, 21.292680, 21.307890, 21.324127, 21.340736, 21.357514, 21.375574, 21.390808, 21.408785, 21.424236, 21.440800, 21.457457, 21.474360, 21.491143, 21.507665, 21.524258, 21.541042, 21.557536, 21.574210, 21.590968, 21.607561, 21.628279, 21.640886, 21.659814, 21.674335, 21.691000, 21.707737, 21.724346, 21.740994, 21.757749, 21.774402, 21.791163, 21.807635, 21.824355, 21.841039, 21.857689, 21.874356, 21.891108, 21.909704, 21.924374, 21.941192, 21.958878, 21.974425, 21.992761, 22.007883, 22.024652, 22.041743, 22.057829, 22.076117, 22.091293, 22.108043, 22.124760, 22.141280, 22.159752, 22.174474, 22.191178, 22.208081, 22.224699, 22.241574, 22.258434, 22.274957, 22.291918, 22.308107, 22.325026, 22.341517, 22.358229, 22.374876, 22.391734, 22.409861, 22.425117, 22.441943, 22.458408, 22.475012, 22.491618, 22.508223, 22.525403, 22.541257, 22.558048, 22.574561, 22.591368, 22.608068, 22.624633, 22.641320, 22.657963, 22.676713, 22.691360, 22.708108, 22.724600, 22.741479, 22.758203, 22.774947, 22.792183, 22.808163, 22.824840, 22.841695, 22.858196, 22.874903, 22.891572, 22.908240, 22.926814, 22.941623, 22.958547, 22.975143, 22.992077, 23.008833, 23.025859, 23.045745, 23.058635, 23.075333, 23.092116, 23.108590, 23.125345, 23.142048, 23.158521, 23.176918, 23.191991, 23.208461, 23.225325, 23.242183, 23.258843, 23.275318, 23.292138, 23.308612, 23.325206, 23.341800, 23.358474, 23.375256, 23.391951, 23.408590, 23.426853, 23.442121, 23.458616, 23.475375, 23.492064, 23.508692, 23.525330, 23.542173, 23.558660, 23.576941, 23.591900, 23.608600, 23.625087, 23.641754, 23.658389, 23.676581, 23.691687, 23.708377, 23.725329, 23.741906, 23.758600, 23.775156, 23.791930, 23.810024, 23.825344, 23.841866, 23.858413, 23.874913, 23.891582, 23.908485, 23.925156, 23.943725, 23.958409, 23.975297, 23.991837, 24.008573, 24.025134, 24.041872, 24.058613, 24.075472, 24.092092, 24.108787, 24.125582, 24.142117, 24.158799, 24.175469, 24.193605, 24.212735, 24.225616, 24.242201, 24.259401, 24.275960, 24.292140, 24.308890, 24.325547, 24.342295, 24.358834, 24.375550, 24.392294, 24.408858, 24.425622, 24.443598, 24.459076, 24.475578, 24.492605, 24.509665, 24.525794, 24.542432, 24.559185, 24.575915, 24.592424, 24.609205, 24.625914, 24.642467, 24.659220, 24.675902, 24.694879, 24.709309, 24.726137, 24.742840, 24.759882, 24.776138, 24.792754, 24.809543, 24.826111, 24.842781, 24.859533, 24.876313, 24.892974, 24.909529, 24.926493, 24.944903, 24.959549, 24.976381, 24.993165, 25.010241, 25.026353, 25.043159, 25.059682, 25.076658, 25.093082, 25.109739, 25.126369, 25.143127, 25.160010, 25.176672, 25.194667, 25.210150, 25.226744, 25.243439, 25.260531, 25.276701, 25.293389, 25.310081, 25.326723, 25.345050, 25.360163, 25.376803, 25.393473, 25.410128, 25.426914, 25.446635, 25.460298, 25.476943, 25.493668, 25.510661, 25.527003, 25.543534, 25.560286, 25.576916, 25.593613, 25.610239, 25.626905, 25.643632, 25.660310, 25.676867, 25.693851, 25.711712, 25.727146, 25.743751, 25.760611, 25.777172, 25.793820, 25.810463, 25.827165, 25.843910, 25.860532, 25.877270, 25.893843, 25.910480, 25.926943, 25.943645, 25.962603, 25.977200, 25.993923, 26.010533, 26.027210, 26.043836, 26.060629, 26.077253, 26.093973, 26.110665, 26.127213, 26.143876, 26.160625, 26.177364, 26.193980, 26.212586, 26.227621, 26.244453, 26.260805, 26.277262, 26.293949, 26.310512, 26.327159, 26.343759, 26.360360, 26.377036, 26.393740, 26.410418, 26.427153, 26.443754, 26.460516, 26.479550, 26.493802, 26.510462, 26.527390, 26.544028, 26.560624, 26.577367, 26.593949, 26.610637, 26.627341, 26.644066, 26.660771, 26.677373, 26.694154, 26.710814, 26.729592, 26.744631, 26.760947, 26.777491, 26.794385, 26.811039, 26.827565, 26.844306, 26.860976, 26.877788, 26.898522, 26.911192, 26.928068, 26.944825, 26.961470, 26.979915, 26.994791, 27.011247, 27.027948, 27.044842, 27.061399, 27.078095, 27.094732, 27.111384, 27.128164, 27.144645, 27.161346, 27.178025, 27.194729, 27.211417, 27.230593, 27.244743, 27.261397, 27.278036, 27.294705, 27.311391, 27.328069, 27.344775, 27.361492, 27.378053, 27.394808, 27.411461, 27.428172, 27.445218, 27.461562, 27.480505, 27.494861, 27.511580, 27.528143, 27.544877, 27.561591, 27.578250, 27.594959, 27.611538, 27.628308, 27.644905, 27.661586, 27.678361, 27.695058, 27.711838, 27.730778, 27.745433, 27.761937, 27.778597, 27.795256, 27.811965, 27.828661, 27.845277, 27.862025, 27.878646, 27.895349, 27.912179, 27.928962, 27.945446, 27.962094, 27.980543, 27.995368, 28.012053, 28.028680, 28.045404, 28.062112, 28.078740, 28.095435, 28.112057, 28.128743, 28.145431, 28.162278, 28.178947, 28.195664, 28.212961, 28.230612, 28.247267, 28.262563, 28.279281, 28.295859, 28.312369, 28.329244, 28.345835, 28.362521, 28.379216, 28.395865, 28.414506, 28.432088, 28.450750, 28.463090, 28.480524, 28.495853, 28.512574, 28.529254, 28.546031, 28.562717, 28.579288, 28.595951, 28.612668, 28.629362, 28.646001, 28.666428, 28.679862, 28.696115, 28.712924, 28.730636, 28.746162, 28.762892, 28.779504, 28.796198, 28.812868, 28.829549, 28.846201, 28.862993, 28.879527, 28.896209, 28.913206, 28.929654, 28.946249, 28.963389, 28.981475, 28.996350, 29.012922, 29.029650, 29.046287, 29.062945, 29.079657, 29.096351, 29.113027, 29.129769, 29.146402, 29.163041, 29.179770, 29.196923, 29.213346, 29.231475, 29.246569, 29.263352, 29.279866, 29.296554, 29.313199, 29.329930, 29.346770, 29.363445, 29.380097, 29.396685, 29.413613, 29.430044, 29.447293, 29.463411, 29.481536, 29.496606, 29.513270, 29.529920, 29.546591, 29.563464, 29.580006, 29.596639, 29.613505, 29.630079, 29.646723, 29.663403, 29.681796, 29.696934, 29.713368, 29.731593, 29.747028, 29.763662, 29.780137, 29.796834, 29.813468, 29.830124, 29.846800, 29.863421, 29.880112, 29.898481, 29.913961, 29.930232, 29.947200, 29.963408, 29.981470, 29.996682, 30.013233, 30.029935, 30.050376, 30.063136, 30.079805, 30.096549, 30.113353, 30.130078, 30.146654, 30.163494, 30.180156, 30.196757, 30.213318, 30.231463, 30.246784, 30.263445, 30.280057, 30.296764, 30.313277, 30.329940, 30.346522, 30.363232, 30.379927, 30.396518, 30.413395, 30.430085, 30.446611, 30.463277, 30.481368, 30.496644, 30.513323, 30.530023, 30.546699, 30.563341, 30.580223, 30.596978, 30.613538, 30.630391, 30.647255, 30.663909, 30.681041, 30.697221, 30.713898, 30.732515, 30.747217, 30.763845, 30.780555, 30.797076, 30.813818, 30.830582, 30.847288, 30.864030, 30.880587, 30.897304, 30.914075, 30.931130, 30.947467, 30.963923, 30.982433, 30.997350, 31.014128, 31.030846, 31.047340, 31.064051, 31.080648, 31.097531, 31.114281, 31.130802, 31.147552, 31.164222, 31.180775, 31.197544, 31.214114, 31.232415, 31.247426, 31.264177, 31.280878, 31.297440, 31.314133, 31.330791, 31.347413, 31.364192, 31.380853, 31.397586, 31.414518, 31.430923, 31.447545, 31.464084, 31.482345, 31.497498, 31.514204, 31.530829, 31.547525, 31.564092, 31.580827, 31.597661, 31.614333, 31.631083, 31.647898, 31.664596, 31.681258, 31.697865, 31.714497, 31.732521, 31.747858, 31.764583, 31.782894, 31.797932, 31.814632, 31.831295, 31.848029, 31.864743, 31.881473, 31.898270, 31.915732, 31.932084, 31.948405, 31.965064, 31.983403, 31.998425, 32.016708, 32.031867, 32.048526, 32.065168, 32.082087, 32.098610, 32.115271, 32.131911, 32.148786, 32.165261, 32.181950, 32.198543, 32.215308, 32.233387, 32.248451, 32.265326, 32.282032, 32.298653, 32.315278, 32.332001, 32.348681, 32.369366, 32.382046, 32.398733, 32.416048, 32.432069, 32.448789, 32.465439, 32.483340, 32.498697, 32.515450, 32.532074, 32.548797, 32.565515, 32.582179, 32.598778, 32.615558, 32.632198, 32.649031, 32.665520, 32.682287, 32.698883, 32.715497, 32.733288, 32.748827, 32.765442, 32.782212, 32.798778, 32.815560, 32.832372, 32.849001, 32.865737, 32.882504, 32.899097, 32.916403, 32.932484, 32.949176, 32.965813, 32.984277, 32.999396, 33.015986, 33.032599, 33.049322, 33.066130, 33.082757, 33.099470, 33.116187, 33.132802, 33.149545, 33.166519, 33.182776, 33.199462, 33.216140, 33.234535, 33.249597, 33.266198, 33.282871, 33.299416, 33.316186, 33.332817, 33.349468, 33.366251, 33.383136, 33.399683, 33.416735, 33.432934, 33.449601, 33.466284, 33.484367, 33.499639, 33.516298, 33.532888, 33.549603, 33.566303, 33.584595, 33.599507, 33.616250, 33.632839, 33.649541, 33.666184, 33.682888, 33.699586, 33.716170, 33.734287, 33.749719, 33.766320, 33.782945, 33.799754, 33.816556, 33.834739, 33.849800, 33.866502, 33.883162, 33.900151, 33.916548, 33.933096, 33.949822, 33.966520, 33.985380, 34.000020, 34.016574, 34.033314, 34.049970, 34.066514, 34.083243, 34.099911, 34.116699, 34.133761, 34.150221, 34.166866, 34.183409, 34.200209, 34.216907, 34.235633, 34.253759, 34.266857, 34.283592, 34.300322, 34.316888, 34.333617, 34.350339, 34.367228, 34.384266, 34.400768, 34.417048, 34.433673, 34.450417, 34.466926, 34.485372, 34.500296, 34.517096, 34.533877, 34.550527, 34.567055, 34.583781, 34.600505, 34.617080, 34.634171, 34.650428, 34.667056, 34.683772, 34.700480, 34.717136, 34.735463, 34.750640, 34.767209, 34.783843, 34.800536, 34.817402, 34.834275, 34.850763, 34.867405, 34.884357, 34.900637, 34.917514, 34.934031, 34.950575, 34.967246, 34.985365, 35.000609, 35.017456, 35.034241, 35.050815, 35.067433, 35.084038, 35.100707, 35.117761, 35.134516, 35.150670, 35.167361, 35.183987, 35.200679, 35.217390, 35.235324, 35.250685, 35.267315, 35.284030, 35.300658, 35.317566, 35.334323, 35.350903, 35.367592, 35.384597, 35.400799, 35.417554, 35.434249, 35.450895, 35.467587, 35.486320, 35.500912, 35.517548, 35.534323, 35.551042, 35.567555, 35.584295, 35.600983, 35.619319, 35.634697, 35.651007, 35.667663, 35.684383, 35.701013, 35.717735, 35.736353, 35.750916, 35.767694, 35.784287, 35.801016, 35.817657, 35.834509, 35.851296, 35.868492, 35.886295, 35.901231, 35.917988, 35.934665, 35.951201, 35.967966, 35.986317, 36.001211, 36.018019, 36.034707, 36.051400, 36.068060, 36.084795, 36.101529, 36.118517, 36.135033, 36.151665, 36.168179, 36.184860, 36.205486, 36.218183, 36.236256, 36.251564, 36.268269, 36.284916, 36.301652, 36.318335, 36.335090, 36.351921, 36.369083, 36.385086, 36.401726, 36.418607, 36.435081, 36.451821, 36.468476, 36.486266, 36.501797, 36.518565, 36.535230, 36.552025, 36.568668, 36.585384, 36.602398, 36.618606, 36.635349, 36.651854, 36.668554, 36.685117, 36.701777, 36.718435, 36.737229, 36.751855, 36.768493, 36.785183, 36.801842, 36.818621, 36.835268, 36.852376, 36.868702, 36.885357, 36.901967, 36.918720, 36.935320, 36.952281, 36.968671, 36.987256, 37.002035, 37.018718, 37.035642, 37.052243, 37.069061, 37.085499, 37.102376, 37.119065, 37.135531, 37.152198, 37.168882, 37.185588, 37.202225, 37.218851, 37.237234, 37.252207, 37.268864, 37.285584, 37.302215, 37.318927, 37.335629, 37.352770, 37.368910, 37.385587, 37.402281, 37.419180, 37.435793, 37.452395, 37.468954, 37.487157, 37.502369, 37.519044, 37.535763, 37.552414, 37.569216, 37.585824, 37.602940, 37.619107, 37.635782, 37.652449, 37.669156, 37.686010, 37.702684, 37.719225, 37.737206, 37.752669, 37.770940, 37.786081, 37.802725, 37.819451, 37.836122, 37.853084, 37.869390, 37.886069, 37.902750, 37.919476, 37.936124, 37.952957, 37.969517, 37.988199, 38.002787, 38.019544, 38.037923, 38.054771, 38.069767, 38.086345, 38.103334, 38.119611, 38.136281, 38.152958, 38.169781, 38.186436, 38.203314, 38.219874, 38.238187, 38.253325, 38.270068, 38.286685, 38.303423, 38.320206, 38.337401, 38.357553, 38.370306, 38.386869, 38.403707, 38.420449, 38.436916, 38.453653, 38.470270, 38.488382, 38.503780, 38.520415, 38.537052, 38.553798, 38.570583, 38.587392, 38.603953, 38.620639, 38.637623, 38.654073, 38.670710, 38.687381, 38.703985, 38.720699, 38.739263, 38.754023, 38.770759, 38.787443, 38.804158, 38.821396, 38.837565, 38.854162, 38.870765, 38.887441, 38.904224, 38.920831, 38.937542, 38.954512, 38.971120, 38.989337, 39.004315, 39.021028, 39.037730, 39.054347, 39.071258, 39.087894, 39.104427, 39.121168, 39.137724, 39.154361, 39.171031, 39.187555, 39.204303, 39.221019, 39.239109, 39.254366, 39.270996, 39.287719, 39.304490, 39.321166, 39.337840, 39.354413, 39.371193, 39.389747, 39.404928, 39.421560, 39.438089, 39.454788, 39.471492, 39.490191, 39.504779, 39.521670, 39.539820, 39.554972, 39.572398, 39.588452, 39.604989, 39.621634, 39.638321, 39.654969, 39.671655, 39.688336, 39.704984, 39.721665, 39.740135, 39.754958, 39.771843, 39.792485, 39.805186, 39.821740, 39.838481, 39.855148, 39.871822, 39.888496, 39.905176, 39.922012, 39.938718, 39.955302, 39.971916, 39.990207, 40.005267, 40.022216, 40.038865, 40.055894, 40.072005, 40.089012, 40.105558, 40.122481, 40.138997, 40.155508, 40.172076, 40.188993, 40.205535, 40.222073, 40.238695, 40.257565, 40.271889, 40.288727, 40.305793, 40.321840, 40.338577, 40.355213, 40.371778, 40.388463, 40.405131, 40.421793, 40.438411, 40.455106, 40.471760, 40.488408, 40.507043, 40.521898, 40.538488, 40.555153, 40.572167, 40.588461, 40.605216, 40.621982, 40.638645, 40.656895, 40.672037, 40.688653, 40.705344, 40.721973, 40.738647, 40.757312, 40.772147, 40.788864, 40.805441, 40.822260, 40.838757, 40.857045, 40.872198, 40.888871, 40.905491, 40.922252, 40.938935, 40.955493, 40.972264, 40.988843, 41.011078, 41.022395, 41.038979, 41.055585, 41.072308, 41.088960, 41.105664, 41.122353, 41.139007, 41.155631, 41.172304, 41.189344, 41.206012, 41.222603, 41.239151, 41.255949, 41.274065, 41.290034, 41.306116, 41.322772, 41.339563, 41.356231, 41.372790, 41.389603, 41.406305, 41.423034, 41.439768, 41.456355, 41.473002, 41.489709, 41.506550, 41.525063, 41.540310, 41.556858, 41.573063, 41.589730, 41.606656, 41.623304, 41.639830, 41.656520, 41.673371, 41.690030, 41.706635, 41.723264, 41.739978, 41.756845, 41.775170, 41.790103, 41.806717, 41.823314, 41.840025, 41.856664, 41.873353, 41.889981, 41.906596, 41.923541, 41.939986, 41.956619, 41.973263, 41.989827, 42.006697, 42.024979, 42.040247, 42.056526, 42.073110, 42.091534, 42.106637, 42.123293, 42.139826, 42.156731, 42.173379, 42.189928, 42.206562, 42.223344, 42.240474, 42.256739, 42.275122, 42.290059, 42.308281, 42.323373, 42.340019, 42.356730, 42.373389, 42.390010, 42.406700, 42.423342, 42.440067, 42.456887, 42.473543, 42.494479, 42.506840, 42.525254, 42.540515, 42.556936, 42.573606, 42.590253, 42.606926, 42.623617, 42.640320, 42.656997, 42.673668, 42.690407, 42.707021, 42.723704, 42.740420, 42.757174, 42.775993, 42.790844, 42.807100, 42.823746, 42.840493, 42.857166, 42.873806, 42.890502, 42.907109, 42.923916, 42.940536, 42.957157, 42.974049, 42.990772, 43.007448, 43.026143, 43.041158, 43.057344, 43.073989, 43.090746, 43.107402, 43.124080, 43.141034, 43.157592, 43.174223, 43.190774, 43.207486, 43.224201, 43.240789, 43.257673, 43.276058, 43.290832, 43.307579, 43.324365, 43.341046, 43.357659, 43.374298, 43.391009, 43.407601, 43.424432, 43.441042, 43.457700, 43.474433, 43.491030, 43.507945, 43.527036, 43.541176, 43.557946, 43.574621, 43.591254, 43.608039, 43.624757, 43.641400, 43.658139, 43.674839, 43.691377, 43.708165, 43.726532, 43.741573, 43.758783, 43.776846, 43.791545, 43.808287, 43.824905, 43.843175, 43.858293, 43.874960, 43.891734, 43.908331, 43.925173, 43.941757, 43.958386, 43.975075, 43.991676, 44.008759, 44.026943, 44.041668, 44.058350, 44.074990, 44.091606, 44.108367, 44.124986, 44.141647, 44.162225, 44.175034, 44.191927, 44.208470, 44.225201, 44.241886, 44.259033, 44.276900, 44.291940, 44.308694, 44.325276, 44.341879, 44.358631, 44.375311, 44.391978, 44.408611, 44.425276, 44.441999, 44.458668, 44.475309, 44.491953, 44.509087, 44.525139, 44.544160, 44.558696, 44.575291, 44.591962, 44.608907, 44.625519, 44.642250, 44.658657, 44.675387, 44.692137, 44.708703, 44.725486, 44.742111, 44.759321, 44.775373, 44.794024, 44.808820, 44.825414, 44.842095, 44.858763, 44.875504, 44.892051, 44.908915, 44.925679, 44.942427, 44.959352, 44.975900, 44.992497, 45.009739, 45.027502, 45.044019, 45.059311, 45.075911, 45.092669, 45.109416, 45.127512, 45.142809, 45.159370, 45.176052, 45.192896, 45.209587, 45.226140, 45.242864, 45.260026, 45.276206, 45.294008, 45.309444, 45.326168, 45.342827, 45.359534, 45.376290, 45.392866, 45.409475, 45.426234, 45.447337, 45.459514, 45.476228, 45.493505, 45.509613, 45.526338, 45.545218, 45.559814, 45.576463, 45.593148, 45.609951, 45.626529, 45.643292, 45.659845, 45.676575, 45.693386, 45.709857, 45.726479, 45.743110, 45.759798, 45.776428, 45.794891, 45.809624, 45.826326, 45.842994, 45.859715, 45.876345, 45.893045, 45.909708, 45.926443, 45.943019, 45.959684, 45.976400, 45.993144, 46.009751, 46.026382, 46.044864, 46.059789, 46.076739, 46.093117, 46.109775, 46.126404, 46.143119, 46.159867, 46.176465, 46.193203, 46.209980, 46.227072, 46.245053, 46.260127, 46.276628, 46.294934, 46.310032, 46.326722, 46.343339, 46.360051, 46.376770, 46.393406, 46.410031, 46.426775, 46.445069, 46.460186, 46.477250, 46.493431, 46.510125, 46.527013, 46.544999, 46.560179, 46.576858, 46.597617, 46.610397, 46.626963, 46.643829, 46.660530, 46.677132, 46.693841, 46.710438, 46.727175, 46.743682, 46.760430, 46.777061, 46.796239, 46.810441, 46.827224, 46.843803, 46.860394, 46.877144, 46.893917, 46.910593, 46.927287, 46.943907, 46.960633, 46.977533, 46.993901, 47.010590, 47.027275, 47.045931, 47.060642, 47.077315, 47.093950, 47.110686, 47.127395, 47.144031, 47.160658, 47.177348, 47.194086, 47.210812, 47.227952, 47.244142, 47.260827, 47.277494, 47.295894, 47.310920, 47.327624, 47.344175, 47.360926, 47.377610, 47.394249, 47.410924, 47.427761, 47.444683, 47.461392, 47.478273, 47.494423, 47.511125, 47.527684, 47.545887, 47.561091, 47.577791, 47.594394, 47.611087, 47.627701, 47.644406, 47.661111, 47.677872, 47.694489, 47.711549, 47.728261, 47.744522, 47.761158, 47.777809, 47.795824, 47.811295, 47.827950, 47.844566, 47.861266, 47.879603, 47.894670, 47.911277, 47.928036, 47.944597, 47.961770, 47.978104, 47.994330, 48.011203, 48.027758, 48.045649, 48.061092, 48.078004, 48.096012, 48.111200, 48.127897, 48.144441, 48.161253, 48.178212, 48.194799, 48.211900, 48.232093, 48.244626, 48.261421, 48.278038, 48.295899, 48.311474, 48.328084, 48.344689, 48.361496, 48.378067, 48.394809, 48.411567, 48.428229, 48.444863, 48.461549, 48.478199, 48.494805, 48.511578, 48.528208, 48.546854, 48.561634, 48.578231, 48.594869, 48.611577, 48.628225, 48.644881, 48.661620, 48.678474, 48.695129, 48.711726, 48.728397, 48.744935, 48.761688, 48.778321, 48.796927, 48.811611, 48.828263, 48.844989, 48.861643, 48.878323, 48.895192, 48.912078, 48.928470, 48.945212, 48.961666, 48.978452, 48.995165, 49.011750, 49.028530, 49.046830, 49.061778, 49.078494, 49.095278, 49.111970, 49.128602, 49.145275, 49.162029, 49.178613, 49.195819, 49.212322, 49.228660, 49.245320, 49.262022, 49.278739, 49.296811, 49.312077, 49.328660, 49.345285, 49.362008, 49.378710, 49.395396, 49.412555, 49.429115, 49.445548, 49.462325, 49.478926, 49.495571, 49.512551, 49.529244, 49.546927, 49.562419, 49.579096, 49.595679, 49.612637, 49.629372, 49.645991, 49.664171, 49.679372, 49.695981, 49.712563, 49.729210, 49.745887, 49.762565, 49.779245, 49.797834, 49.812783, 49.829351, 49.845885, 49.864151, 49.879323, 49.895984, 49.913109, 49.929465, 49.945981, 49.966182, 49.979331, 49.996032, 50.012859, 50.029488, 50.047811, 50.062744, 50.079368, 50.096049, 50.112716, 50.129378, 50.146193, 50.162848, 50.179970, 50.196632, 50.212927, 50.229820, 50.246395, 50.262948, 50.279648, 50.298009, 50.313111, 50.329641, 50.346586, 50.363241, 50.380036, 50.396751, 50.414104, 50.430172, 50.447157, 50.463549, 50.480221, 50.496997, 50.513573, 50.530429, 50.548917, 50.563746, 50.580571, 50.597307, 50.613918, 50.630591, 50.647423, 50.664379, 50.680697, 50.697560, 50.714116, 50.730662, 50.747433, 50.764058, 50.780688, 50.798900, 50.814151, 50.830760, 50.847525, 50.864185, 50.880767, 50.899056, 50.914875, 50.930766, 50.947469, 50.964236, 50.980728, 50.999034, 51.014100, 51.030924, 51.048776, 51.068163, 51.087930, 51.104045, 51.120073, 51.131843, 51.147601, 51.164848, 51.181393, 51.197531, 51.214565, 51.231258, 51.247732, 51.264365, 51.281125, 51.299802, 51.314419, 51.331116, 51.347752, 51.364471, 51.381226, 51.397850, 51.414920, 51.431509, 51.447823, 51.464407, 51.481208, 51.497821, 51.514462, 51.531086, 51.549668, 51.564708, 51.581298, 51.598028, 51.614758, 51.631483, 51.648162, 51.665007, 51.681823, 51.698084, 51.716398, 51.731646, 51.748400, 51.765159, 51.781607, 51.799777, 51.816492, 51.831637, 51.848351, 51.864919, 51.881684, 51.898770, 51.915194, 51.931628, 51.948314, 51.964968, 51.981685, 51.998482, 52.015012, 52.031691, 52.049667, 52.064813, 52.081251, 52.097839, 52.114451, 52.131179, 52.147961, 52.164717, 52.181461, 52.198157, 52.214690, 52.231418, 52.252011, 52.264783, 52.281486, 52.298114, 52.316637, 52.331536, 52.348293, 52.365110, 52.381742, 52.398351, 52.415305, 52.431615, 52.448392, 52.464999, 52.481662, 52.498344, 52.515083, 52.531675, 52.548337, 52.566836, 52.581967, 52.598643, 52.615252, 52.632001, 52.648632, 52.665491, 52.682098, 52.698844, 52.715520, 52.732097, 52.748917, 52.765530, 52.782219, 52.798901, 52.816890, 52.832174, 52.848869, 52.865583, 52.882272, 52.898823, 52.915853, 52.932164, 52.948897, 52.967138, 52.982230, 52.998872, 53.015502, 53.032207, 53.048828, 53.067680, 53.082519, 53.098969, 53.115921, 53.134521, 53.149658, 53.165717, 53.182433, 53.199140, 53.215815, 53.232466, 53.249104, 53.265834, 53.282459, 53.299219, 53.317654, 53.332604, 53.349212, 53.370189, 53.384402, 53.399353, 53.416012, 53.432632, 53.449273, 53.465958, 53.482604, 53.499267, 53.515845, 53.532589, 53.549389, 53.567792, 53.582655, 53.599417, 53.616123, 53.633151, 53.649865, 53.666095, 53.683019, 53.699436, 53.716106, 53.732751, 53.749402, 53.766053, 53.782763, 53.799479, 53.817629, 53.832790, 53.849468, 53.866141, 53.883268, 53.899456, 53.916233, 53.932811, 53.949527, 53.966185, 53.982862, 53.999488, 54.016170, 54.032835, 54.049527, 54.067571, 54.082926, 54.099704, 54.116659, 54.133783, 54.149806, 54.166354, 54.183071, 54.199733, 54.216445, 54.233113, 54.249975, 54.268253, 54.283274, 54.299947, 54.317738, 54.333149, 54.349872, 54.366466, 54.383529, 54.399551, 54.416279, 54.432932, 54.451180, 54.466282, 54.482978, 54.499642, 54.516307, 54.533048, 54.549653, 54.568486, 54.583056, 54.599747, 54.616434, 54.633236, 54.649782, 54.666482, 54.683118, 54.701793, 54.716444, 54.733146, 54.749839, 54.766541, 54.783207, 54.799921, 54.818799, 54.833426, 54.850066, 54.866757, 54.883946, 54.900089, 54.916803, 54.933418, 54.950012, 54.966715, 54.983378, 55.000057, 55.016731, 55.033368, 55.050300, 55.068850, 55.083715, 55.100253, 55.117449, 55.133983, 55.150312, 55.166984, 55.183722, 55.200273, 55.217029, 55.233655, 55.250287, 55.267046, 55.283656, 55.300402, 55.318741, 55.334056, 55.350660, 55.367275, 55.384430, 55.400725, 55.417314, 55.434111, 55.450831, 55.467389, 55.484100, 55.500665, 55.517353, 55.533992, 55.550668, 55.568652, 55.584211, 55.600850, 55.617959, 55.634362, 55.650761, 55.667444, 55.684087, 55.700806, 55.717403, 55.735647, 55.750890, 55.767534, 55.784410, 55.801106, 55.819776, 55.834388, 55.851043, 55.867621, 55.884336, 55.902062, 55.917806, 55.934432, 55.951095, 55.967787, 55.984393, 56.001022, 56.017662, 56.034390, 56.051093, 56.069641, 56.084809, 56.102026, 56.120442, 56.135032, 56.151538, 56.168263, 56.184977, 56.201585, 56.218347, 56.234976, 56.251609, 56.268415, 56.285215, 56.301752, 56.319685, 56.335158, 56.351840, 56.368459, 56.385083, 56.401971, 56.418804, 56.435384, 56.451936, 56.468652, 56.485255, 56.501991, 56.518625, 56.535238, 56.552042, 56.570696, 56.585585, 56.602805, 56.618813, 56.635391, 56.652126, 56.668730, 56.685454, 56.703670, 56.718803, 56.735434, 56.752223, 56.769143, 56.787803, 56.802534, 56.820660, 56.835864, 56.852993, 56.873085, 56.885869, 56.902474, 56.919230, 56.935884, 56.952530, 56.969178, 56.985814, 57.002486, 57.019170, 57.035760, 57.052594, 57.070536, 57.086706, 57.103308, 57.120257, 57.136592, 57.153481, 57.170022, 57.186518, 57.203430, 57.219863, 57.236443, 57.252888, 57.269600, 57.287947, 57.303035, 57.321598, 57.337089, 57.355114, 57.369778, 57.386348, 57.403211, 57.419825, 57.436487, 57.453089, 57.469769, 57.486440, 57.502977, 57.519739, 57.536595, 57.553319, 57.571681, 57.587256, 57.603554, 57.619825, 57.636590, 57.653188, 57.670092, 57.686850, 57.703877, 57.720420, 57.737122, 57.753850, 57.770361, 57.787281, 57.803860, 57.821551, 57.837523, 57.854283, 57.870495, 57.887252, 57.904057, 57.920462, 57.937141, 57.953861, 57.971679, 57.989345, 58.007062, 58.024374, 58.041092, 58.056704, 58.073582, 58.088654, 58.104748, 58.120945, 58.137587, 58.155289, 58.170752, 58.187327, 58.203903, 58.220686, 58.237414, 58.253978, 58.270762, 58.287390, 58.305869, 58.324565, 58.341642, 58.359305, 58.377622, 58.394724, 58.412369, 58.429028, 58.445314, 58.462747, 58.480953, 58.498630, 58.519497, 58.536656, 58.554148, 58.571257, 58.590615, 58.607289, 58.623928, 58.641861, 58.661534, 58.679982, 58.698040, 58.723075, 58.741932, 58.763013, 58.784375, 58.814390, 58.837762, 58.871817, 58.905998, 58.935725, 58.967202, 58.998942, 
12, 10, 0, 2.825595, 2.797241, 2.770098, 2.746254, 2.718174, 2.667804, 2.610845, 2.533996, 2.445053, 2.337494, 2.222204, 2.095428, 1.948308, 1.795781, 1.606679, 1.348490, 1.078418, 0.779747, 0.465287, 0.133854, 0.210812, 0.568905, 0.938648, 1.312960, 1.685747, 2.054966, 2.421958, 2.788389, 3.154161, 3.525758, 3.883659, 4.230388, 4.556948, 4.783431, 4.989154, 5.152374, 5.215898, 5.206044, 5.151474, 5.061863, 4.792949, 4.760349, 4.575273, 4.253022, 4.133151, 3.882026, 3.612425, 3.331226, 2.814962, 2.705003, 2.377880, 2.047165, 1.723234, 1.399185, 1.088345, 0.765416, 0.254803, 0.165915, 0.107282, 0.568044, 0.628838, 1.041618, 1.085061, 1.421372, 1.544114, 1.633897, 1.568788, 1.667952, 1.621704, 1.531444, 1.422357, 1.281822, 1.119490, 0.923946, 0.703009, 0.465305, 0.206215, 0.019986, 0.248418, 0.437491, 0.625279, 0.811808, 1.002772, 1.139849, 1.292480, 1.418271, 1.534124, 1.631805, 1.706764, 1.758790, 1.787972, 1.805002, 1.835861, 1.770560, 1.715992, 1.661431, 1.605411, 1.550904, 1.479645, 1.420133, 1.374550, 1.331255, 1.310853, 1.288009, 1.273436, 1.262522, 1.251289, 1.240058, 1.230661, 1.234412, 1.261071, 1.301984, 1.313949, 1.363623, 1.405835, 1.458455, 1.483449, 1.526907, 1.549873, 1.581082, 1.590174, 1.593535, 1.585258, 1.572781, 1.550756, 1.519447, 1.473869, 1.432981, 1.392130, 1.343648, 1.285031, 1.243295, 1.200666, 1.145903, 1.088441, 1.047026, 1.003146, 0.954168, 0.912202, 0.816438, 0.856363, 0.820999, 0.801149, 0.784168, 0.778568, 0.781569, 0.780424, 0.711344, 0.756270, 0.716637, 0.696823, 0.673574, 0.579341, 0.621085, 0.549035, 0.553762, 0.623237, 0.662339, 0.681480, 0.761245, 0.776754, 0.822521, 0.898568, 0.878096, 0.901556, 0.963624, 0.936893, 0.920003, 0.901328, 0.879798, 0.846167, 0.823893, 0.792633, 0.770100, 0.775965, 0.786333, 0.828688, 0.858819, 0.921234, 0.986710, 1.047364, 1.094833, 1.136178, 1.156284, 1.147474, 1.094885, 1.012036, 0.903655, 0.754262, 0.576701, 0.388477, 0.204535, 0.017203, 0.156618, 0.337333, 0.508598, 0.663047, 0.823034, 0.969974, 1.120346, 1.258911, 1.365084, 1.465435, 1.531659, 1.594535, 1.649815, 1.681682, 1.734399, 1.798287, 1.875713, 1.944334, 2.019617, 2.073438, 2.115526, 2.156227, 2.174269, 2.159118, 2.089834, 2.044319, 1.971287, 1.877328, 1.783706, 1.714691, 1.637900, 1.540627, 1.443486, 1.325187, 1.250119, 1.164553, 1.095437, 1.032125, 0.997386, 0.976265, 0.953879, 0.898471, 0.876693, 0.873747, 0.852225, 0.799436, 0.797772, 0.764391, 0.729125, 0.716170, 0.699532, 0.659085, 0.703762, 0.682080, 0.707979, 0.754519, 0.774193, 0.806330, 0.866083, 0.922947, 0.978043, 1.031893, 1.077888, 1.103026, 1.136308, 1.159944, 1.150535, 1.188437, 1.171019, 1.186182, 1.198258, 1.185577, 1.188125, 1.186859, 1.159886, 1.139549, 1.124874, 1.120137, 1.078055, 1.011187, 0.950390, 0.882915, 0.848350, 0.773115, 0.707757, 0.636285, 0.564731, 0.490441, 0.395123, 0.302283, 0.221760, 0.152293, 0.084043, 0.015398, 0.052556, 0.116732, 0.158298, 0.197968, 0.238908, 0.285501, 0.351059, 0.416633, 0.481452, 0.548425, 0.610891, 0.674830, 0.738405, 0.802165, 0.865664, 0.927979, 0.990485, 1.051653, 1.111875, 1.171665, 1.231131, 1.290477, 1.350028, 1.410612, 1.470334, 1.509877, 1.583037, 1.638733, 1.678645, 1.701785, 1.708363, 1.698575, 1.672541, 1.627359, 1.544511, 1.442869, 1.318245, 1.179506, 1.037777, 0.881665, 0.715356, 0.536628, 0.347022, 0.149303, 0.066232, 0.310111, 0.547294, 0.796789, 1.045528, 1.293708, 1.542122, 1.749001, 1.948321, 2.175650, 2.402553, 2.592220, 2.778191, 2.958096, 3.130809, 3.284920, 3.403211, 3.470886, 3.499147, 3.521744, 3.531460, 3.531836, 3.520008, 3.470003, 3.396800, 3.293199, 3.170031, 3.028301, 2.882150, 2.713606, 2.536497, 2.361504, 2.183582, 2.004632, 1.758528, 1.654025, 1.473059, 1.312357, 1.159601, 1.026297, 0.912931, 0.823118, 0.757296, 0.712367, 0.690156, 0.696473, 0.725061, 0.774414, 0.824720, 0.920566, 0.957814, 1.102761, 1.210208, 1.300524, 1.371773, 1.436788, 1.501755, 1.578816, 1.695592, 1.786168, 1.838213, 1.898021, 1.943444, 1.990244, 2.034424, 2.014896, 2.087014, 2.093784, 2.033319, 2.077946, 2.059606, 1.970196, 1.996713, 1.926962, 1.771762, 1.781916, 1.721173, 1.576524, 1.586919, 1.430678, 1.362134, 1.385002, 1.241491, 1.196432, 1.225465, 1.092127, 1.060419, 0.991831, 0.931932, 0.874237, 0.818578, 0.766542, 0.705360, 0.645876, 0.581913, 0.532991, 0.428458, 0.354433, 0.284764, 0.187760, 0.100372, 0.010716, 0.075067, 0.159583, 0.243762, 0.328683, 0.408102, 0.492449, 0.566182, 0.639251, 0.727027, 0.851571, 0.869819, 0.958613, 1.060824, 1.135815, 1.216152, 1.296822, 1.353505, 1.415302, 1.468912, 1.511312, 1.553958, 1.591299, 1.616147, 1.630524, 1.618050, 1.603032, 1.569795, 1.533273, 1.489688, 1.427803, 1.357853, 1.294409, 1.230352, 1.138254, 1.051594, 0.974315, 0.880895, 0.787097, 0.688369, 0.570189, 0.445984, 0.325757, 0.229419, 0.107734, 0.002433, 0.103286, 0.199938, 0.294171, 0.362072, 0.426047, 0.481514, 0.530664, 0.561187, 0.601479, 0.579302, 0.518423, 0.580236, 0.550035, 0.520331, 0.486585, 0.440525, 0.390761, 0.336040, 0.275314, 0.217512, 0.173037, 0.140681, 0.089474, 0.048823, 0.022776, 0.005076, 0.122557, 0.026601, 0.009815, 0.007703, 0.037284, 0.010487, 0.141575, 0.208594, 0.294639, 0.371069, 0.463530, 0.485177, 0.656806, 0.695799, 0.786539, 0.956760, 0.981357, 1.080662, 1.242046, 1.284299, 1.453549, 1.549835, 1.557374, 1.710335, 1.708059, 1.760116, 1.892587, 1.844269, 1.872891, 1.982360, 1.906000, 1.907511, 1.902804, 1.902419, 1.897865, 1.897532, 1.889289, 1.871756, 1.874446, 1.868592, 1.839084, 1.809090, 1.762376, 1.694060, 1.645504, 1.556166, 1.481524, 1.391386, 1.294965, 1.199290, 1.095482, 0.983504, 0.847458, 0.699489, 0.537889, 0.359016, 0.155528, 0.060471, 0.271828, 0.492700, 0.679817, 0.868275, 1.032345, 1.199990, 1.335986, 1.460660, 1.552749, 1.611421, 1.643280, 1.641898, 1.621753, 1.567308, 1.477654, 1.372098, 1.262779, 1.151864, 1.031239, 0.900642, 0.761009, 0.627567, 0.495110, 0.367611, 0.249395, 0.132835, 0.006361, 0.127301, 0.256416, 0.413979, 0.612976, 0.751907, 0.908395, 1.052078, 1.168898, 1.279009, 1.369518, 1.446226, 1.499891, 1.545264, 1.583498, 1.606610, 1.617862, 1.656233, 1.611747, 1.584736, 1.552202, 1.499188, 1.445302, 1.274696, 1.337099, 1.281879, 1.241191, 1.202939, 1.159839, 1.116874, 1.079092, 1.027696, 0.980212, 0.926045, 0.885027, 0.838723, 0.796432, 0.763594, 0.648443, 0.747994, 0.748492, 0.796649, 0.770179, 0.903470, 0.983973, 0.991591, 1.117216, 1.092994, 1.127477, 1.147035, 1.135050, 1.113278, 1.177841, 1.033111, 0.975126, 1.019115, 0.824908, 0.749657, 0.681768, 0.601270, 0.515902, 0.439589, 0.378076, 0.315156, 0.257478, 0.168992, 0.088710, 0.009586, 0.088901, 0.204319, 0.338314, 0.491590, 0.666891, 0.864975, 1.092250, 1.326430, 1.566623, 1.822020, 2.075278, 2.309353, 2.576668, 2.828310, 3.064580, 3.299086, 3.533803, 3.757856, 3.965187, 4.154980, 4.318141, 4.469332, 4.598939, 4.707436, 4.779842, 4.814198, 4.825423, 4.788188, 4.769962, 4.712954, 4.617009, 4.507663, 4.381182, 4.236119, 4.048703, 3.842700, 3.618998, 3.432419, 3.223372, 2.978878, 2.713508, 2.451632, 2.181832, 1.892498, 1.596936, 1.288669, 0.968833, 0.644745, 0.334081, 0.034423, 0.255061, 0.498967, 0.831970, 1.006359, 1.197213, 1.392998, 1.578257, 1.728463, 1.834807, 1.907580, 1.893080, 1.969086, 1.863895, 1.866614, 1.865902, 1.875148, 1.876065, 1.865190, 1.739600, 1.798428, 1.732144, 1.675508, 1.583410, 1.345269, 1.356392, 1.095578, 0.946612, 0.924758, 0.784571, 0.495367, 0.452933, 0.175356, 0.013566, 0.020045, 0.255782, 0.371405, 0.372419, 0.561368, 0.635350, 0.698173, 0.736340, 0.751590, 0.791262, 0.799715, 0.791764, 0.796095, 0.778363, 0.744914, 0.697010, 0.613596, 0.583729, 0.501769, 0.416909, 0.341665, 0.253359, 0.177069, 0.087870, 0.018855, 0.053559, 0.134381, 0.216311, 0.298662, 0.380643, 0.465256, 0.553372, 0.626875, 0.721286, 0.799448, 0.882503, 0.970637, 1.053313, 1.165304, 1.226351, 1.296355, 1.380872, 1.433302, 1.481867, 1.520568, 1.548471, 1.554708, 1.567853, 1.560965, 1.560664, 1.555768, 1.540428, 1.525243, 1.499200, 1.474484, 1.449834, 1.437510, 1.444214, 1.459134, 1.474312, 1.498016, 1.521557, 1.550540, 1.582765, 1.597361, 1.602822, 1.587836, 1.547539, 1.482655, 1.309392, 1.326695, 1.216908, 1.104245, 0.984701, 0.849293, 0.739745, 0.590846, 0.435592, 0.162467, 0.134408, 0.017041, 0.161788, 0.333651, 0.488701, 0.636164, 0.938007, 0.934428, 1.092975, 1.248066, 1.379621, 1.499587, 1.588503, 1.629196, 1.650283, 1.647235, 1.606155, 1.526597, 1.487482, 1.291602, 1.146470, 1.041690, 0.819417, 0.635205, 0.503310, 0.315247, 0.110562, 0.027932, 0.171697, 0.215260, 0.312933, 0.480822, 0.468240, 0.533934, 0.693851, 0.690983, 0.766078, 0.814834, 0.841964, 0.844925, 0.828857, 0.788395, 0.731696, 0.668065, 0.563115, 0.444930, 0.316352, 0.184042, 0.052460, 0.091144, 0.223221, 0.325749, 0.396893, 0.443934, 0.472145, 0.497821, 0.521232, 0.559995, 0.602441, 0.653025, 0.694244, 0.710711, 0.724850, 0.698286, 0.661848, 0.591639, 0.500233, 0.369660, 0.211173, 0.029814, 0.233035, 0.513300, 0.800576, 1.115408, 1.450285, 1.784190, 2.115876, 2.440702, 2.768235, 3.065602, 3.328316, 3.542315, 3.734584, 3.893496, 4.038595, 4.159033, 4.199962, 4.254771, 4.276925, 4.283352, 4.297196, 4.246567, 4.206893, 4.162034, 4.088462, 4.020147, 3.769797, 3.804560, 3.684362, 3.539196, 3.396383, 3.227730, 3.060840, 2.927862, 2.779102, 2.630345, 2.495881, 2.359377, 2.225351, 2.093403, 1.973994, 1.726525, 1.756099, 1.657805, 1.560199, 1.464084, 1.368721, 1.271061, 1.184722, 1.108627, 1.041898, 0.978257, 0.921370, 0.872132, 0.840581, 0.841748, 0.788167, 0.937133, 0.977609, 1.152369, 1.295539, 1.371249, 1.550156, 1.664553, 1.767357, 1.846969, 1.904072, 1.925242, 1.918531, 1.741411, 1.782251, 1.571803, 1.458285, 1.341206, 1.236673, 1.019365, 0.832654, 0.636233, 0.433909, 0.224872, 0.011222, 0.272671, 0.556994, 0.862834, 1.167219, 1.486138, 1.806475, 2.123456, 2.421488, 2.719257, 2.983875, 3.233822, 3.446083, 3.664919, 3.845836, 4.000055, 4.137485, 4.221023, 4.300818, 4.328306, 4.316635, 4.252852, 4.174546, 4.034532, 3.831147, 3.642349, 3.411656, 3.187412, 3.019607, 2.782145, 2.481732, 2.140914, 1.774329, 1.401589, 1.025265, 0.674546, 0.356674, 0.023057, 0.297619, 0.570518, 0.830451, 1.093517, 1.350380, 1.597991, 1.831048, 2.039463, 2.147612, 2.201334, 2.212947, 2.180108, 2.101655, 1.999162, 1.854803, 1.681703, 1.481537, 1.254563, 0.993120, 0.709933, 0.413165, 0.096144, 0.219487, 0.531778, 0.821832, 1.077777, 1.311431, 1.527652, 1.851939, 1.896915, 2.033180, 2.167211, 2.256317, 2.323756, 2.344262, 2.339135, 2.300012, 2.209262, 2.109084, 2.004755, 1.884658, 1.751014, 1.604116, 1.436630, 1.246558, 1.083144, 0.874063, 0.635867, 0.409386, 0.188468, 0.056174, 0.299366, 0.546627, 0.798481, 1.048365, 1.301786, 1.498699, 1.691868, 1.776937, 1.897720, 2.012591, 2.093228, 2.191792, 2.256185, 2.323982, 2.380860, 2.431413, 2.466345, 2.480212, 2.482267, 2.463862, 2.419845, 2.372910, 2.307936, 2.227001, 2.137659, 2.050001, 1.968197, 1.872851, 1.788461, 1.701989, 1.611670, 1.515268, 1.421894, 1.335434, 1.249885, 1.173768, 1.102666, 1.044837, 0.992100, 0.972756, 0.936037, 0.952656, 0.998368, 1.081697, 1.194629, 1.363814, 1.576799, 1.779663, 2.047819, 2.389572, 2.696160, 3.015935, 3.389661, 3.727641, 4.056679, 4.400597, 4.758893, 5.130716, 5.499240, 5.871187, 6.244999, 6.623575, 7.006432, 7.382558, 7.766396, 8.124217, 8.470313, 8.754371, 9.055393, 9.314599, 9.562710, 9.778610, 10.005835, 10.227188, 10.445639, 10.636507, 10.777330, 10.901191, 10.995531, 11.074546, 11.118829, 11.168836, 11.090322, 11.113555, 11.217697, 11.210338, 11.190887, 11.118231, 11.152673, 11.125761, 11.092837, 11.053865, 10.985263, 10.899097, 10.810976, 10.711699, 10.603147, 10.460159, 10.092653, 10.094115, 9.854744, 9.550466, 9.166754, 8.730168, 8.245341, 7.738789, 7.187861, 6.608902, 6.017013, 5.406360, 4.416961, 4.061833, 3.400197, 2.708630, 1.684805, 1.411648, 0.813819, 0.262955, 0.244744, 0.705758, 1.101700, 1.436812, 1.658389, 1.903755, 2.050454, 2.135834, 2.147524, 2.088467, 2.022449, 1.904856, 1.857115, 1.601287, 1.457527, 1.323217, 1.176720, 1.031723, 0.885763, 0.751108, 0.610014, 0.466569, 0.339204, 0.196249, 0.185635, 0.006744, 0.046766, 0.061273, 0.060963, 0.127663, 0.025056, 0.108560, 0.382971, 0.481576, 0.408421, 0.629551, 0.924849, 1.056107, 1.179802, 1.215448, 1.477353, 1.647717, 1.802599, 1.923244, 2.039971, 2.116446, 2.147374, 2.125511, 2.061387, 1.908164, 1.708707, 1.447969, 1.094822, 0.742223, 0.358347, 0.003209, 0.373922, 0.741061, 1.107332, 1.470052, 1.831795, 2.168014, 2.465827, 2.700411, 2.929655, 3.119179, 3.255639, 3.352930, 3.410215, 3.418399, 3.401637, 3.375079, 3.319204, 3.242648, 3.141424, 3.014344, 2.856821, 2.668347, 2.476360, 2.259151, 2.034370, 1.812033, 1.585581, 1.372834, 1.127369, 0.892761, 0.684077, 0.457536, 0.236753, 0.018081, 0.200013, 0.425722, 0.640177, 0.849600, 1.054788, 1.261516, 1.458913, 1.643262, 1.798637, 1.948210, 2.062668, 2.141541, 2.293005, 2.223394, 2.245550, 2.245221, 2.218839, 2.194223, 2.150680, 2.087088, 2.005369, 1.908663, 1.812508, 1.701596, 1.595594, 1.465092, 1.353444, 1.284776, 1.128691, 1.062756, 1.037993, 0.953364, 0.937198, 0.935522, 0.956008, 0.987328, 1.020874, 1.066060, 1.120509, 1.188386, 1.255234, 1.327225, 1.511377, 1.481822, 1.664365, 1.638808, 1.704112, 1.872766, 1.837802, 1.913162, 1.997030, 1.961330, 2.085537, 2.143705, 2.104423, 2.228375, 2.264060, 2.303193, 2.362870, 2.401705, 2.461624, 2.515053, 2.574151, 2.642478, 2.734196, 2.800499, 2.871180, 2.926015, 2.991600, 3.077977, 3.168053, 3.233469, 3.282749, 3.308250, 3.346180, 3.376097, 3.390929, 3.382644, 3.371502, 3.372409, 3.363190, 3.343397, 3.337880, 3.347282, 3.352006, 3.345253, 3.352919, 3.354679, 3.384903, 3.426677, 3.480134, 3.559625, 3.656179, 3.739092, 3.863159, 3.981294, 4.108681, 4.211990, 4.318331, 4.424608, 4.510961, 4.605149, 4.672844, 4.706349, 4.803460, 4.869034, 4.943825, 5.035351, 5.067346, 5.092967, 5.124636, 5.154788, 5.184915, 5.211804, 5.260162, 5.285180, 5.320666, 5.369542, 5.412174, 5.459127, 5.501996, 5.573384, 5.700963, 5.817832, 5.938418, 6.059750, 6.191871, 6.330198, 6.489418, 6.630336, 6.769659, 6.955677, 7.088239, 7.279232, 7.473299, 7.660083, 7.855691, 8.052461, 8.250954, 8.450318, 8.629912, 8.739608, 8.821859, 8.863474, 8.868007, 8.806718, 8.712547, 8.491890, 8.434180, 8.239119, 8.010193, 7.752742, 7.477463, 7.189719, 6.902300, 6.626088, 6.199932, 5.800023, 5.430369, 5.078035, 4.910450, 4.573520, 4.408748, 4.259113, 4.003206, 3.780861, 3.483021, 3.309276, 3.188691, 3.210293, 3.055933, 3.035183, 3.117650, 3.075200, 3.131001, 3.209782, 3.311862, 3.412148, 3.506263, 3.613140, 3.708179, 3.806479, 3.908266, 4.005204, 4.074862, 4.131753, 4.146221, 4.146319, 4.112743, 4.036477, 3.913420, 3.771255, 3.640510, 3.519147, 3.415861, 3.319569, 3.227456, 3.149576, 3.082224, 3.014202, 2.958489, 2.890736, 2.808472, 2.738674, 2.684339, 2.628653, 2.554369, 2.465715, 2.368816, 2.274253, 2.168969, 2.058720, 1.924395, 1.783076, 1.640541, 1.501751, 1.379007, 1.239236, 1.110716, 0.980467, 0.863994, 0.754040, 0.673485, 0.443106, 0.502245, 0.434500, 0.376114, 0.310719, 0.256364, 0.231300, 0.212934, 0.179063, 0.192163, 0.211353, 0.252346, 0.301900, 0.361375, 0.426392, 0.435146, 0.563009, 0.710173, 0.806637, 0.893567, 0.968254, 1.042644, 1.080170, 1.127903, 1.156553, 1.169820, 1.169773, 0.795313, 0.785795, 0.678793, 0.379912, 0.356840, 0.167023, 0.050467, 0.298947, 0.570358, 0.836270, 1.116779, 1.432099, 1.876917, 2.053681, 2.356454, 2.639510, 2.924815, 3.215257, 3.502175, 3.977972, 4.294631, 4.436597, 4.557184, 4.674812, 4.969191, 5.055053, 4.995481, 5.212076, 5.125389, 5.158903, 5.293069, 5.223762, 5.246190, 5.342560, 5.344579, 5.361441, 5.365198, 5.356954, 5.327697, 5.314320, 5.332938, 5.370060, 5.389098, 5.440443, 5.462449, 5.493206, 5.549767, 5.627003, 5.716481, 5.853310, 6.020391, 6.204730, 6.395578, 6.594940, 6.811075, 7.041464, 7.280949, 7.505533, 7.733478, 7.925190, 8.102281, 8.248990, 8.359329, 8.442515, 8.477279, 8.513201, 8.523111, 8.504090, 8.451323, 8.368958, 8.219485, 8.043069, 7.815516, 7.554496, 7.260446, 6.915995, 6.556388, 6.160246, 5.744522, 5.303687, 4.856787, 4.388991, 3.921412, 3.463094, 3.028998, 2.617142, 2.249733, 1.910771, 1.626876, 1.411493, 1.253578, 1.164696, 1.139575, 1.171107, 1.196588, 1.444909, 1.746152, 2.094930, 2.460299, 2.870233, 3.280549, 3.716175, 4.153683, 4.556904, 4.959086, 5.344614, 5.699391, 6.051811, 6.377723, 6.620302, 6.892785, 7.084302, 7.235879, 7.254134, 7.389058, 7.396470, 7.242110, 7.263906, 7.121893, 6.921613, 6.665606, 6.343445, 5.972880, 5.565984, 4.864129, 4.651714, 3.881361, 3.396296, 2.907626, 2.423302, 1.965559, 1.792860, 1.175095, 0.861109, 0.587306, 0.376218, 0.221940, 0.133355, 0.062712, 0.039006, 0.051724, 0.101754, 0.203712, 0.317388, 0.432028, 0.562789, 0.709871, 0.871459, 1.001690, 1.125043, 1.247344, 1.365485, 1.466907, 1.547592, 1.603619, 1.629457, 1.644088, 1.631806, 1.584286, 1.498997, 1.379820, 1.234112, 1.070883, 0.883044, 0.691910, 0.492920, 0.279850, 0.051903, 0.168033, 0.374129, 0.574477, 0.768998, 0.957914, 1.150248, 1.338681, 1.502903, 1.644991, 1.764649, 1.868539, 2.091757, 2.218341, 2.304657, 2.357970, 2.364175, 2.348379, 2.315092, 2.256081, 2.170723, 2.069135, 1.973943, 1.859863, 1.740201, 1.603303, 1.430694, 1.298559, 1.141238, 0.980969, 0.823767, 0.701815, 0.567028, 0.440255, 0.326112, 0.224286, 0.115060, 0.015553, 0.071244, 0.138618, 0.177649, 0.176416, 0.157454, 0.072907, 0.082263, 0.277079, 0.520824, 0.823425, 1.231546, 1.532684, 1.923723, 2.293988, 2.668544, 3.039585, 3.403844, 3.756129, 4.094113, 4.422469, 4.722622, 5.014243, 5.281865, 5.510968, 5.690657, 5.854494, 6.002975, 6.087265, 6.009613, 6.004543, 5.873850, 5.558709, 5.455465, 5.173885, 4.688281, 4.495206, 4.121697, 3.524492, 3.297226, 2.673618, 2.232181, 1.790502, 1.331302, 0.890159, 0.657783, 0.072321, 0.277779, 0.462949, 0.936900, 1.208356, 1.430885, 1.620266, 1.780286, 1.907066, 1.991716, 2.040595, 2.037181, 2.015282, 1.910508, 1.784979, 1.627080, 1.435558, 1.247804, 1.067930, 0.869987, 0.599696, 0.351618, 0.098902, 0.143454, 0.380923, 0.584643, 0.794770, 1.008134, 1.215437, 1.423718, 1.633644, 1.807785, 1.965441, 2.154109, 2.291797, 2.453299, 2.599406, 2.729741, 2.834290, 2.921406, 2.990701, 3.046145, 3.064633, 3.053965, 3.002572, 2.944539, 2.860582, 2.752276, 2.636874, 2.507293, 2.353469, 2.180229, 1.987646, 1.793915, 1.582637, 1.229388, 1.171906, 0.963979, 0.765470, 0.578636, 0.398480, 0.245401, 0.097282, 0.024018, 0.133890, 0.224539, 0.298492, 0.352517, 0.384804, 0.403489, 0.412090, 0.423333, 0.427614, 0.437597, 0.446410, 0.464882, 0.489887, 0.521320, 0.552815, 0.595366, 0.645575, 0.695651, 0.758689, 0.792630, 0.834152, 0.862649, 1.019573, 0.951001, 0.992885, 1.052672, 1.123838, 1.216659, 1.336037, 1.468005, 1.624211, 1.789060, 1.958270, 2.155571, 2.339991, 2.533978, 2.712351, 3.046654, 3.039765, 3.168083, 3.294977, 3.375135, 3.447497, 3.494946, 3.507968, 3.504358, 3.475838, 3.424414, 3.401504, 3.246396, 3.137631, 3.061914, 2.905789, 2.662346, 2.513326, 2.290001, 2.022514, 1.831176, 1.599679, 1.350879, 1.090617, 0.796964, 0.481219, 0.210402, 0.102898, 0.344868, 0.619675, 0.876490, 1.111052, 1.338729, 1.553861, 1.747982, 1.924080, 2.095873, 2.258475, 2.409374, 2.535925, 2.664239, 2.774321, 2.883686, 2.978565, 3.026743, 3.068256, 3.056826, 3.101873, 3.082534, 3.073343, 3.021335, 2.958117, 2.883992, 2.810254, 2.719531, 2.617732, 2.508278, 2.395124, 2.300771, 2.163489, 2.050121, 1.931659, 1.804986, 1.676061, 1.538707, 1.397449, 1.239426, 1.085071, 0.944829, 0.809040, 0.675882, 0.554095, 0.438434, 0.351291, 0.272243, 0.047218, 0.122773, 0.050491, 0.015173, 0.091969, 0.136843, 0.169941, 0.170947, 0.147677, 0.111550, 0.069423, 0.016581, 0.027463, 0.093374, 0.140512, 0.089685, 0.243751, 0.285144, 0.302672, 0.327949, 0.347053, 0.372815, 0.385697, 0.431762, 0.447769, 0.468448, 0.503534, 0.544308, 0.579386, 0.610825, 0.530919, 0.679004, 0.702206, 0.731175, 0.753045, 0.773184, 0.791768, 0.816697, 0.839793, 0.843309, 0.836398, 0.818466, 0.798359, 0.785052, 0.740405, 0.606164, 0.699220, 0.661400, 0.621611, 0.459037, 0.530576, 0.467579, 0.272737, 0.183211, 0.236169, 0.012788, 0.038222, 0.173478, 0.255905, 0.328471, 0.386701, 0.428419, 0.456587, 0.474578, 0.462920, 0.413839, 0.401892, 0.340152, 0.274383, 0.207409, 0.126706, 0.028832, 0.066977, 0.178822, 0.304801, 0.470935, 0.653921, 0.827428, 1.010510, 1.228713, 1.394233, 1.547649, 1.695254, 1.825675, 1.941225, 2.026599, 2.115718, 2.195575, 2.260359, 2.318522, 2.358055, 2.388124, 2.414173, 2.423923, 2.422623, 2.401566, 2.368848, 2.340575, 2.300267, 2.235991, 2.189219, 2.145783, 2.088559, 2.013833, 1.948745, 1.787970, 1.837143, 1.775801, 1.711736, 1.672317, 1.588755, 1.535750, 1.499509, 1.454243, 1.418464, 1.349030, 1.394147, 1.396205, 1.383382, 1.384464, 1.328461, 1.373499, 1.422543, 1.433745, 1.441665, 1.445748, 1.450810, 1.454929, 1.446365, 1.434721, 1.410029, 1.400840, 1.400625, 1.422392, 1.445265, 1.439641, 1.541559, 1.566313, 1.670103, 1.717155, 1.708243, 1.790255, 1.818287, 1.782492, 1.839807, 1.776129, 1.748314, 1.801687, 1.713463, 1.702010, 1.709665, 1.693571, 1.712769, 1.772298, 1.726834, 1.743382, 1.722454, 1.697573, 1.666846, 1.609471, 1.553466, 1.499231, 1.426736, 1.370909, 1.335157, 1.277024, 1.279136, 1.246548, 1.240575, 1.242796, 1.246745, 1.265948, 1.299035, 1.318632, 1.351237, 1.382556, 1.404680, 1.419331, 1.397440, 1.377108, 1.322409, 1.249699, 1.193507, 1.106455, 1.011073, 0.938020, 0.847501, 0.739463, 0.616585, 0.487545, 0.335878, 0.142480, 0.062104, 0.287438, 0.520567, 0.771198, 1.017449, 1.253100, 1.491971, 1.698526, 1.895517, 2.059655, 2.208383, 2.351932, 2.495280, 2.627040, 2.747298, 2.871115, 2.981553, 3.107286, 3.247480, 3.363859, 3.475011, 3.575507, 3.666793, 3.745447, 3.801606, 3.846991, 3.863412, 3.835516, 3.767256, 3.747689, 3.670562, 3.572294, 3.457399, 3.344322, 3.227331, 3.115666, 3.004266, 2.896789, 2.789091, 2.663704, 2.527252, 2.361128, 2.174284, 1.978880, 1.756173, 1.581144, 1.229454, 1.012581, 0.705755, 0.339129, 0.069091, 0.245120, 0.547039, 0.807007, 1.080862, 1.318670, 1.553662, 1.795421, 2.038595, 2.284085, 2.514125, 2.754423, 2.990360, 3.225732, 3.411370, 3.583480, 3.650167, 3.764035, 3.801897, 3.753390, 3.789687, 3.715559, 3.538480, 3.489188, 3.223654, 3.007396, 2.881203, 2.518013, 2.224395, 2.029376, 1.607247, 1.265195, 0.920651, 0.555684, 0.196159, 0.182978, 0.590726, 1.022648, 1.424583, 1.857358, 2.324468, 2.802661, 3.250714, 3.663911, 4.101264, 4.499790, 4.872063, 5.223904, 5.533681, 5.814215, 6.064641, 6.281786, 6.485178, 6.584270, 6.620191, 6.617305, 6.575631, 6.478648, 6.333627, 6.156296, 5.918911, 5.646275, 5.357319, 5.044263, 4.716893, 4.223460, 3.846755, 3.414745, 2.996246, 2.603985, 2.218216, 1.821349, 1.439559, 1.070288, 0.702193, 0.352599, 0.006312, 0.349652, 0.690382, 1.016116, 1.338460, 1.640238, 1.953017, 2.265977, 2.596365, 2.938819, 3.266271, 3.612194, 3.964934, 4.322961, 4.699305, 5.134852, 5.432418, 5.771620, 6.070292, 6.337544, 6.538025, 6.730579, 6.911226, 7.064573, 7.130446, 7.142186, 7.079861, 6.978554, 6.807569, 6.595010, 6.187670, 5.911742, 5.748580, 5.438499, 5.133258, 4.849396, 4.583443, 4.345750, 4.145837, 3.970480, 3.822722, 3.619755, 3.612008, 3.541035, 3.477173, 3.353830, 3.405412, 3.299750, 3.338396, 3.330256, 3.262844, 3.338227, 3.338417, 3.254704, 3.316506, 3.230145, 3.210291, 3.116702, 2.896668, 2.757967, 2.589991, 2.388956, 2.168003, 2.080622, 1.652039, 1.371760, 1.087358, 0.794611, 0.494695, 0.203104, 0.097734, 0.383592, 0.637775, 0.888139, 1.125061, 1.339301, 1.555624, 1.727274, 1.866285, 1.971264, 2.057578, 2.097458, 2.090760, 2.035893, 1.930406, 1.780184, 1.570093, 1.369192, 1.150441, 0.895509, 0.637876, 0.380123, 0.117947, 0.145317, 0.409884, 0.652078, 0.890334, 1.125018, 1.357369, 1.579300, 1.790127, 2.001039, 2.177935, 2.353354, 2.511586, 2.651442, 2.779681, 2.886561, 2.959128, 3.006362, 3.016095, 3.016455, 3.002002, 2.941630, 2.880170, 2.791494, 2.700315, 2.600589, 2.490083, 2.369993, 2.252693, 2.154091, 1.985437, 1.850786, 1.717631, 1.571624, 1.420377, 1.249081, 1.072446, 0.897756, 0.721524, 0.538317, 0.366990, 0.203627, 0.058298, 0.253885, 0.235955, 0.341147, 0.423736, 0.538058, 0.547069, 0.607351, 0.653497, 0.688610, 0.711719, 0.707488, 0.701314, 0.701957, 0.703488, 0.714706, 0.809445, 0.721360, 0.762373, 0.801533, 0.844743, 0.904505, 0.952850, 0.993708, 1.028989, 1.060535, 1.110355, 1.129221, 1.136707, 1.144855, 1.148977, 1.245616, 1.129537, 1.113738, 1.210506, 1.104830, 1.105297, 1.080209, 1.057315, 1.142414, 1.033775, 1.027233, 1.106060, 0.987822, 0.959515, 0.983360, 0.883534, 0.711263, 0.664416, 0.532809, 0.397579, 0.247614, 0.086882, 0.059975, 0.209729, 0.352789, 0.494831, 0.620662, 0.719056, 0.812813, 0.884903, 0.931236, 0.973379, 0.984033, 0.978557, 0.950774, 0.925903, 0.873230, 0.834975, 0.796985, 0.771006, 0.739813, 0.711510, 0.676616, 0.638421, 0.598525, 0.549458, 0.476209, 0.387862, 0.294171, 0.203225, 0.087867, 0.005349, 0.042515, 0.087694, 0.103810, 0.117731, 0.110616, 0.102643, 0.102784, 0.089046, 0.166625, 0.098883, 0.087952, 0.079985, 0.069001, 0.047780, 0.009620, 0.070705, 0.149415, 0.262140, 0.382206, 0.497101, 0.587381, 0.666996, 0.713353, 0.747252, 0.753044, 0.750212, 0.697260, 0.615771, 0.525210, 0.393375, 0.221669, 0.039155, 0.178915, 0.413197, 0.665710, 0.907824, 1.158614, 1.408695, 1.652756, 2.066459, 2.146749, 2.381358, 2.621855, 2.858570, 3.080865, 3.302466, 3.517889, 3.705245, 3.878719, 4.012936, 4.202546, 4.154402, 4.162244, 4.184218, 4.078180, 3.918259, 3.746044, 3.537845, 3.308316, 3.081301, 2.854186, 2.625165, 2.401707, 2.178142, 1.954648, 1.732769, 1.514291, 1.316209, 1.092756, 0.984072, 0.862910, 0.753667, 0.676097, 0.618154, 0.573017, 0.544056, 0.522203, 0.540873, 0.559236, 0.587649, 0.635918, 0.692478, 0.755970, 0.829045, 0.909458, 0.980375, 1.106190, 1.225277, 1.360656, 1.485413, 1.598825, 1.695261, 1.778489, 1.828926, 1.852203, 1.845302, 1.824097, 1.778992, 1.715551, 1.654388, 1.567555, 1.511004, 1.449992, 1.384560, 1.333707, 1.261719, 1.203969, 1.110347, 1.038406, 0.916897, 0.838820, 0.722017, 0.576354, 0.478271, 0.394774, 0.277139, 0.211558, 0.122199, 0.053440, 0.032447, 0.123703, 0.205700, 0.301192, 0.351434, 0.399023, 0.466059, 0.486731, 0.528460, 0.551887, 0.520885, 0.579776, 0.587441, 0.583845, 0.581101, 0.591367, 0.578218, 0.566740, 0.565623, 0.542469, 0.518365, 0.500720, 0.445653, 0.429797, 0.381176, 0.224402, 0.217598, 0.118499, 0.004759, 0.137878, 0.272958, 0.400093, 0.530214, 0.646033, 0.749015, 0.835303, 0.900531, 0.932959, 0.990828, 0.961122, 1.009395, 1.002034, 0.946779, 0.940911, 0.969881, 0.923828, 0.938167, 0.924239, 0.869454, 0.880830, 0.844906, 0.759351, 0.707381, 0.634910, 0.565881, 0.500473, 0.449545, 0.370135, 0.309001, 0.248906, 0.191910, 0.127552, 0.035498, 0.039683, 0.109529, 0.169956, 0.258988, 0.304316, 0.370872, 0.426886, 0.450549, 0.468849, 0.478893, 0.492954, 0.491143, 0.472940, 0.447553, 0.404603, 0.355080, 0.307744, 0.251980, 0.212371, 0.151845, 0.084311, 0.009351, 0.035162, 0.088837, 0.145473, 0.203001, 0.262551, 0.342989, 0.414587, 0.487182, 0.559353, 0.621919, 0.665420, 0.691812, 0.696049, 0.678155, 0.643023, 0.639437, 0.618887, 0.586531, 0.563135, 0.532516, 0.498851, 0.503990, 0.456569, 0.412747, 0.360625, 0.333071, 0.315473, 0.288773, 0.250523, 0.180611, 0.106966, 0.032783, 0.092605, 0.185637, 0.262738, 0.318917, 0.379743, 0.429513, 0.464325, 0.517196, 0.563998, 0.606865, 0.634643, 0.662097, 0.707409, 0.755010, 0.803921, 0.846215, 0.917886, 0.972493, 1.030928, 1.080222, 1.134088, 1.182563, 1.223556, 1.253313, 1.279141, 1.290284, 1.315833, 1.327553, 1.330303, 1.279909, 1.333659, 1.316288, 1.307366, 1.278581, 1.237981, 1.199885, 1.113298, 1.022484, 0.924977, 0.727315, 0.636180, 0.623740, 0.431620, 0.413175, 0.243665, 0.173811, 0.176562, 0.111672, 0.014076, 0.008916, 0.092422, 0.049321, 0.088883, 0.146492, 0.113859, 0.110703, 0.164541, 0.096764, 0.121699, 0.090703, 0.054658, 0.006354, 0.079827, 0.120620, 0.192964, 0.298480, 0.351641, 0.411098, 0.475890, 0.540577, 0.593369, 0.614025, 0.644859, 0.669677, 0.678346, 0.679679, 0.690060, 0.690491, 0.672675, 0.662554, 0.628925, 0.585938, 0.513646, 0.509364, 0.464911, 0.422958, 0.376088, 0.320716, 0.293959, 0.264325, 0.230679, 0.188900, 0.140314, 0.115092, 0.103755, 0.095682, 0.088686, 0.082297, 0.069612, 0.071881, 0.071347, 0.060591, 0.076999, 0.091785, 0.131403, 0.152146, 0.168336, 0.187973, 0.224356, 0.225915, 0.272740, 0.315973, 0.361224, 0.434780, 0.544681, 0.609900, 0.664753, 0.731168, 0.816361, 0.849069, 0.959910, 1.024751, 1.101599, 1.164871, 1.208999, 1.250066, 1.285093, 1.310857, 1.335460, 1.351354, 1.360735, 1.352656, 1.335202, 1.303668, 1.186878, 1.213093, 1.152221, 1.079162, 0.998758, 0.895431, 0.770679, 0.639119, 0.500805, 0.360410, 0.231553, 0.118362, 0.009560, 0.075389, 0.149564, 0.204612, 0.239812, 0.249050, 0.247586, 0.236314, 0.207822, 0.146995, 0.086973, 0.016898, 0.041206, 0.106854, 0.106999, 0.220687, 0.268349, 0.249283, 0.282437, 0.372406, 0.342428, 0.428731, 0.384044, 0.401309, 0.479463, 0.403928, 0.368979, 0.418730, 0.318189, 0.273026, 0.217665, 0.165238, 0.105416, 0.045404, 0.030604, 0.109724, 0.205563, 0.334046, 0.456281, 0.594522, 0.751529, 0.922503, 1.091907, 1.288379, 1.470912, 1.650919, 1.810056, 1.938518, 1.993260, 2.040756, 2.034364, 1.986166, 1.900845, 1.789139, 1.608913, 1.467550, 1.326825, 1.186469, 1.090542, 0.979383, 0.906588, 0.835847, 0.786720, 0.755463, 0.737002, 0.735250, 0.745590, 0.762866, 0.808661, 0.861383, 0.930608, 1.016358, 1.107507, 1.222705, 1.320886, 1.412942, 1.512429, 1.610299, 1.706124, 1.793348, 1.913033, 2.021497, 2.132220, 2.227166, 2.282270, 2.332113, 2.344141, 2.323629, 2.296779, 2.225150, 2.146262, 2.056039, 1.950066, 1.831416, 1.708265, 1.535531, 1.340090, 1.145944, 0.987788, 0.797799, 0.605582, 0.413395, 0.195792, 0.009690, 0.211608, 0.436076, 0.662690, 0.884641, 1.141724, 1.292543, 1.481563, 1.669713, 1.825262, 1.918706, 2.036182, 2.112417, 2.153135, 2.213019, 2.309561, 2.320952, 2.392993, 2.359363, 2.367062, 2.433460, 2.359174, 2.342667, 2.392836, 2.277658, 2.225760, 2.169268, 2.126512, 2.093945, 2.048678, 2.035027, 2.037589, 2.052474, 2.052338, 2.084406, 2.101620, 2.176245, 2.201276, 2.239412, 2.283853, 2.315517, 2.340006, 2.392617, 2.448590, 2.488744, 2.521984, 2.530708, 2.552072, 2.588552, 2.615317, 2.652616, 2.705822, 2.752280, 2.794067, 2.833473, 2.867865, 2.917409, 2.948078, 2.979121, 2.990958, 2.981831, 2.958663, 2.910988, 2.835265, 2.751487, 2.648403, 2.514423, 2.363516, 2.193987, 2.009328, 1.810057, 1.608836, 1.424035, 1.228533, 1.055894, 0.909297, 0.752029, 0.632729, 0.526344, 0.424397, 0.336686, 0.218514, 0.127242, 0.199899, 0.220616, 0.262996, 0.314137, 0.381089, 0.444132, 0.495449, 0.552134, 0.640980, 0.634151, 0.679436, 0.717575, 0.717150, 0.692662, 0.648460, 0.672226, 0.581971, 0.486970, 0.458089, 0.330330, 0.116073, 0.054921, 0.112091, 0.374768, 0.532975, 0.647862, 0.845126, 1.036006, 1.317769, 1.443120, 1.745672, 1.842582, 2.051341, 2.253721, 2.534863, 2.702492, 2.758378, 2.960075, 2.966896, 3.015327, 3.078917, 3.019695, 2.950113, 2.854012, 2.728155, 2.581521, 2.365887, 2.160743, 1.871991, 1.617614, 1.360883, 1.114622, 0.871801, 0.698561, 0.536127, 0.373341, 0.192990, 0.041684, 0.126684, 0.268634, 0.440648, 0.613618, 0.786958, 0.961169, 1.132072, 1.302713, 1.476169, 1.652397, 1.831760, 2.001114, 2.141718, 2.224900, 2.295288, 2.353899, 2.381517, 2.397306, 2.392150, 2.352144, 2.289441, 2.187674, 2.092313, 1.987923, 1.885811, 1.798735, 1.711942, 1.627394, 1.558642, 1.478915, 1.392074, 1.310966, 1.230253, 1.159891, 1.120985, 1.104257, 1.093760, 1.089177, 1.086712, 1.098422, 1.108206, 1.117643, 1.124519, 1.126967, 1.149248, 1.151034, 1.135852, 1.121990, 1.073466, 1.027597, 0.972333, 0.942927, 0.898812, 0.865071, 0.858873, 0.817271, 0.788407, 0.757881, 0.718473, 0.674827, 0.595658, 0.611082, 0.478396, 0.552870, 0.537014, 0.522626, 0.513238, 0.490142, 0.484659, 0.466549, 0.461586, 0.455242, 0.455822, 0.471272, 0.513783, 0.572762, 0.643860, 0.712770, 0.726677, 0.875533, 0.937861, 0.982993, 0.973812, 0.942604, 0.892858, 0.833632, 0.731994, 0.610346, 0.465116, 0.323721, 0.157146, 0.015131, 0.202352, 0.546799, 0.541790, 0.693823, 0.867264, 1.016485, 1.179475, 1.307582, 1.442376, 1.591840, 1.739030, 1.868073, 2.012538, 2.148370, 2.399506, 2.370519, 2.598085, 2.512602, 2.519928, 2.524677, 2.481746, 2.499841, 2.281417, 2.125969, 2.247528, 2.118857, 1.868894, 1.715663, 1.517555, 1.255286, 1.122382, 0.963126, 0.806422, 0.672122, 0.564631, 0.502839, 0.447784, 0.414815, 0.408551, 0.418403, 0.449170, 0.507515, 0.565378, 0.644884, 0.738575, 0.854949, 1.002494, 1.156336, 1.390300, 1.612235, 1.855302, 2.107084, 2.376715, 2.645868, 2.917894, 3.184100, 3.448849, 3.704569, 3.955356, 4.189061, 4.407122, 4.585492, 4.719059, 4.825258, 4.896910, 4.934379, 4.909108, 4.844262, 4.716739, 4.563264, 4.390880, 4.155219, 3.873453, 3.564844, 3.244499, 2.933084, 2.616349, 2.292044, 2.011645, 1.720129, 1.434172, 1.161800, 0.919823, 0.687943, 0.537277, 0.338041, 0.157137, 0.021539, 0.195342, 0.332206, 0.490872, 0.643849, 0.778233, 0.900602, 1.025701, 1.148889, 1.250724, 1.322511, 1.400862, 1.471779, 1.539371, 1.575211, 1.608464, 1.627435, 1.638251, 1.631801, 1.587152, 1.622067, 1.622813, 1.613440, 1.583105, 1.607353, 1.580200, 1.545621, 1.498357, 1.446058, 1.399116, 1.347556, 1.306993, 1.268772, 1.243177, 1.184352, 1.203684, 1.170347, 1.178005, 1.168230, 1.161159, 1.140512, 1.124818, 1.106002, 1.074713, 1.001181, 1.005855, 0.958036, 0.865620, 0.811693, 0.724021, 0.611018, 0.578959, 0.454749, 0.373492, 0.320867, 0.257420, 0.160677, 0.091491, 0.016548, 0.058630, 0.147906, 0.249904, 0.385198, 0.544873, 0.684834, 0.825912, 0.995149, 1.177715, 1.394678, 1.642276, 1.873903, 2.122779, 2.377010, 2.609973, 2.836478, 3.030670, 3.224435, 3.414721, 3.602198, 3.775535, 3.884639, 3.957860, 4.003841, 4.023795, 4.013216, 3.969638, 3.896312, 3.789853, 3.653059, 3.495480, 3.295346, 3.078040, 2.840147, 2.576644, 2.290322, 1.997115, 1.700637, 1.395265, 1.103626, 0.802034, 0.506843, 0.249323, 0.021014, 0.250821, 0.463048, 0.663063, 0.828766, 0.973989, 1.093121, 1.210367, 1.301001, 1.369589, 1.407106, 1.481629, 1.499096, 1.540383, 1.546168, 1.548947, 1.544035, 1.546334, 1.524622, 1.502700, 1.466712, 1.442847, 1.436775, 1.422778, 1.406479, 1.390512, 1.374348, 1.375728, 1.381721, 1.397115, 1.421877, 1.464416, 1.524007, 1.581831, 1.644563, 1.726411, 1.795319, 1.879797, 1.975814, 2.171041, 2.186418, 2.297202, 2.389717, 2.483159, 2.580062, 2.671481, 2.750349, 2.821293, 2.875139, 2.912824, 2.949846, 2.951637, 2.953444, 2.932918, 2.941158, 2.839258, 2.793512, 2.724730, 2.635862, 2.553120, 2.450175, 2.346523, 2.245712, 2.140361, 2.027271, 1.921591, 1.824435, 1.690282, 1.562853, 1.409276, 1.255498, 1.118642, 0.945404, 0.786480, 0.644708, 0.493965, 0.330981, 0.222624, 0.092210, 0.016693, 0.114580, 0.222119, 0.313550, 0.408305, 0.495229, 0.580335, 0.657388, 0.734236, 0.797779, 0.852739, 0.889961, 0.914366, 0.920406, 0.912626, 0.883598, 0.853659, 0.826684, 0.792179, 0.754373, 0.703362, 0.668270, 0.624595, 0.585467, 0.544448, 0.493833, 0.452740, 0.428364, 0.384936, 0.358594, 0.340775, 0.322616, 0.288132, 0.252377, 0.218506, 0.200000, 0.195957, 0.175631, 0.167642, 0.157565, 0.149727, 0.142086, 0.148524, 0.132302, 0.130656, 0.137719, 0.148387, 0.158536, 0.171572, 0.174426, 0.105040, 0.177724, 0.176725, 0.133485, 0.193442, 0.182087, 0.187491, 0.191710, 0.203834, 0.159475, 0.169553, 0.133278, 0.107020, 0.090151, 0.060864, 0.035059, 0.001889, 0.022046, 0.049915, 0.063747, 0.074895, 0.078814, 0.079637, 0.061159, 0.050199, 0.080973, 0.007489, 0.005630, 0.032877, 0.059457, 0.032943, 0.106833, 0.121656, 0.095326, 0.181247, 0.214067, 0.165915, 0.235213, 0.222760, 0.129861, 0.084574, 0.011146, 0.078641, 0.082750, 0.289588, 0.417996, 0.439223, 0.653737, 0.781518, 0.930006, 1.074099, 1.226880, 1.395121, 1.559320, 1.740955, 1.907807, 2.073209, 2.219496, 2.350103, 2.453303, 2.549569, 2.618751, 2.663315, 2.711447, 2.765530, 2.812146, 2.841875, 2.883578, 2.896538, 2.887152, 2.882825, 2.866983, 2.846067, 2.785506, 2.717769, 2.642294, 2.563909, 2.483708, 
,,,0.013804, 0.029960, 0.046028, 0.062667, 0.079514, 0.093435, 0.105604, 0.117822, 0.129232, 0.141566, 0.153178, 0.165049, 0.176478, 0.187996, 0.201200, 0.218160, 0.234170, 0.250790, 0.268597, 0.283787, 0.300406, 0.317355, 0.333992, 0.350529, 0.367224, 0.383879, 0.400618, 0.417387, 0.434020, 0.451105, 0.467672, 0.483943, 0.500553, 0.519280, 0.535487, 0.550616, 0.567330, 0.583921, 0.600597, 0.617205, 0.635704, 0.650655, 0.667384, 0.688060, 0.700779, 0.717419, 0.733918, 0.750662, 0.769176, 0.783850, 0.800626, 0.817256, 0.834017, 0.850595, 0.867490, 0.884068, 0.901284, 0.917684, 0.934446, 0.951024, 0.967729, 0.984140, 1.000911, 1.019086, 1.034334, 1.051182, 1.067915, 1.084554, 1.101271, 1.118046, 1.134905, 1.151539, 1.168183, 1.184969, 1.201543, 1.218236, 1.234877, 1.251906, 1.271319, 1.285389, 1.301797, 1.318470, 1.336513, 1.351991, 1.368627, 1.385152, 1.402288, 1.418494, 1.435653, 1.452210, 1.468506, 1.485249, 1.503944, 1.518619, 1.537172, 1.551947, 1.568540, 1.585228, 1.601963, 1.618506, 1.635257, 1.651944, 1.668745, 1.685231, 1.702313, 1.718729, 1.735354, 1.752105, 1.768744, 1.787082, 1.802117, 1.820388, 1.835546, 1.852216, 1.868837, 1.887205, 1.902515, 1.919495, 1.935646, 1.952799, 1.968925, 1.985622, 2.002396, 2.018914, 2.037019, 2.052420, 2.068971, 2.085667, 2.102382, 2.119076, 2.135748, 2.152478, 2.169137, 2.185838, 2.202639, 2.219288, 2.235889, 2.252684, 2.269311, 2.288098, 2.302819, 2.319680, 2.336178, 2.352911, 2.369632, 2.386684, 2.403376, 2.420388, 2.436746, 2.453137, 2.469743, 2.486465, 2.503374, 2.520131, 2.538295, 2.553310, 2.569809, 2.586561, 2.603249, 2.619884, 2.636683, 2.653681, 2.669896, 2.687124, 2.703215, 2.719866, 2.736648, 2.753245, 2.770102, 2.788199, 2.803579, 2.820194, 2.836818, 2.853505, 2.870113, 2.886668, 2.903920, 2.920162, 2.937114, 2.953548, 2.969895, 2.986547, 3.003145, 3.019692, 3.036309, 3.054119, 3.069559, 3.086281, 3.102956, 3.119674, 3.136244, 3.152988, 3.169601, 3.186575, 3.202943, 3.219602, 3.236448, 3.253116, 3.269642, 3.286340, 3.305285, 3.319854, 3.336505, 3.353217, 3.369818, 3.386447, 3.403758, 3.420367, 3.436461, 3.453099, 3.469838, 3.486594, 3.503303, 3.520103, 3.536835, 3.555012, 3.570127, 3.586820, 3.603652, 3.620205, 3.637044, 3.653596, 3.670711, 3.686972, 3.703582, 3.720257, 3.740900, 3.753716, 3.770436, 3.786986, 3.804979, 3.820371, 3.837321, 3.853946, 3.870684, 3.887308, 3.904488, 3.921013, 3.937273, 3.953938, 3.972103, 3.987351, 4.003910, 4.020562, 4.038690, 4.056018, 4.070695, 4.087342, 4.108347, 4.121042, 4.138049, 4.154051, 4.171163, 4.187414, 4.204113, 4.220873, 4.237642, 4.254453, 4.270990, 4.287700, 4.306195, 4.320967, 4.337837, 4.354726, 4.371099, 4.387672, 4.405192, 4.420998, 4.437783, 4.454396, 4.471241, 4.487958, 4.506064, 4.521219, 4.537815, 4.556163, 4.572771, 4.587832, 4.604561, 4.621373, 4.638049, 4.655074, 4.671219, 4.687895, 4.704646, 4.721131, 4.737934, 4.754533, 4.771219, 4.788087, 4.806132, 4.821311, 4.838011, 4.854673, 4.871359, 4.888212, 4.905357, 4.921329, 4.937948, 4.954614, 4.971302, 4.988023, 5.004560, 5.021288, 5.038030, 5.056066, 5.071329, 5.087974, 5.104820, 5.121466, 5.138074, 5.154678, 5.171649, 5.188156, 5.204669, 5.221414, 5.238103, 5.254721, 5.271332, 5.288066, 5.305978, 5.321520, 5.338173, 5.355701, 5.372982, 5.388824, 5.405074, 5.421436, 5.438085, 5.454853, 5.471519, 5.488149, 5.504871, 5.521648, 5.538378, 5.557030, 5.571574, 5.588339, 5.605041, 5.621684, 5.638349, 5.655355, 5.671564, 5.688192, 5.704821, 5.721405, 5.738083, 5.754722, 5.771429, 5.788039, 5.804893, 5.823003, 5.838118, 5.854775, 5.871471, 5.888695, 5.905274, 5.921690, 5.938201, 5.954945, 5.971698, 5.988228, 6.004681, 6.021378, 6.038139, 6.058778, 6.073011, 6.088400, 6.105560, 6.121591, 6.138168, 6.154848, 6.171511, 6.188125, 6.204772, 6.221521, 6.238140, 6.254824, 6.271564, 6.288393, 6.305084, 6.323083, 6.338368, 6.355018, 6.372220, 6.388419, 6.405083, 6.421734, 6.438423, 6.455012, 6.471793, 6.488443, 6.505039, 6.521741, 6.538367, 6.555086, 6.574021, 6.588409, 6.605181, 6.621999, 6.638465, 6.655173, 6.671850, 6.688449, 6.705209, 6.721887, 6.738504, 6.755207, 6.771908, 6.788534, 6.805211, 6.823900, 6.838614, 6.855296, 6.872074, 6.888621, 6.905348, 6.923565, 6.938680, 6.955378, 6.972073, 6.988641, 7.005387, 7.022075, 7.038723, 7.055679, 7.076035, 7.088897, 7.105573, 7.122741, 7.139314, 7.155849, 7.172546, 7.189274, 7.205959, 7.222617, 7.239400, 7.255982, 7.272878, 7.289444, 7.306056, 7.322742, 7.345926, 7.357782, 7.373626, 7.389786, 7.406362, 7.423065, 7.439662, 7.456342, 7.473019, 7.489536, 7.506427, 7.522947, 7.539510, 7.556382, 7.573161, 7.589643, 7.608026, 7.623399, 7.639658, 7.656261, 7.672978, 7.689648, 7.706241, 7.722850, 7.739557, 7.756186, 7.772773, 7.789436, 7.806339, 7.823066, 7.839687, 7.857955, 7.873490, 7.889794, 7.906469, 7.923076, 7.939685, 7.956412, 7.973049, 7.989707, 8.006405, 8.022980, 8.039661, 8.056453, 8.074694, 8.089718, 8.109919, 8.123537, 8.139750, 8.156456, 8.173075, 8.189777, 8.206428, 8.223329, 8.240931, 8.256545, 8.273197, 8.289902, 8.306627, 8.323494, 8.340286, 8.357681, 8.374934, 8.390004, 8.406761, 8.423393, 8.440038, 8.456771, 8.473340, 8.493509, 8.506718, 8.523381, 8.540021, 8.556745, 8.573469, 8.590153, 8.606741, 8.623632, 8.642006, 8.656874, 8.673697, 8.690327, 8.706698, 8.723378, 8.739913, 8.756509, 8.773223, 8.789864, 8.806702, 8.823499, 8.840080, 8.856642, 8.873411, 8.889953, 8.907919, 8.923347, 8.939937, 8.956783, 8.973419, 8.989991, 9.006832, 9.023480, 9.040077, 9.056690, 9.073451, 9.090146, 9.107276, 9.123409, 9.139932, 9.157909, 9.173354, 9.189943, 9.206625, 9.223426, 9.240039, 9.256668, 9.273267, 9.289929, 9.306666, 9.323432, 9.340415, 9.356757, 9.373383, 9.390034, 9.409049, 9.423482, 9.440294, 9.456941, 9.473517, 9.490151, 9.506901, 9.523595, 9.540273, 9.557005, 9.573720, 9.590557, 9.607494, 9.623659, 9.640401, 9.658807, 9.673640, 9.690318, 9.706983, 9.723703, 9.740333, 9.756989, 9.773719, 9.790613, 9.807257, 9.823912, 9.842660, 9.857285, 9.873906, 9.890522, 9.908858, 9.924036, 9.940664, 9.957249, 9.974040, 9.990663, 10.007287, 10.023896, 10.040650, 10.059319, 10.074333, 10.091338, 10.107578, 10.124274, 10.140814, 10.158842, 10.174221, 10.191168, 10.207774, 10.224345, 10.241038, 10.257756, 10.274403, 10.291070, 10.307922, 10.324654, 10.341707, 10.357927, 10.374640, 10.391271, 10.409845, 10.424542, 10.445332, 10.458101, 10.474755, 10.491319, 10.508017, 10.524773, 10.541421, 10.558174, 10.574850, 10.592131, 10.608210, 10.624863, 10.641443, 10.659809, 10.674835, 10.691442, 10.708149, 10.724783, 10.741477, 10.758230, 10.775183, 10.791791, 10.808642, 10.825162, 10.842244, 10.858471, 10.875221, 10.891942, 10.910849, 10.925334, 10.942195, 10.958873, 10.975391, 10.992070, 11.008789, 11.025407, 11.042127, 11.058989, 11.075390, 11.092177, 11.108843, 11.125502, 11.142157, 11.160761, 11.175778, 11.192371, 11.208967, 11.225636, 11.242285, 11.258999, 11.275679, 11.292368, 11.309266, 11.326323, 11.342384, 11.360580, 11.375703, 11.392293, 11.410794, 11.425796, 11.442590, 11.459175, 11.475976, 11.492621, 11.511010, 11.526189, 11.542955, 11.559470, 11.576669, 11.593114, 11.609637, 11.626331, 11.642997, 11.660842, 11.676374, 11.693040, 11.709817, 11.726385, 11.743073, 11.759757, 11.780610, 11.793370, 11.809753, 11.826839, 11.843096, 11.859768, 11.876517, 11.893113, 11.911826, 11.926471, 11.943442, 11.959840, 11.976558, 11.993207, 12.009965, 12.026601, 12.043984, 12.060521, 12.076606, 12.093314, 12.110227, 12.126899, 12.143426, 12.162028, 12.176955, 12.193431, 12.210226, 12.227150, 12.243668, 12.260351, 12.277246, 12.293762, 12.310891, 12.327084, 12.343703, 12.360383, 12.377079, 12.393911, 12.411950, 12.428607, 12.443994, 12.460589, 12.477222, 12.493850, 12.510593, 12.527274, 12.543837, 12.562615, 12.577257, 12.593901, 12.610638, 12.627257, 12.643896, 12.662721, 12.677264, 12.693910, 12.710545, 12.727306, 12.743914, 12.760657, 12.777462, 12.794219, 12.811315, 12.827473, 12.844190, 12.860805, 12.877524, 12.894149, 12.915844, 12.928639, 12.944214, 12.960930, 12.977627, 12.994285, 13.010946, 13.028088, 13.044799, 13.061208, 13.077759, 13.094323, 13.110990, 13.127620, 13.144292, 13.161007, 13.179728, 13.194330, 13.210948, 13.227646, 13.244295, 13.261094, 13.277923, 13.294432, 13.311027, 13.327512, 13.344186, 13.360660, 13.377405, 13.394007, 13.410893, 13.427462, 13.447858, 13.460938, 13.477406, 13.494091, 13.510894, 13.527736, 13.545120, 13.561268, 13.577957, 13.596148, 13.611303, 13.627858, 13.644586, 13.661287, 13.677876, 13.694619, 13.713035, 13.728038, 13.744594, 13.761455, 13.778151, 13.795299, 13.811855, 13.828451, 13.845104, 13.861802, 13.878348, 13.894938, 13.911798, 13.928250, 13.944954, 13.962777, 13.978241, 13.995069, 14.011788, 14.028824, 14.045061, 14.061689, 14.078292, 14.095231, 14.111832, 14.128377, 14.145061, 14.161713, 14.178349, 14.195103, 14.213765, 14.228399, 14.245029, 14.261743, 14.278578, 14.295098, 14.311760, 14.328570, 14.345472, 14.362104, 14.378685, 14.395408, 14.412185, 14.428760, 14.445698, 14.463987, 14.479248, 14.495891, 14.512460, 14.529226, 14.545885, 14.562565, 14.579245, 14.595833, 14.612559, 14.629219, 14.645896, 14.662524, 14.679161, 14.695837, 14.714770, 14.729198, 14.746000, 14.766532, 14.779711, 14.795968, 14.812622, 14.829345, 14.846020, 14.862723, 14.879292, 14.895900, 14.912687, 14.929231, 14.945956, 14.964738, 14.979346, 14.996082, 15.013243, 15.030983, 15.046161, 15.063074, 15.079457, 15.096208, 15.114410, 15.129667, 15.146310, 15.162994, 15.179474, 15.196154, 15.214724, 15.229581, 15.246565, 15.262970, 15.279915, 15.296194, 15.312677, 15.329396, 15.346149, 15.362851, 15.379705, 15.396298, 15.413156, 15.429787, 15.446476, 15.464715, 15.479752, 15.496592, 15.513665, 15.529763, 15.546375, 15.563099, 15.579789, 15.596427, 15.613371, 15.629915, 15.646561, 15.663273, 15.679884, 15.696676, 15.714741, 15.730044, 15.747239, 15.763243, 15.780120, 15.796588, 15.813006, 15.829918, 15.846518, 15.863010, 15.879782, 15.896395, 15.913229, 15.929802, 15.946357, 15.964818, 15.979988, 15.997112, 16.016932, 16.030141, 16.046667, 16.063468, 16.080024, 16.096954, 16.113576, 16.130353, 16.146900, 16.163555, 16.180235, 16.196911, 16.215667, 16.230231, 16.247382, 16.263732, 16.280337, 16.297055, 16.315314, 16.330418, 16.347134, 16.363730, 16.380494, 16.398735, 16.414002, 16.430517, 16.447123, 16.465582, 16.480519, 16.497829, 16.513947, 16.530568, 16.547167, 16.563857, 16.581017, 16.597571, 16.614031, 16.630679, 16.647404, 16.663986, 16.680702, 16.697424, 16.715635, 16.730801, 16.747937, 16.764641, 16.780764, 16.797442, 16.814090, 16.830744, 16.847474, 16.864091, 16.880847, 16.897412, 16.914191, 16.930920, 16.947536, 16.965533, 16.981342, 16.998273, 17.014341, 17.030940, 17.047606, 17.064228, 17.080969, 17.097872, 17.114387, 17.130971, 17.147548, 17.164337, 17.180917, 17.197595, 17.215729, 17.231121, 17.248254, 17.264618, 17.281356, 17.298058, 17.314765, 17.331291, 17.348051, 17.364841, 17.381511, 17.398232, 17.414813, 17.431529, 17.448286, 17.466767, 17.482233, 17.498772, 17.515187, 17.531854, 17.548700, 17.564986, 17.581928, 17.598438, 17.615094, 17.631881, 17.648475, 17.665137, 17.681993, 17.698471, 17.716622, 17.731789, 17.748727, 17.765117, 17.781815, 17.798530, 17.815150, 17.831840, 17.848539, 17.865265, 17.881815, 17.898601, 17.915384, 17.931976, 17.948615, 17.966526, 17.981905, 17.998756, 18.015161, 18.032047, 18.048742, 18.065481, 18.082405, 18.099255, 18.115996, 18.132683, 18.149459, 18.165952, 18.182604, 18.199456, 18.217600, 18.232883, 18.251066, 18.266247, 18.282838, 18.299448, 18.316101, 18.332633, 18.349416, 18.367752, 18.382712, 18.399389, 18.416105, 18.432797, 18.449394, 18.468753, 18.482858, 18.499415, 18.516289, 18.532740, 18.549583, 18.566167, 18.582815, 18.599451, 18.616197, 18.633049, 18.649512, 18.666410, 18.683052, 18.699558, 18.718640, 18.733204, 18.749849, 18.766237, 18.783104, 18.799694, 18.816461, 18.833511, 18.850005, 18.866502, 18.883235, 18.899958, 18.916710, 18.933318, 18.950624, 18.969613, 18.984596, 19.000172, 19.016874, 19.033360, 19.053748, 19.066334, 19.083028, 19.099682, 19.116076, 19.132837, 19.149592, 19.166153, 19.182735, 19.199978, 19.216875, 19.234829, 19.249555, 19.266217, 19.282762, 19.299481, 19.316254, 19.332659, 19.349409, 19.366159, 19.382515, 19.399247, 19.415720, 19.434014, 19.449035, 19.466272, 19.482177, 19.500640, 19.515070, 19.531554, 19.548220, 19.564889, 19.581773, 19.598501, 19.615007, 19.633304, 19.648630, 19.665262, 19.681841, 19.698442, 19.715553, 19.731780, 19.748411, 19.766595, 19.785591, 19.798420, 19.815214, 19.831775, 19.848474, 19.865081, 19.881760, 19.898495, 19.915200, 19.931853, 19.948551, 19.965693, 19.981831, 19.998515, 20.016662, 20.032679, 20.048851, 20.065421, 20.082052, 20.098744, 20.115507, 20.132354, 20.152654, 20.170756, 20.188148, 20.205872, 20.219433, 20.232099, 20.248895, 20.267484, 20.282107, 20.298833, 20.315445, 20.332361, 20.349166, 20.365656, 20.382326, 20.398945, 20.415565, 20.432631, 20.448982, 20.466055, 20.482275, 20.499181, 20.517671, 20.532370, 20.548972, 20.565565, 20.582313, 20.598923, 20.615552, 20.632491, 20.649114, 20.665588, 20.682286, 20.699464, 20.716093, 20.732523, 20.749361, 20.767482, 20.782657, 20.799539, 20.816156, 20.832676, 20.849394, 20.866106, 20.882721, 20.899403, 20.916193, 20.932764, 20.949960, 20.966137, 20.982809, 20.999513, 21.017362, 21.032904, 21.049555, 21.066229, 21.082909, 21.099544, 21.116426, 21.133005, 21.149571, 21.166355, 21.183056, 21.200234, 21.216374, 21.232966, 21.249755, 21.268379, 21.282966, 21.299798, 21.316431, 21.333050, 21.349841, 21.366426, 21.383199, 21.399863, 21.416646, 21.433271, 21.450355, 21.466514, 21.483271, 21.499929, 21.518372, 21.533381, 21.549917, 21.568296, 21.583366, 21.600013, 21.616722, 21.633437, 21.650142, 21.666836, 21.684086, 21.700356, 21.716882, 21.733495, 21.750266, 21.768412, 21.783524, 21.800309, 21.816824, 21.833611, 21.850347, 21.866913, 21.887178, 21.900522, 21.916981, 21.933997, 21.950329, 21.966986, 21.983649, 22.000536, 22.018443, 22.033692, 22.050405, 22.067366, 22.083924, 22.100608, 22.117198, 22.133825, 22.150571, 22.167208, 22.184007, 22.200561, 22.217482, 22.233972, 22.250620, 22.269376, 22.284019, 22.300576, 22.317266, 22.333966, 22.350584, 22.367367, 22.383990, 22.401042, 22.417408, 22.434460, 22.450596, 22.467258, 22.483721, 22.500435, 22.519240, 22.533810, 22.550431, 22.567138, 22.583814, 22.600706, 22.617305, 22.633938, 22.650661, 22.667422, 22.684006, 22.700684, 22.717376, 22.734046, 22.750695, 22.769397, 22.784082, 22.800708, 22.817306, 22.834016, 22.850724, 22.867382, 22.884033, 22.900958, 22.917571, 22.934129, 22.950789, 22.967481, 22.984148, 23.000858, 23.019277, 23.034148, 23.050828, 23.067530, 23.084152, 23.100873, 23.117628, 23.134279, 23.150908, 23.167975, 23.184682, 23.201183, 23.217823, 23.234443, 23.252746, 23.269447, 23.284416, 23.301334, 23.318225, 23.334815, 23.351383, 23.368059, 23.384767, 23.401504, 23.418556, 23.434890, 23.451401, 23.468102, 23.484738, 23.501436, 23.521477, 23.534710, 23.551324, 23.568000, 23.584749, 23.601367, 23.617994, 23.634836, 23.651461, 23.670340, 23.692018, 23.717899, 23.730990, 23.744081, 23.757577, 23.772258, 23.784804, 23.801485, 23.818142, 23.836960, 23.851574, 23.868217, 23.884890, 23.902004, 23.918318, 23.935206, 23.951879, 23.968529, 23.985210, 24.001883, 24.018832, 24.037465, 24.052218, 24.069016, 24.085654, 24.102378, 24.119127, 24.135767, 24.152954, 24.168980, 24.185757, 24.202338, 24.219018, 24.235590, 24.252378, 24.269063, 24.287357, 24.302177, 24.318834, 24.335504, 24.352298, 24.369052, 24.385838, 24.403221, 24.419667, 24.435932, 24.452732, 24.469191, 24.485885, 24.502593, 24.519265, 24.537293, 24.552615, 24.569343, 24.585957, 24.602630, 24.619363, 24.636202, 24.652704, 24.669371, 24.685989, 24.702682, 24.719536, 24.736248, 24.752884, 24.769494, 24.788349, 24.802942, 24.819495, 24.836215, 24.852881, 24.869693, 24.886288, 24.903659, 24.919754, 24.936207, 24.953025, 24.969740, 24.986296, 25.003029, 25.019726, 25.038288, 25.054654, 25.069791, 25.086374, 25.103178, 25.119840, 25.137065, 25.153141, 25.169921, 25.186556, 25.203150, 25.219860, 25.238598, 25.253216, 25.269927, 25.288318, 25.303196, 25.319845, 25.336364, 25.353231, 25.369704, 25.386306, 25.403581, 25.419649, 25.439803, 25.453167, 25.469783, 25.486347, 25.503012, 25.519626, 25.536266, 25.554288, 25.569884, 25.586370, 25.603016, 25.619710, 25.636508, 25.653400, 25.669595, 25.686454, 25.702969, 25.719429, 25.736252, 25.752854, 25.769673, 25.786747, 25.804522, 25.819859, 25.836495, 25.853274, 25.869849, 25.886664, 25.903608, 25.919687, 25.936439, 25.953059, 25.969768, 25.986444, 26.003044, 26.019825, 26.036492, 26.054347, 26.069808, 26.086463, 26.103635, 26.119988, 26.136574, 26.153203, 26.170060, 26.186579, 26.203234, 26.219924, 26.236510, 26.253217, 26.269839, 26.286480, 26.305242, 26.320095, 26.336726, 26.353388, 26.370045, 26.387155, 26.403427, 26.420057, 26.436656, 26.453371, 26.470075, 26.486900, 26.503579, 26.520148, 26.536755, 26.555241, 26.570260, 26.586862, 26.603840, 26.620562, 26.637234, 26.653796, 26.670514, 26.687221, 26.703815, 26.720570, 26.737361, 26.754184, 26.770955, 26.787669, 26.806256, 26.821262, 26.838207, 26.855005, 26.872046, 26.888544, 26.904989, 26.921538, 26.938146, 26.954886, 26.971465, 26.988083, 27.004859, 27.021547, 27.039764, 27.056567, 27.071645, 27.088267, 27.105063, 27.122255, 27.138300, 27.154935, 27.173458, 27.188477, 27.205052, 27.221952, 27.238632, 27.255188, 27.271789, 27.288481, 27.307307, 27.321970, 27.338886, 27.355541, 27.372641, 27.388665, 27.405366, 27.422042, 27.438728, 27.455488, 27.471971, 27.488984, 27.505520, 27.522191, 27.538802, 27.557215, 27.572202, 27.588877, 27.605505, 27.622426, 27.639114, 27.655702, 27.672327, 27.688950, 27.705585, 27.722464, 27.739101, 27.755643, 27.772314, 27.789054, 27.807348, 27.822464, 27.839317, 27.855857, 27.872621, 27.888992, 27.905740, 27.922422, 27.938977, 27.955742, 27.972387, 27.989007, 28.005712, 28.022577, 28.039309, 28.057380, 28.072652, 28.089349, 28.106671, 28.123293, 28.139442, 28.156090, 28.172786, 28.189333, 28.205896, 28.222855, 28.239132, 28.255777, 28.272421, 28.289161, 28.305781, 28.324256, 28.339272, 28.355995, 28.376394, 28.389147, 28.405847, 28.422554, 28.439136, 28.455882, 28.472476, 28.490358, 28.505893, 28.522656, 28.539222, 28.555759, 28.574104, 28.589262, 28.605799, 28.622520, 28.639198, 28.655833, 28.672620, 28.689442, 28.706080, 28.722748, 28.739551, 28.756155, 28.772796, 28.789463, 28.806370, 28.824450, 28.839619, 28.856726, 28.872917, 28.889546, 28.906284, 28.922871, 28.939616, 28.956223, 28.972903, 28.989580, 29.006285, 29.022897, 29.039546, 29.056424, 29.075179, 29.090136, 29.106690, 29.123072, 29.139585, 29.156265, 29.173050, 29.189650, 29.206491, 29.223119, 29.239659, 29.256373, 29.273036, 29.289732, 29.306443, 29.325254, 29.340515, 29.356626, 29.373203, 29.389810, 29.406649, 29.424850, 29.439912, 29.456600, 29.473222, 29.489901, 29.506563, 29.523299, 29.539902, 29.556606, 29.574097, 29.590096, 29.606572, 29.624830, 29.640042, 29.656687, 29.673312, 29.690008, 29.706693, 29.723366, 29.739983, 29.756719, 29.773548, 29.790203, 29.807017, 29.825264, 29.840408, 29.856832, 29.873587, 29.890303, 29.906971, 29.923645, 29.940257, 29.959014, 29.973594, 29.990310, 30.006962, 30.023632, 30.040276, 30.057149, 30.075104, 30.090701, 30.107092, 30.123684, 30.140308, 30.157026, 30.173695, 30.190345, 30.207190, 30.223892, 30.240477, 30.257154, 30.273759, 30.290486, 30.307068, 30.326257, 30.340888, 30.357176, 30.373786, 30.390418, 30.407156, 30.423780, 30.440443, 30.457065, 30.473768, 30.490436, 30.507139, 30.523768, 30.540506, 30.557137, 30.573980, 30.592227, 30.607208, 30.623627, 30.640259, 30.656981, 30.673664, 30.690401, 30.706938, 30.723857, 30.740526, 30.757071, 30.773688, 30.790517, 30.807098, 30.824146, 30.842309, 30.857108, 30.873968, 30.890605, 30.907390, 30.924018, 30.940912, 30.957484, 30.974096, 30.990720, 31.007455, 31.024139, 31.041051, 31.057662, 31.074294, 31.092206, 31.107483, 31.124209, 31.140852, 31.157567, 31.174196, 31.190901, 31.207515, 31.224242, 31.240903, 31.257629, 31.275861, 31.290899, 31.307710, 31.324363, 31.342061, 31.357795, 31.374491, 31.391058, 31.407747, 31.424581, 31.441165, 31.457745, 31.474420, 31.491272, 31.507900, 31.524516, 31.542811, 31.557959, 31.574555, 31.593109, 31.607900, 31.624628, 31.641163, 31.657845, 31.674585, 31.691165, 31.707839, 31.724522, 31.741175, 31.757873, 31.774526, 31.791261, 31.808609, 31.824773, 31.843031, 31.862263, 31.874948, 31.891671, 31.908424, 31.925054, 31.941671, 31.958356, 31.975037, 31.991670, 32.008465, 32.025166, 32.042005, 32.059171, 32.075236, 32.094065, 32.108595, 32.125296, 32.141910, 32.158577, 32.175418, 32.192121, 32.208607, 32.225502, 32.242035, 32.258532, 32.275237, 32.291948, 32.308517, 32.325300, 32.344130, 32.358554, 32.375289, 32.391887, 32.408591, 32.425263, 32.441835, 32.458568, 32.475299, 32.491886, 32.508631, 32.525378, 32.542036, 32.558695, 32.575366, 32.594039, 32.608632, 32.625397, 32.642045, 32.658736, 32.675421, 32.692342, 32.708879, 32.725572, 32.742214, 32.758868, 32.775599, 32.792321, 32.808902, 32.825633, 32.844039, 32.858948, 32.875641, 32.892257, 32.909037, 32.925610, 32.942306, 32.959022, 32.975637, 32.992527, 33.009245, 33.025765, 33.042540, 33.059529, 33.075608, 33.093945, 33.108794, 33.125490, 33.142180, 33.158927, 33.175613, 33.192307, 33.209364, 33.225982, 33.242770, 33.259561, 33.278341, 33.293011, 33.309720, 33.326322, 33.344967, 33.359741, 33.376378, 33.393046, 33.409795, 33.427986, 33.443076, 33.459774, 33.476487, 33.493111, 33.509835, 33.526582, 33.547078, 33.560014, 33.576540, 33.595126, 33.610053, 33.626749, 33.643397, 33.660047, 33.676705, 33.693400, 33.710091, 33.726881, 33.743810, 33.760442, 33.777753, 33.793923, 33.810882, 33.827505, 33.846354, 33.860832, 33.877549, 33.894107, 33.910873, 33.927427, 33.944072, 33.960743, 33.977436, 33.994292, 34.010898, 34.027867, 34.044496, 34.060741, 34.077325, 34.096014, 34.110660, 34.127319, 34.143930, 34.162301, 34.177487, 34.194310, 34.211010, 34.227845, 34.244625, 34.263187, 34.277848, 34.294541, 34.311083, 34.327733, 34.346121, 34.364579, 34.378025, 34.394609, 34.411207, 34.427760, 34.444730, 34.461270, 34.477881, 34.494554, 34.511143, 34.528297, 34.544604, 34.561383, 34.578111, 34.596132, 34.611258, 34.628077, 34.644630, 34.661250, 34.678052, 34.694615, 34.711419, 34.728048, 34.744830, 34.762046, 34.778046, 34.794741, 34.811478, 34.827999, 34.847997, 34.861439, 34.878283, 34.894939, 34.911626, 34.929868, 34.945017, 34.961513, 34.978448, 34.994961, 35.011535, 35.028570, 35.044750, 35.061320, 35.078053, 35.099984, 35.111582, 35.128068, 35.144735, 35.161440, 35.177975, 35.194767, 35.211410, 35.228150, 35.244970, 35.261392, 35.278207, 35.294875, 35.311466, 35.328167, 35.344875, 35.362886, 35.378256, 35.394786, 35.411540, 35.428141, 35.444728, 35.461335, 35.478190, 35.494932, 35.511430, 35.528426, 35.544973, 35.561681, 35.578312, 35.594962, 35.613006, 35.628376, 35.645037, 35.661792, 35.678392, 35.695081, 35.711772, 35.728402, 35.745129, 35.761769, 35.778389, 35.795265, 35.811842, 35.828452, 35.845120, 35.863913, 35.878528, 35.896802, 35.911918, 35.928698, 35.945300, 35.962015, 35.978650, 35.995692, 36.012871, 36.028726, 36.047076, 36.062428, 36.079143, 36.095645, 36.114216, 36.128840, 36.145702, 36.162457, 36.179018, 36.195726, 36.212505, 36.229165, 36.246059, 36.262476, 36.279132, 36.296009, 36.316308, 36.329135, 36.345803, 36.363976, 36.379109, 36.395933, 36.412627, 36.429416, 36.446155, 36.462957, 36.479609, 36.496684, 36.513553, 36.530373, 36.546167, 36.562925, 36.579432, 36.596243, 36.614862, 36.629409, 36.646153, 36.662723, 36.679421, 36.695960, 36.712636, 36.729401, 36.746487, 36.762648, 36.779360, 36.796042, 36.812614, 36.829367, 36.846042, 36.862622, 36.880866, 36.896220, 36.913001, 36.929795, 36.946619, 36.963503, 36.980031, 36.998657, 37.013454, 37.030174, 37.047669, 37.065578, 37.082346, 37.096794, 37.113554, 37.131942, 37.146833, 37.163567, 37.179978, 37.196691, 37.213346, 37.229805, 37.246977, 37.263140, 37.279727, 37.296620, 37.313279, 37.329827, 37.346502, 37.363271, 37.379889, 37.397857, 37.413499, 37.430266, 37.446773, 37.467720, 37.482259, 37.497327, 37.513596, 37.530114, 37.546681, 37.563400, 37.580023, 37.596762, 37.613608, 37.630219, 37.648030, 37.663658, 37.680260, 37.696890, 37.713541, 37.730153, 37.747288, 37.763571, 37.780232, 37.796779, 37.813440, 37.830057, 37.846741, 37.863383, 37.880019, 37.898953, 37.913380, 37.930113, 37.946754, 37.963422, 37.980584, 37.996796, 38.013304, 38.030097, 38.046739, 38.063408, 38.080226, 38.096711, 38.113562, 38.130234, 38.148816, 38.165212, 38.180328, 38.197149, 38.213865, 38.230487, 38.247201, 38.263775, 38.280399, 38.297141, 38.313758, 38.332199, 38.347264, 38.363903, 38.380609, 38.398851, 38.414117, 38.432191, 38.447397, 38.464084, 38.481284, 38.497403, 38.514048, 38.530822, 38.547370, 38.568009, 38.580710, 38.597404, 38.614264, 38.631087, 38.649038, 38.664253, 38.681043, 38.697605, 38.714544, 38.730966, 38.747591, 38.764306, 38.781009, 38.797700, 38.814382, 38.830977, 38.847585, 38.864236, 38.880769, 38.898764, 38.913973, 38.930618, 38.947377, 38.964283, 38.980715, 38.997359, 39.014062, 39.030762, 39.047322, 39.064062, 39.080714, 39.097383, 39.114088, 39.130757, 39.148745, 39.164056, 39.180803, 39.197447, 39.214238, 39.230789, 39.247552, 39.264161, 39.280879, 39.297466, 39.314360, 39.331177, 39.347684, 39.364198, 39.380778, 39.398749, 39.414051, 39.430690, 39.447697, 39.464789, 39.480790, 39.497484, 39.514130, 39.530797, 39.547470, 39.564138, 39.580830, 39.597507, 39.614189, 39.630910, 39.648781, 39.665842, 39.681231, 39.697804, 39.714850, 39.731057, 39.747721, 39.764423, 39.781110, 39.797814, 39.814482, 39.831153, 39.847837, 39.864493, 39.882834, 39.900300, 39.914554, 39.931643, 39.948371, 39.969166, 39.981351, 39.998122, 40.014808, 40.031471, 40.048183, 40.064792, 40.081517, 40.098186, 40.114798, 40.131494, 40.149826, 40.164700, 40.181449, 40.198192, 40.214834, 40.231494, 40.248442, 40.265093, 40.281923, 40.298559, 40.315376, 40.331913, 40.348554, 40.365254, 40.381907, 40.400004, 40.415254, 40.431944, 40.448818, 40.465609, 40.482075, 40.498624, 40.515186, 40.531868, 40.548683, 40.565296, 40.581940, 40.598576, 40.615307, 40.631994, 40.650859, 40.665448, 40.682106, 40.699231, 40.715834, 40.732259, 40.749046, 40.765776, 40.782502, 40.799048, 40.815657, 40.832297, 40.849096, 40.865720, 40.882433, 40.901017, 40.915856, 40.932507, 40.949140, 40.965817, 40.982355, 40.999046, 41.015724, 41.032399, 41.049065, 41.065972, 41.082596, 41.099213, 41.115950, 41.132563, 41.150933, 41.165912, 41.182656, 41.199331, 41.217507, 41.232639, 41.249513, 41.266102, 41.282550, 41.299254, 41.315936, 41.332648, 41.349293, 41.366075, 41.383773, 41.402844, 41.416025, 41.433183, 41.449319, 41.465922, 41.482601, 41.499314, 41.515971, 41.532609, 41.549280, 41.565993, 41.582694, 41.603276, 41.616065, 41.632749, 41.649484, 41.667711, 41.683310, 41.700359, 41.716500, 41.733298, 41.750010, 41.766693, 41.783540, 41.800206, 41.817084, 41.833804, 41.850531, 41.867193, 41.883898, 41.900875, 41.918737, 41.933881, 41.950659, 41.967410, 41.983990, 42.000667, 42.017309, 42.033898, 42.050465, 42.067169, 42.083821, 42.100593, 42.117262, 42.133968, 42.150608, 42.169666, 42.184662, 42.200594, 42.217258, 42.233953, 42.250621, 42.267235, 42.283982, 42.300644, 42.317418, 42.334073, 42.350867, 42.367516, 42.384204, 42.403000, 42.419668, 42.434304, 42.450947, 42.467633, 42.484275, 42.500949, 42.517607, 42.535867, 42.551019, 42.567700, 42.584556, 42.601158, 42.617741, 42.634769, 42.651276, 42.669717, 42.684984, 42.701165, 42.717851, 42.734641, 42.751350, 42.767932, 42.784538, 42.801353, 42.818038, 42.834803, 42.851619, 42.868210, 42.888937, 42.902474, 42.919886, 42.935519, 42.951625, 42.968338, 42.985008, 43.001636, 43.018369, 43.034967, 43.051698, 43.068410, 43.085076, 43.101757, 43.118343, 43.135145, 43.151774, 43.169680, 43.185288, 43.202102, 43.218759, 43.235326, 43.253450, 43.268591, 43.285244, 43.302033, 43.318640, 43.335494, 43.353774, 43.368769, 43.385470, 43.402677, 43.420905, 43.435573, 43.452144, 43.468706, 43.485403, 43.502108, 43.519028, 43.535553, 43.552149, 43.568812, 43.585619, 43.602323, 43.622834, 43.635667, 43.652767, 43.670815, 43.685678, 43.702267, 43.719021, 43.735684, 43.752284, 43.768851, 43.785587, 43.802351, 43.818906, 43.835595, 43.852295, 43.869012, 43.886056, 43.902397, 43.920882, 43.935813, 43.952431, 43.969097, 43.987248, 44.002400, 44.019117, 44.036036, 44.052635, 44.069547, 44.085873, 44.105123, 44.119374, 44.135956, 44.153137, 44.171713, 44.185938, 44.202672, 44.219289, 44.235925, 44.252571, 44.269177, 44.285931, 44.302613, 44.319268, 44.335952, 44.356283, 44.369294, 44.385922, 44.403202, 44.419094, 44.437627, 44.452392, 44.469019, 44.485777, 44.502566, 44.519229, 44.535775, 44.552512, 44.569157, 44.585810, 44.602647, 44.619210, 44.635940, 44.653093, 44.669464, 44.687793, 44.702591, 44.719343, 44.735962, 44.752662, 44.769299, 44.786069, 44.802687, 44.819309, 44.836102, 44.852731, 44.869435, 44.886047, 44.903400, 44.919384, 44.937801, 44.954540, 44.969656, 44.986465, 45.003074, 45.020006, 45.036301, 45.052917, 45.069653, 45.087980, 45.103048, 45.119703, 45.136652, 45.153248, 45.169684, 45.187777, 45.202853, 45.219527, 45.236102, 45.252852, 45.269499, 45.286094, 45.302858, 45.319468, 45.336131, 45.352908, 45.369636, 45.386172, 45.403129, 45.419597, 45.437607, 45.454983, 45.469518, 45.486306, 45.503164, 45.519685, 45.536415, 45.553031, 45.569770, 45.586362, 45.603167, 45.619842, 45.636989, 45.653349, 45.669963, 45.688670, 45.703392, 45.720084, 45.736958, 45.753577, 45.770114, 45.786891, 45.803643, 45.820407, 45.836950, 45.853714, 45.870823, 45.886884, 45.903779, 45.920276, 45.938659, 45.953605, 45.970274, 45.986984, 46.003606, 46.020182, 46.036733, 46.053345, 46.070031, 46.088362, 46.103515, 46.120509, 46.137558, 46.153460, 46.170253, 46.188614, 46.203629, 46.220272, 46.238564, 46.253699, 46.270306, 46.287087, 46.303699, 46.320669, 46.337302, 46.354167, 46.371127, 46.387300, 46.404036, 46.420660, 46.438551, 46.454043, 46.470663, 46.487424, 46.504042, 46.520662, 46.537119, 46.553979, 46.574851, 46.587524, 46.604216, 46.621420, 46.637534, 46.654208, 46.671012, 46.689710, 46.704304, 46.720888, 46.737626, 46.754229, 46.771153, 46.787724, 46.804274, 46.821112, 46.837761, 46.854441, 46.871561, 46.887802, 46.904525, 46.921019, 46.939572, 46.954390, 46.971068, 46.987742, 47.006059, 47.021118, 47.037695, 47.054602, 47.071274, 47.087993, 47.106453, 47.121891, 47.138103, 47.154746, 47.171297, 47.189738, 47.204787, 47.221399, 47.238285, 47.255054, 47.271563, 47.288125, 47.309208, 47.321431, 47.338210, 47.355014, 47.371972, 47.388248, 47.404910, 47.421551, 47.439661, 47.454771, 47.471432, 47.488049, 47.504738, 47.521426, 47.538133, 47.554759, 47.571536, 47.588059, 47.605144, 47.621668, 47.637875, 47.654560, 47.671279, 47.689354, 47.704554, 47.721258, 47.737965, 47.754840, 47.771435, 47.788073, 47.804918, 47.821601, 47.838254, 47.854898, 47.871872, 47.888275, 47.904980, 47.921623, 47.939655, 47.954932, 47.971642, 47.988248, 48.005058, 48.021692, 48.038336, 48.055007, 48.071769, 48.088342, 48.105508, 48.121667, 48.138005, 48.154724, 48.171419, 48.189472, 48.204734, 48.221425, 48.239732, 48.254887, 48.271527, 48.288170, 48.304985, 48.321747, 48.338543, 48.355093, 48.371810, 48.388407, 48.405168, 48.421826, 48.441519, 48.455329, 48.472008, 48.488841, 48.505809, 48.522366, 48.539059, 48.555631, 48.572400, 48.593262, 48.605624, 48.622357, 48.639000, 48.655911, 48.672533, 48.689126, 48.707735, 48.722610, 48.739208, 48.755899, 48.772569, 48.789217, 48.806033, 48.822590, 48.839836, 48.855994, 48.872685, 48.889530, 48.906136, 48.922801, 48.939353, 48.957492, 48.972768, 48.989655, 49.006280, 49.022896, 49.039522, 49.056316, 49.072930, 49.090148, 49.106167, 49.123011, 49.139957, 49.156510, 49.173189, 49.189748, 49.208524, 49.223052, 49.239865, 49.258143, 49.273346, 49.290166, 49.306923, 49.323517, 49.342174, 49.356971, 49.373622, 49.390148, 49.406864, 49.423453, 49.443571, 49.458472, 49.473443, 49.490057, 49.506729, 49.523385, 49.540172, 49.556810, 49.574124, 49.590662, 49.606911, 49.623556, 49.640212, 49.656941, 49.673568, 49.690252, 49.708424, 49.723577, 49.740206, 49.756981, 49.773593, 49.790331, 49.807004, 49.824162, 49.840418, 49.857068, 49.874010, 49.892165, 49.907286, 49.924011, 49.940576, 49.960518, 49.974344, 49.991001, 50.007779, 50.024411, 50.041159, 50.057955, 50.075162, 50.091521, 50.107933, 50.124458, 50.141061, 50.157627, 50.174345, 50.190861, 50.207510, 50.225406, 50.240822, 50.257460, 50.274285, 50.290990, 50.307576, 50.324734, 50.341261, 50.357488, 50.374143, 50.390817, 50.407557, 50.424095, 50.440893, 50.457720, 50.475567, 50.490920, 50.507545, 50.524371, 50.540971, 50.558112, 50.574330, 50.590948, 50.607612, 50.624401, 50.641322, 50.657630, 50.674306, 50.691042, 50.707958, 50.726673, 50.741465, 50.757916, 50.774871, 50.791667, 50.808771, 50.825231, 50.845442, 50.862202, 50.881795, 50.899318, 50.915997, 50.933412, 50.949796, 50.965640, 50.983389, 50.997931, 51.012934, 51.027270, 51.041710, 51.059161, 51.076990, 51.092100, 51.108580, 51.126700, 51.146299, 51.158801, 51.175152, 51.191771, 51.212493, 51.225075, 51.243808, 51.258467, 51.275205, 51.291749, 51.309166, 51.325460, 51.341723, 51.358475, 51.375078, 51.391796, 51.408502, 51.425114, 51.442019, 51.458613, 51.475237, 51.493515, 51.509582, 51.525296, 51.542232, 51.558540, 51.575752, 51.592266, 51.610291, 51.625575, 51.642171, 51.658817, 51.677103, 51.692137, 51.708824, 51.725474, 51.743534, 51.758873, 51.775495, 51.792202, 51.808615, 51.825138, 51.841752, 51.858383, 51.875120, 51.891824, 51.908545, 51.925527, 51.942068, 51.958725, 51.975428, 51.993521, 52.008763, 52.025438, 52.042871, 52.058900, 52.075489, 52.092157, 52.108839, 52.125469, 52.142049, 52.158759, 52.175415, 52.192300, 52.208901, 52.225489, 52.243574, 52.258922, 52.275611, 52.292694, 52.309352, 52.325515, 52.342268, 52.359063, 52.375701, 52.392263, 52.408995, 52.425607, 52.442296, 52.458910, 52.475590, 52.494532, 52.508903, 52.525689, 52.542176, 52.559254, 52.575562, 52.592159, 52.609094, 52.625674, 52.642232, 52.658970, 52.675648, 52.692355, 52.712991, 52.725712, 52.744534, 52.759147, 52.775781, 52.792397, 52.809591, 52.825712, 52.842405, 52.858915, 52.875584, 52.892162, 52.908749, 52.925327, 52.942260, 52.959163, 52.975503, 52.992164, 53.010428, 53.025672, 53.042246, 53.059300, 53.075685, 53.092263, 53.108973, 53.125650, 53.142421, 53.159038, 53.175814, 53.192533, 53.209054, 53.225700, 53.242377, 53.260446, 53.275612, 53.292851, 53.308991, 53.325727, 53.342389, 53.359192, 53.375875, 53.392423, 53.409091, 53.425785, 53.442431, 53.459321, 53.477620, 53.492644, 53.510490, 53.525915, 53.543136, 53.559234, 53.575830, 53.592616, 53.609179, 53.625941, 53.644524, 53.659330, 53.675989, 53.692668, 53.709273, 53.725934, 53.742724, 53.761306, 53.776514, 53.793257, 53.809450, 53.826105, 53.842777, 53.859439, 53.876063, 53.892796, 53.909460, 53.926164, 53.942843, 53.959490, 53.976216, 53.992882, 54.011280, 54.029819, 54.043346, 54.059581, 54.076254, 54.092958, 54.109675, 54.126307, 54.142943, 54.159707, 54.176236, 54.192952, 54.209605, 54.226354, 54.243088, 54.261432, 54.277283, 54.293276, 54.309798, 54.326507, 54.343158, 54.359810, 54.376544, 54.393702, 54.409930, 54.426556, 54.443216, 54.459891, 54.477156, 54.493742, 54.511375, 54.527608, 54.543535, 54.559982, 54.576911, 54.593567, 54.610079, 54.627013, 54.643557, 54.660156, 54.676927, 54.693560, 54.710203, 54.726990, 54.745320, 54.762381, 54.777462, 54.793573, 54.810169, 54.826878, 54.843660, 54.860169, 54.877102, 54.893777, 54.911907, 54.927253, 54.943846, 54.960333, 54.977152, 54.993921, 55.012382, 55.027555, 55.043835, 55.060492, 55.078698, 55.093879, 55.110503, 55.127241, 55.143838, 55.160488, 55.177222, 55.193888, 55.210502, 55.227425, 55.244424, 55.262505, 55.277389, 55.298033, 55.310717, 55.327472, 55.344104, 55.360748, 55.377373, 55.394113, 55.410809, 55.427514, 55.444140, 55.460765, 55.477607, 55.494291, 55.511031, 55.529309, 55.544316, 55.561040, 55.577612, 55.594348, 55.610945, 55.627592, 55.644489, 55.661164, 55.677659, 55.694409, 55.711028, 55.727886, 55.744347, 55.761316, 55.777376, 55.795304, 55.810780, 55.827434, 55.844143, 55.860798, 55.877404, 55.894042, 55.910790, 55.927435, 55.944279, 55.961005, 55.977648, 55.994321, 56.010906, 56.027537, 56.046250, 56.060887, 56.077567, 56.094313, 56.111036, 56.127843, 56.144415, 56.160976, 56.177658, 56.194309, 56.211089, 56.227753, 56.244522, 56.260986, 56.277712, 56.296246, 56.311134, 56.327827, 56.344429, 56.361098, 56.379611, 56.394562, 56.411206, 56.427869, 56.444523, 56.461288, 56.477996, 56.494787, 56.511277, 56.527840, 56.546444, 56.563283, 56.577936, 56.596129, 56.611173, 56.627771, 56.644407, 56.661206, 56.677783, 56.694458, 56.715546, 56.727781, 56.744995, 56.761173, 56.777797, 56.796212, 56.811086, 56.827768, 56.844421, 56.861104, 56.877761, 56.894479, 56.911140, 56.927796, 56.944531, 56.961185, 56.977798, 56.994971, 57.011252, 57.027810, 57.046202, 57.061110, 57.077888, 57.094562, 57.111142, 57.127881, 57.144561, 57.161259, 57.178127, 57.194794, 57.211439, 57.228165, 57.245513, 57.261569, 57.278169, 57.296255, 57.311450, 57.328431, 57.345036, 57.361609, 57.378241, 57.394918, 57.411835, 57.428462, 57.445038, 57.461816, 57.478419, 57.495586, 57.511892, 57.528543, 57.546310, 57.561775, 57.578676, 57.595279, 57.611942, 57.628615, 57.645352, 57.662043, 57.678763, 57.695458, 57.712081, 57.728769, 57.745790, 57.762051, 57.778678, 57.797184, 57.811987, 57.828858, 57.845490, 57.862082, 57.878801, 57.895402, 57.912138, 57.928815, 57.945627, 57.962220, 57.978905, 57.995990, 58.012215, 58.028876, 58.047127, 58.062359, 58.078974, 58.095550, 58.112488, 58.129076, 58.145868, 58.162455, 58.179106, 58.195995, 58.212672, 58.229507, 58.246206, 58.262888, 58.279489, 58.298220, 58.312821, 58.329521, 58.346187, 58.362791, 58.379534, 58.396213, 58.414636, 58.429708, 58.446377, 58.463038, 58.479613, 58.496380, 58.513017, 58.529749, 58.548214, 58.563079, 58.579813, 58.598159, 58.613351, 58.629899, 58.646711, 58.663347, 58.679999, 58.700820, 58.714001, 58.730167, 58.746773, 58.763448, 58.780119, 58.798186, 58.813493, 58.830438, 58.847052, 58.863661, 58.880287, 58.896952, 58.913938, 58.930467, 58.947131, 58.964303, 58.980826, 58.997081, 59.013772, 59.030405, 59.048194, 59.063923, 59.080553, 59.097249, 59.113842, 59.130472, 59.147184, 59.163898, 59.180552, 59.197392, 59.214362, 59.230552, 59.247272, 59.263901, 59.280624, 59.299310, 59.314020, 59.330566, 59.347269, 59.363906, 59.380624, 59.397300, 59.414004, 59.430952, 59.447638, 59.464407, 59.480982, 59.497662, 59.514149, 59.530901, 59.549446, 59.564360, 59.580957, 59.597641, 59.614528, 59.631051, 59.647683, 59.664291, 59.680982, 59.698208, 59.714587, 59.730873, 59.747679, 59.764245, 59.780976, 59.799112, 59.814298, 59.830925, 
12, 20, 0, 3.671718, 3.671302, 3.659875, 3.644028, 3.582320, 3.510258, 3.421257, 3.320143, 3.196652, 3.061947, 2.844627, 2.590545, 2.301737, 2.004755, 1.709908, 1.420277, 1.135131, 0.838443, 0.570856, 0.295249, 0.020966, 0.250626, 0.515906, 0.771851, 1.017106, 1.240269, 1.467942, 1.677626, 1.892388, 2.106101, 2.323294, 2.498219, 2.658597, 2.799691, 2.903117, 2.999566, 3.075079, 3.153601, 3.209884, 3.264707, 3.311334, 3.304237, 3.352471, 3.371098, 3.409300, 3.484326, 3.460081, 3.470861, 3.533953, 3.477445, 3.494064, 3.470829, 3.438777, 3.422289, 3.402144, 3.366336, 3.313982, 3.259828, 3.205446, 3.139319, 3.064704, 2.978908, 2.891190, 2.776833, 2.664876, 2.532874, 2.396822, 2.251177, 2.087901, 1.937587, 1.797678, 1.669189, 1.543187, 1.412842, 1.294264, 1.162288, 1.036596, 0.928811, 0.819256, 0.706813, 0.600859, 0.516094, 0.425136, 0.344142, 0.259051, 0.191714, 0.140798, 0.114157, 0.073162, 0.043302, 0.024743, 0.003972, 0.003249, 0.021084, 0.038041, 0.042124, 0.090364, 0.123209, 0.145931, 0.177735, 0.204739, 0.242557, 0.288263, 0.359157, 0.442870, 0.496468, 0.563781, 0.650817, 0.737100, 0.823081, 0.907766, 0.992081, 1.075160, 1.157473, 1.248650, 1.316643, 1.370650, 1.416885, 1.435377, 1.465410, 1.484888, 1.500006, 1.524629, 1.547031, 1.553401, 1.554343, 1.539493, 1.511712, 1.483288, 1.408097, 1.380573, 1.382627, 1.292529, 1.271538, 1.162633, 1.096372, 1.067165, 0.952194, 0.876964, 0.832746, 0.691145, 0.606829, 0.569230, 0.454098, 0.378240, 0.301482, 0.221400, 0.160128, 0.091095, 0.032518, 0.008885, 0.062176, 0.096097, 0.086552, 0.098264, 0.125915, 0.156476, 0.155441, 0.195536, 0.213485, 0.224571, 0.230359, 0.231981, 0.248389, 0.267490, 0.287271, 0.290104, 0.323887, 0.318642, 0.289528, 0.252367, 0.202636, 0.123441, 0.038709, 0.093409, 0.234300, 0.357180, 0.491993, 0.641691, 0.802354, 0.963685, 1.128228, 1.300278, 1.472763, 1.653414, 1.850131, 2.038074, 2.243711, 2.433960, 2.622214, 2.812618, 2.996758, 3.170984, 3.330062, 3.481657, 3.630735, 3.767556, 3.894217, 3.991028, 4.070080, 4.138036, 4.175506, 4.199156, 4.210643, 4.202050, 4.147426, 4.077244, 4.011355, 3.912846, 3.802707, 3.663695, 3.543236, 3.419649, 3.295456, 3.185093, 3.064203, 2.955546, 2.859755, 2.754827, 2.652231, 2.525957, 2.378401, 2.254778, 2.126196, 1.996980, 1.879178, 1.750511, 1.626982, 1.502447, 1.383183, 1.256344, 1.127228, 1.007309, 0.895163, 0.788970, 0.684314, 0.596556, 0.530420, 0.468387, 0.405317, 0.349591, 0.295529, 0.252936, 0.225565, 0.101899, 0.162827, 0.152827, 0.112252, 0.176216, 0.224051, 0.294037, 0.391673, 0.500459, 0.633644, 0.758840, 0.883514, 1.004958, 1.132864, 1.213598, 1.277648, 1.403658, 1.443388, 1.471089, 1.395040, 1.385074, 1.449982, 1.314247, 1.367876, 1.300913, 1.118818, 1.131979, 0.939542, 0.832125, 0.734526, 0.628175, 0.509951, 0.408657, 0.322223, 0.242857, 0.159138, 0.147136, 0.075357, 0.067833, 0.072828, 0.075540, 0.077680, 0.088991, 0.096096, 0.108962, 0.133179, 0.156871, 0.183801, 0.210304, 0.244172, 0.249595, 0.265227, 0.254689, 0.252935, 0.240761, 0.209744, 0.192203, 0.154734, 0.110887, 0.022034, 0.103298, 0.254972, 0.411632, 0.585271, 0.748814, 0.903210, 1.031088, 1.142060, 1.237291, 1.323218, 1.401169, 1.476429, 1.538973, 1.617350, 1.714001, 1.835820, 1.955293, 2.060496, 2.156063, 2.239705, 2.303626, 2.363310, 2.397960, 2.439162, 2.431194, 2.397965, 2.323835, 2.226502, 2.097699, 1.934438, 1.790488, 1.589905, 1.421083, 1.231350, 1.050387, 0.865867, 0.679073, 0.493326, 0.305101, 0.116452, 0.072996, 0.207996, 0.355888, 0.488890, 0.646536, 0.752735, 0.887159, 1.009418, 1.104645, 1.189012, 1.266650, 1.339145, 1.391184, 1.432993, 1.475757, 1.518327, 1.553779, 1.580739, 1.538422, 1.603328, 1.544140, 1.552230, 1.607826, 1.525555, 1.498554, 1.548122, 1.501510, 1.383065, 1.429766, 1.320118, 1.274613, 1.311215, 1.187021, 1.152725, 1.166483, 1.030496, 0.980428, 0.936355, 0.903552, 0.944342, 0.840233, 0.796296, 0.768509, 0.679673, 0.599850, 0.621111, 0.450700, 0.359847, 0.277316, 0.188127, 0.090172, 0.010702, 0.183195, 0.122736, 0.335892, 0.426953, 0.488470, 0.535663, 0.590079, 0.620428, 0.646365, 0.664438, 0.681875, 0.673120, 0.659977, 0.646430, 0.634124, 0.636212, 0.642880, 0.646602, 0.645386, 0.646924, 0.630502, 0.617673, 0.586031, 0.532551, 0.490978, 0.434043, 0.384122, 0.320543, 0.265674, 0.208994, 0.155722, 0.119111, 0.066229, 0.014037, 0.016096, 0.059849, 0.103400, 0.130938, 0.172983, 0.215967, 0.243981, 0.270420, 0.288527, 0.312166, 0.321868, 0.355482, 0.383961, 0.400590, 0.440346, 0.475982, 0.489314, 0.526227, 0.562187, 0.597944, 0.618814, 0.640899, 0.672108, 0.691446, 0.711198, 0.721082, 0.712571, 0.711754, 0.699855, 0.691774, 0.667904, 0.647937, 0.613611, 0.580278, 0.544050, 0.503292, 0.455945, 0.421448, 0.385941, 0.352980, 0.315173, 0.291818, 0.188273, 0.241257, 0.216485, 0.193524, 0.173205, 0.161771, 0.159947, 0.148849, 0.146671, 0.153744, 0.166522, 0.189289, 0.149732, 0.218112, 0.221789, 0.166404, 0.235052, 0.234363, 0.247430, 0.260983, 0.262270, 0.256397, 0.244305, 0.250534, 0.220378, 0.289987, 0.313323, 0.251020, 0.249263, 0.305432, 0.187621, 0.220486, 0.141463, 0.019739, 0.174906, 0.189080, 0.423510, 0.552219, 0.690284, 0.844965, 1.024893, 1.217281, 1.426494, 1.651230, 1.892167, 2.142024, 2.396873, 2.668448, 2.960522, 3.235350, 3.521815, 3.802395, 4.064627, 4.311844, 4.525748, 4.682688, 4.801046, 4.879769, 4.921441, 4.943049, 4.918480, 4.869458, 4.793752, 4.696840, 4.591061, 4.475131, 4.310491, 4.172678, 4.068324, 3.922196, 3.756960, 3.563872, 3.370686, 3.205857, 3.069995, 2.953518, 2.836587, 2.732595, 2.658206, 2.594047, 2.535477, 2.492439, 2.432636, 2.374975, 2.309508, 2.222414, 2.083856, 1.921029, 1.762248, 1.625133, 1.465505, 1.319662, 1.131583, 0.941725, 0.753906, 0.568645, 0.384790, 0.203214, 0.023309, 0.155683, 0.334471, 0.512740, 0.690519, 0.867559, 1.043550, 1.197500, 1.335776, 1.457583, 1.525603, 1.566067, 1.606994, 1.621509, 1.617300, 1.573569, 1.530358, 1.479745, 1.443107, 1.392226, 1.342997, 1.308584, 1.189470, 1.216733, 1.167880, 1.113334, 0.963451, 0.931239, 0.805672, 0.690161, 0.545564, 0.416913, 0.287127, 0.171979, 0.071767, 0.004658, 0.067530, 0.197771, 0.173198, 0.274541, 0.270240, 0.313581, 0.423421, 0.393089, 0.420311, 0.529611, 0.510963, 0.641832, 0.692984, 0.759847, 0.820226, 0.867535, 0.897084, 0.920287, 0.928460, 0.881990, 0.931215, 0.924435, 0.896464, 0.877112, 0.867930, 0.853124, 0.843731, 0.806545, 0.818403, 0.815266, 0.795961, 0.766469, 0.721452, 0.685685, 0.637048, 0.591596, 0.506911, 0.455043, 0.410291, 0.376675, 0.340360, 0.309671, 0.263747, 0.213125, 0.092301, 0.006628, 0.076098, 0.138212, 0.222850, 0.280499, 0.362426, 0.413681, 0.502129, 0.566367, 0.625528, 0.652490, 0.675887, 0.697234, 0.711388, 0.719914, 0.726898, 0.725546, 0.733648, 0.745159, 0.759446, 0.779017, 0.804904, 0.829287, 0.842209, 0.857510, 0.877660, 0.889769, 0.913224, 0.915783, 0.912735, 0.908360, 0.899196, 0.867485, 0.838812, 0.798283, 0.762826, 0.715784, 0.663160, 0.597899, 0.529026, 0.451695, 0.351680, 0.263486, 0.155725, 0.060413, 0.037835, 0.271105, 0.181956, 0.147268, 0.092770, 0.002866, 0.113160, 0.238983, 0.378358, 0.547963, 0.710701, 0.865552, 1.024685, 1.173590, 1.333779, 1.483561, 1.611833, 1.778188, 1.938676, 2.087049, 2.210461, 2.331835, 2.446767, 2.535155, 2.645376, 2.734005, 2.776546, 2.827435, 2.870779, 2.891574, 2.915107, 2.885577, 2.938991, 2.898221, 2.871368, 2.891025, 2.818478, 2.649663, 2.557387, 2.542594, 2.347681, 2.242636, 2.108987, 1.993922, 1.886926, 1.785905, 1.694986, 1.597226, 1.488395, 1.389635, 1.283223, 1.192533, 1.100238, 1.057318, 0.934418, 0.877529, 0.812657, 0.744522, 0.667732, 0.594087, 0.540724, 0.493675, 0.470891, 0.428752, 0.401243, 0.385360, 0.374841, 0.351147, 0.337311, 0.343703, 0.317832, 0.282760, 0.226294, 0.188120, 0.135283, 0.085200, 0.033416, 0.003204, 0.033444, 0.048759, 0.041922, 0.026788, 0.026940, 0.000528, 0.019428, 0.033220, 0.042271, 0.051981, 0.061470, 0.079787, 0.082771, 0.100958, 0.130729, 0.161318, 0.209651, 0.268205, 0.327625, 0.374534, 0.384334, 0.379072, 0.368472, 0.322911, 0.257071, 0.202942, 0.165936, 0.143082, 0.017118, 0.101559, 0.080653, 0.048787, 0.013864, 0.016822, 0.041034, 0.062787, 0.060057, 0.029467, 0.005775, 0.038186, 0.090055, 0.144531, 0.196172, 0.137123, 0.273255, 0.313125, 0.317835, 0.318795, 0.315335, 0.293558, 0.255071, 0.216874, 0.053377, 0.049326, 0.044140, 0.238780, 0.146983, 0.162931, 0.319051, 0.225990, 0.268322, 0.447382, 0.412493, 0.659368, 0.784591, 0.775883, 1.109478, 1.280788, 1.322363, 1.735536, 2.016239, 2.333915, 2.694822, 3.085674, 3.483357, 3.890099, 4.298031, 4.693050, 5.092061, 5.468759, 5.820568, 6.151640, 6.488085, 6.795294, 7.098898, 7.398133, 7.665246, 7.900707, 8.133294, 8.359259, 8.542232, 8.682618, 8.787542, 8.856646, 8.893392, 8.910022, 8.882222, 8.811493, 8.694864, 8.586952, 8.332033, 8.120427, 7.908743, 7.686264, 7.453959, 7.222963, 6.968612, 6.700194, 6.406207, 6.106708, 5.801875, 5.496057, 5.194686, 4.902466, 4.631307, 4.345916, 4.075476, 3.788342, 3.501040, 3.205101, 2.922695, 2.623568, 2.317283, 2.014883, 1.702956, 1.385110, 1.057860, 0.731063, 0.398905, 0.073006, 0.253703, 0.552607, 0.859582, 1.324286, 1.453100, 1.738910, 2.009240, 2.261325, 2.489365, 2.704438, 2.871555, 3.046814, 3.184213, 3.308064, 3.412538, 3.462713, 3.488517, 3.507800, 3.554941, 3.471868, 3.412618, 3.339182, 3.264225, 3.181543, 3.065178, 2.905456, 2.785007, 2.647204, 2.466187, 2.292176, 2.126903, 1.950119, 1.770038, 1.549405, 1.348310, 1.166662, 0.994167, 0.824263, 0.655174, 0.487639, 0.318442, 0.152728, 0.012957, 0.143655, 0.265659, 0.328335, 0.372644, 0.476353, 0.584015, 0.664542, 0.731419, 0.859667, 0.944197, 1.045352, 1.108591, 1.164015, 1.091740, 1.046617, 0.970708, 0.865472, 0.746973, 0.603092, 0.466115, 0.330718, 0.193679, 0.071399, 0.046534, 0.155961, 0.288472, 0.382912, 0.479534, 0.565379, 0.638276, 0.706486, 0.761472, 0.823980, 0.869518, 0.918722, 0.974361, 1.025159, 1.054683, 1.082590, 1.109263, 1.133124, 1.164409, 1.180561, 1.212119, 1.264380, 1.339249, 1.424706, 1.506929, 1.691517, 1.808581, 2.012133, 2.232073, 2.462061, 2.733086, 3.023558, 3.312693, 3.596355, 3.864110, 4.121128, 4.349898, 4.566408, 4.751245, 4.932796, 5.071583, 5.206762, 5.237097, 5.228129, 5.150958, 5.020595, 4.837208, 4.592156, 4.303858, 3.970443, 3.629864, 3.251939, 2.857014, 2.463124, 2.045542, 1.649531, 1.236072, 0.654613, 0.452211, 0.066646, 0.277054, 0.603087, 0.914744, 1.192299, 1.446330, 1.679979, 1.867698, 2.022874, 2.137104, 2.218992, 2.279883, 2.309370, 2.359337, 2.284229, 2.233053, 2.135900, 2.024758, 1.906868, 1.773089, 1.595574, 1.422402, 1.266609, 1.085123, 0.902999, 0.708872, 0.506668, 0.294809, 0.096104, 0.092657, 0.282253, 0.432754, 0.598890, 0.717751, 0.845963, 0.983008, 1.110844, 1.254864, 1.411120, 1.534031, 1.688969, 1.861082, 1.997570, 2.156808, 2.323913, 2.437530, 2.535908, 2.618852, 2.685130, 2.716959, 2.733172, 2.712301, 2.658332, 2.588053, 2.496121, 2.415370, 2.305987, 2.175807, 2.043586, 1.921925, 1.733036, 1.558569, 1.385260, 1.204697, 1.018910, 0.841461, 0.681457, 0.528188, 0.370883, 0.213498, 0.065120, 0.075384, 0.222124, 0.347657, 0.484271, 0.618080, 0.735944, 0.846933, 0.933238, 1.032079, 1.104275, 1.212335, 1.221301, 1.261835, 1.282080, 1.288125, 1.315192, 1.323445, 1.329789, 1.325030, 1.315740, 1.292327, 1.260890, 1.206385, 1.137641, 1.047928, 0.954629, 0.847825, 0.728781, 0.603919, 0.470794, 0.325308, 0.185876, 0.050541, 0.082550, 0.212195, 0.327624, 0.431832, 0.524155, 0.572693, 0.611284, 0.647277, 0.653963, 0.650538, 0.626455, 0.582492, 0.502587, 0.387766, 0.253344, 0.075075, 0.084111, 0.274950, 0.478295, 0.667108, 0.853603, 1.046211, 1.215775, 1.376233, 1.507907, 1.602134, 1.686955, 1.748911, 1.769173, 1.757564, 1.777992, 1.583669, 1.442146, 1.263507, 1.063757, 0.887847, 0.703786, 0.527150, 0.381913, 0.261915, 0.167176, 0.074626, 0.000990, 0.060321, 0.108750, 0.043387, 0.176550, 0.196884, 0.081996, 0.186279, 0.035858, 0.014510, 0.114553, 0.057274, 0.078394, 0.106428, 0.122215, 0.152176, 0.178397, 0.205765, 0.238858, 0.306136, 0.357882, 0.410666, 0.489401, 0.537963, 0.568799, 0.583936, 0.592982, 0.576429, 0.545747, 0.479582, 0.402261, 0.313739, 0.217804, 0.122104, 0.030338, 0.070156, 0.177489, 0.298662, 0.412111, 0.541231, 0.700214, 0.850027, 1.036956, 1.152825, 1.283003, 1.386010, 1.484301, 1.566104, 1.644223, 1.712877, 1.769119, 1.794957, 1.804519, 1.847623, 1.811854, 1.792404, 1.792847, 1.768300, 1.721359, 1.676986, 1.615903, 1.544044, 1.463428, 1.363809, 1.181333, 1.132400, 0.968907, 0.811108, 0.644102, 0.471448, 0.290081, 0.116249, 0.042129, 0.195718, 0.355409, 0.512204, 0.666880, 0.806375, 1.077861, 1.032841, 1.124923, 1.197975, 1.264786, 1.313503, 1.340683, 1.337514, 1.319904, 1.282838, 1.210851, 1.117961, 0.997388, 0.864573, 0.713614, 0.634964, 0.427304, 0.271808, 0.183898, 0.002638, 0.146500, 0.230686, 0.437848, 0.596000, 0.701982, 0.900170, 1.049017, 1.103313, 1.281551, 1.303820, 1.366706, 1.496471, 1.405393, 1.365377, 1.436024, 1.252550, 1.202345, 1.154896, 1.115612, 1.090253, 1.057768, 1.019297, 0.987253, 0.941786, 0.902827, 0.839065, 0.766769, 0.698749, 0.609833, 0.533479, 0.440095, 0.365198, 0.293436, 0.217327, 0.152268, 0.037983, 0.050297, 0.113866, 0.202210, 0.287872, 0.380770, 0.462053, 0.550434, 0.633869, 0.713265, 0.801584, 0.873580, 0.992315, 1.095765, 1.191705, 1.297207, 1.393024, 1.467245, 1.559495, 1.685379, 1.716344, 1.800205, 1.888930, 1.963700, 2.020973, 2.071982, 2.119051, 2.167492, 2.214909, 2.268795, 2.304605, 2.339594, 2.377814, 2.415642, 2.428565, 2.517484, 2.453016, 2.451808, 2.433137, 2.404148, 2.346986, 2.293947, 2.240221, 2.205182, 2.170020, 2.131156, 2.093635, 2.040788, 1.971432, 1.899664, 1.847243, 1.732732, 1.666950, 1.628092, 1.598234, 1.587946, 1.563599, 1.536601, 1.518428, 1.519120, 1.481354, 1.462061, 1.448461, 1.475905, 1.534249, 1.666013, 1.662916, 1.727280, 1.794881, 1.869161, 1.940467, 2.010414, 2.070446, 2.090055, 2.099366, 2.095566, 2.067207, 2.038519, 2.038193, 1.985209, 1.973805, 1.919300, 1.875857, 1.842277, 1.825606, 1.765247, 1.717325, 1.681020, 1.625142, 1.563083, 1.482121, 1.398942, 1.328854, 1.271728, 1.222150, 1.172773, 1.135415, 1.097731, 1.055247, 1.001537, 0.907280, 0.859025, 0.804027, 0.744091, 0.682476, 0.622232, 0.568992, 0.523795, 0.492158, 0.449035, 0.401439, 0.377692, 0.344933, 0.293560, 0.275639, 0.241278, 0.214929, 0.194402, 0.163436, 0.124830, 0.054874, 0.024509, 0.017000, 0.007019, 0.004301, 0.009601, 0.012227, 0.011653, 0.004629, 0.031037, 0.018132, 0.023572, 0.004557, 0.017401, 0.005354, 0.000964, 0.036438, 0.137486, 0.198696, 0.261012, 0.327714, 0.374447, 0.419111, 0.484615, 0.558222, 0.641569, 0.742827, 0.852526, 0.973890, 1.110146, 1.253555, 1.419696, 1.602977, 1.795650, 1.988525, 2.193424, 2.423516, 2.610375, 2.824143, 3.042026, 3.245921, 3.413356, 3.583232, 3.761896, 3.931085, 4.084424, 4.137853, 4.176221, 4.182403, 4.125200, 4.127825, 3.978964, 3.955799, 3.818626, 3.649988, 3.463308, 3.239993, 2.992689, 2.741321, 2.347736, 2.218463, 1.956233, 1.711213, 1.473401, 1.272943, 1.104413, 0.964281, 0.856171, 0.766914, 0.703380, 0.639289, 0.516528, 0.544066, 0.497818, 0.444249, 0.442335, 0.421469, 0.356343, 0.403675, 0.401185, 0.344851, 0.348777, 0.354563, 0.349523, 0.395618, 0.308409, 0.282745, 0.305687, 0.187453, 0.123202, 0.053204, 0.041976, 0.144903, 0.257307, 0.407794, 0.547769, 0.704755, 0.869581, 1.044534, 1.222398, 1.395546, 1.567607, 1.723601, 1.866324, 2.002397, 2.113417, 2.180593, 2.238059, 2.262732, 2.289114, 2.309775, 2.289331, 2.250635, 2.182548, 2.102010, 1.974800, 1.847317, 1.685009, 1.508352, 1.424453, 1.232102, 1.038751, 0.847607, 0.658530, 0.455147, 0.254023, 0.055767, 0.138075, 0.323546, 0.459305, 0.594791, 0.759864, 0.919563, 1.062901, 1.195244, 1.328134, 1.462394, 1.593889, 1.690110, 1.743508, 1.768490, 1.786160, 1.782766, 1.778641, 1.748038, 1.709380, 1.651282, 1.582741, 1.523782, 1.458334, 1.401011, 1.337011, 1.300182, 1.256916, 1.212611, 1.193383, 1.132977, 1.162049, 1.172653, 1.190607, 1.225283, 1.257912, 1.323243, 1.361555, 1.406961, 1.445795, 1.482281, 1.513358, 1.547989, 1.561869, 1.570357, 1.565462, 1.488093, 1.520586, 1.480585, 1.436666, 1.391761, 1.340269, 1.286145, 1.228670, 1.167710, 1.012846, 1.009730, 0.904334, 0.695994, 0.678191, 0.541296, 0.297624, 0.267374, 0.024732, 0.113308, 0.136088, 0.351299, 0.446167, 0.449702, 0.623853, 0.705534, 0.696114, 0.834901, 0.891547, 0.935548, 0.971907, 1.008514, 1.014943, 1.010132, 0.992770, 0.973688, 0.929214, 0.879893, 0.838118, 0.796414, 0.745143, 0.718757, 0.682806, 0.654636, 0.621044, 0.597547, 0.566341, 0.541881, 0.518029, 0.498078, 0.474628, 0.474963, 0.484824, 0.497345, 0.550738, 0.581742, 0.620590, 0.661266, 0.700534, 0.752046, 0.801865, 0.927983, 0.885583, 0.933499, 0.977210, 1.020722, 1.072111, 1.148504, 1.235349, 1.315340, 1.395284, 1.453387, 1.511528, 1.547990, 1.575379, 1.597279, 1.601891, 1.586121, 1.563791, 1.527881, 1.474885, 1.403559, 1.341343, 1.265910, 1.186569, 1.107373, 1.048597, 0.955473, 0.830041, 0.702115, 0.548398, 0.386877, 0.206885, 0.036449, 0.253229, 0.453181, 0.628894, 0.786526, 0.919793, 1.048047, 1.134991, 1.207680, 1.305039, 1.395183, 1.500634, 1.588979, 1.692285, 1.735801, 1.901469, 1.991436, 2.055609, 2.088565, 2.095697, 2.085187, 2.074056, 1.925250, 1.907144, 1.938447, 1.888347, 1.849418, 1.712087, 1.805703, 1.693774, 1.793740, 1.712639, 1.780231, 1.790176, 1.801476, 1.725002, 1.839114, 1.874553, 1.883701, 1.878649, 1.875060, 1.884992, 1.892910, 1.838093, 1.964003, 1.911235, 1.953949, 2.084937, 2.126563, 2.046187, 2.156137, 2.164294, 2.067454, 2.117556, 2.029072, 2.001567, 2.069775, 1.880018, 1.803227, 1.734147, 1.647023, 1.555631, 1.481837, 1.418461, 1.371880, 1.328623, 1.285766, 1.252343, 1.206035, 1.157565, 1.110149, 1.078066, 1.045017, 1.012747, 0.988497, 0.977372, 0.984738, 0.969552, 0.958700, 0.943130, 0.919772, 0.872729, 0.805317, 0.729943, 0.640465, 0.535916, 0.436404, 0.346606, 0.254317, 0.177636, 0.116796, 0.064271, 0.012606, 0.005074, 0.007511, 0.010728, 0.045998, 0.098460, 0.142079, 0.199814, 0.244860, 0.295175, 0.350358, 0.410880, 0.467591, 0.423733, 0.572486, 0.646218, 0.724307, 0.832257, 0.922223, 1.086317, 1.231229, 1.377298, 1.519889, 1.633752, 1.746802, 1.847812, 1.936766, 2.035483, 1.987178, 2.118941, 2.145112, 2.179143, 2.207986, 2.281634, 2.342898, 2.440712, 2.563897, 2.700265, 2.831030, 2.958788, 3.084202, 3.204640, 3.303030, 3.287499, 3.414398, 3.400594, 3.390178, 3.319616, 3.059711, 3.048500, 2.885807, 2.696167, 2.485854, 2.263450, 2.018877, 1.763130, 1.493385, 1.210900, 0.915444, 0.388467, 0.276947, 0.251019, 0.379125, 0.884811, 1.201021, 1.471978, 1.546856, 1.930059, 2.109301, 2.125664, 2.410476, 2.502292, 2.554639, 2.568838, 2.533809, 2.463823, 2.361287, 2.225288, 2.072656, 1.888395, 1.661333, 1.444019, 1.203199, 0.949218, 0.718332, 0.505422, 0.318374, 0.146804, 0.011622, 0.133643, 0.224265, 0.289277, 0.341223, 0.376135, 0.382765, 0.382169, 0.377584, 0.359341, 0.318470, 0.281048, 0.235170, 0.176468, 0.096270, 0.009208, 0.111624, 0.229959, 0.362758, 0.490091, 0.627152, 0.786102, 0.919422, 1.063825, 1.183635, 1.344183, 1.474887, 1.602914, 1.710682, 1.815104, 1.909827, 1.980573, 2.045119, 2.100510, 2.130157, 2.132343, 2.085096, 2.043603, 1.955834, 1.893116, 1.684755, 1.484358, 1.251998, 1.009038, 0.705736, 0.508848, 0.317727, 0.104818, 0.076207, 0.241281, 0.371408, 0.500144, 0.609375, 0.677560, 0.727884, 0.766361, 0.750708, 0.689390, 0.600821, 0.458380, 0.271703, 0.025647, 0.214569, 0.522202, 0.870965, 1.279540, 1.735848, 2.220163, 2.753868, 3.328109, 3.933481, 4.556976, 5.167265, 5.767257, 6.364145, 6.942761, 7.501928, 8.045902, 8.512993, 8.950568, 9.354437, 9.707673, 10.001559, 10.207459, 10.364548, 10.430242, 10.377123, 10.348002, 10.189636, 9.808924, 9.449368, 9.009047, 8.492635, 7.910587, 7.257178, 6.571954, 5.841988, 5.084775, 4.306828, 3.495574, 2.682443, 1.849798, 1.021069, 0.189048, 0.600272, 1.348415, 2.079721, 2.766606, 3.371955, 3.922269, 4.411149, 4.838465, 5.217073, 5.499157, 5.764345, 5.946577, 6.074358, 6.148682, 6.158225, 6.104231, 5.977513, 5.817269, 5.606973, 5.378533, 5.114142, 4.854961, 4.580435, 4.300950, 4.017827, 3.757662, 3.491374, 3.269937, 3.024514, 2.819551, 2.628956, 2.459174, 2.303190, 2.183286, 2.087335, 1.997816, 1.938123, 1.905811, 1.892159, 1.897334, 1.907478, 1.929948, 1.962333, 2.012062, 2.095189, 2.169554, 2.244711, 2.246558, 2.404644, 2.477172, 2.540611, 2.598442, 2.649409, 2.668969, 2.678671, 2.658663, 2.615575, 2.558733, 2.466809, 2.371592, 2.252848, 2.123546, 1.845073, 1.852830, 1.690772, 1.511453, 1.350398, 1.186869, 1.003155, 0.832403, 0.645832, 0.476119, 0.311141, 0.166116, 0.027061, 0.102735, 0.220365, 0.436130, 0.491358, 0.458942, 0.590531, 0.660505, 0.583352, 0.593071, 0.693213, 0.602040, 0.683229, 0.671568, 0.566733, 0.626346, 0.566282, 0.493638, 0.447943, 0.244649, 0.097468, 0.008214, 0.210973, 0.302985, 0.443506, 0.621166, 0.668646, 0.740837, 0.793755, 0.798901, 0.777164, 0.727622, 0.631899, 0.501196, 0.341321, 0.147424, 0.082763, 0.351098, 0.652166, 0.979845, 1.347247, 1.743108, 2.176542, 2.665782, 3.178077, 3.700285, 4.231428, 4.777731, 5.310849, 5.819792, 6.305461, 6.757748, 7.191145, 7.583017, 7.946620, 8.215215, 8.472586, 8.684939, 8.846362, 8.923594, 8.946389, 8.914823, 8.831722, 8.704404, 8.512486, 8.285035, 8.023873, 7.736829, 7.444181, 7.131438, 6.805181, 6.482468, 6.149237, 5.798292, 5.465296, 5.150202, 4.840269, 4.539223, 4.243405, 3.797431, 3.671755, 3.402926, 3.140021, 2.880926, 2.628360, 2.401748, 2.193598, 1.999298, 1.816076, 1.646944, 1.375059, 1.300565, 1.131203, 0.964887, 0.697364, 0.663984, 0.540826, 0.421014, 0.237588, 0.197323, 0.078751, 0.014382, 0.105182, 0.187501, 0.254708, 0.328179, 0.431903, 0.536990, 0.644797, 0.833774, 0.851278, 0.936437, 1.011833, 1.096597, 1.247931, 1.262129, 1.331411, 1.451170, 1.447502, 1.485289, 1.523157, 1.526071, 1.561113, 1.558221, 1.555221, 1.538129, 1.503535, 1.466691, 1.388145, 1.295851, 1.223283, 1.157041, 1.088155, 1.006947, 0.886292, 0.800976, 0.688610, 0.606768, 0.512289, 0.405730, 0.276434, 0.170095, 0.054256, 0.062321, 0.183428, 0.285111, 0.397340, 0.506909, 0.616808, 0.657561, 0.693299, 0.749031, 0.793469, 0.809578, 0.825635, 0.857104, 0.872935, 0.870756, 0.869618, 0.873592, 0.868050, 0.873819, 0.886679, 0.880270, 0.888132, 0.898025, 0.900457, 0.892131, 0.882870, 0.878115, 0.861696, 0.823839, 0.784475, 0.722696, 0.630790, 0.519514, 0.381505, 0.231737, 0.043993, 0.145098, 0.351755, 0.560453, 0.798418, 1.043719, 1.343035, 1.543074, 1.814888, 2.090028, 2.368449, 2.649858, 2.934662, 3.220243, 3.509518, 3.798790, 4.094057, 4.378439, 4.663226, 4.935235, 5.179650, 5.406579, 5.604221, 5.779362, 5.951401, 6.100888, 6.177676, 6.210445, 6.204626, 6.139673, 6.042512, 5.902370, 5.723197, 5.389656, 5.270513, 4.879451, 4.598752, 4.436033, 3.945442, 3.761403, 3.421818, 2.885659, 2.676759, 2.295110, 1.749976, 1.525560, 0.972060, 0.601358, 0.415019, 0.037984, 0.290259, 0.481074, 0.631423, 0.741847, 0.809979, 0.835712, 0.810891, 0.760618, 0.690120, 0.594480, 0.520024, 0.426777, 0.351233, 0.260879, 0.214232, 0.185328, 0.156713, 0.152222, 0.134086, 0.100232, 0.071346, 0.025947, 0.029338, 0.082788, 0.126035, 0.167478, 0.200476, 0.228739, 0.253213, 0.246410, 0.225338, 0.185177, 0.135922, 0.086392, 0.051078, 0.017822, 0.093165, 0.160765, 0.216136, 0.279448, 0.340236, 0.373200, 0.405006, 0.427411, 0.424084, 0.404825, 0.375547, 0.343473, 0.298456, 0.249526, 0.212970, 0.162799, 0.106260, 0.051790, 0.006939, 0.035823, 0.085785, 0.127009, 0.168924, 0.196224, 0.233422, 0.279239, 0.301975, 0.355663, 0.400833, 0.425729, 0.453511, 0.461374, 0.474469, 0.450623, 0.438633, 0.411899, 0.368756, 0.317810, 0.264187, 0.190361, 0.118113, 0.052747, 0.084117, 0.087953, 0.169445, 0.245334, 0.332994, 0.411391, 0.484553, 0.560436, 0.624793, 0.691931, 0.740124, 0.783853, 0.804720, 0.818379, 0.820282, 0.811241, 0.857216, 0.763807, 0.722160, 0.676362, 0.602327, 0.522360, 0.439470, 0.393710, 0.265503, 0.226491, 0.103049, 0.018551, 0.005496, 0.118048, 0.185835, 0.185080, 0.294150, 0.347888, 0.358091, 0.472283, 0.472587, 0.526337, 0.550395, 0.570874, 0.590393, 0.665093, 0.578145, 0.547410, 0.491235, 0.421652, 0.324115, 0.205825, 0.089435, 0.053663, 0.189901, 0.343261, 0.484796, 0.632914, 0.775320, 0.910429, 1.022570, 1.121580, 1.209516, 1.280259, 1.336506, 1.373929, 1.393739, 1.405419, 1.382880, 1.337838, 1.267241, 1.138901, 1.058631, 0.986244, 0.873875, 0.744114, 0.601914, 0.488801, 0.387721, 0.271703, 0.160612, 0.062160, 0.025113, 0.122203, 0.196251, 0.286341, 0.373358, 0.450210, 0.501674, 0.562580, 0.621291, 0.702319, 0.733613, 0.779996, 0.833581, 0.878905, 0.916720, 0.965435, 0.965919, 0.985337, 0.971300, 0.967486, 0.959729, 0.934239, 0.907024, 0.868528, 0.832312, 0.815466, 0.805710, 0.807219, 0.725234, 0.817271, 0.813015, 0.809229, 0.804665, 0.771714, 0.744481, 0.671249, 0.568011, 0.465830, 0.331938, 0.176935, 0.009261, 0.208066, 0.433370, 0.679951, 1.116417, 1.224328, 1.529773, 1.843601, 2.160711, 2.470060, 2.782075, 3.048591, 3.284402, 3.496592, 3.682387, 3.819046, 3.938365, 4.022064, 4.074500, 4.097716, 4.205665, 4.107499, 4.081428, 4.124351, 4.018214, 3.977115, 3.922715, 3.860158, 3.788862, 3.714485, 3.621823, 3.519111, 3.408546, 3.291470, 3.168481, 3.114153, 2.990098, 2.821401, 2.702102, 2.632763, 2.510431, 2.337041, 2.271170, 2.155904, 2.039837, 1.916299, 1.782241, 1.644396, 1.500200, 1.341714, 1.188702, 1.046421, 0.898307, 0.759991, 0.623384, 0.483510, 0.340561, 0.209651, 0.074731, 0.058984, 0.196918, 0.328456, 0.460950, 0.620387, 0.773207, 0.931665, 1.121005, 1.299976, 1.489053, 1.682085, 1.786108, 1.916632, 2.069868, 2.234636, 2.400356, 2.560478, 2.689386, 2.805557, 2.913548, 2.998179, 3.069871, 3.150898, 3.165542, 3.203508, 3.223401, 3.240433, 3.261805, 3.284636, 3.303784, 3.316773, 3.318496, 3.307457, 3.305239, 3.247349, 3.173070, 3.082941, 2.995965, 2.889465, 2.765732, 2.648436, 2.513974, 2.366746, 2.226485, 2.067973, 1.925873, 1.760092, 1.593278, 1.408930, 1.222519, 1.048945, 0.869234, 0.695131, 0.550953, 0.415046, 0.290883, 0.109230, 0.055857, 0.034246, 0.114734, 0.182932, 0.220966, 0.257737, 0.285261, 0.301197, 0.307081, 0.378158, 0.298146, 0.350732, 0.273394, 0.279834, 0.279981, 0.280477, 0.276190, 0.272968, 0.265748, 0.258522, 0.244126, 0.248291, 0.249967, 0.249999, 0.307460, 0.239539, 0.295270, 0.234951, 0.242890, 0.259375, 0.355306, 0.311591, 0.348054, 0.452372, 0.411260, 0.447413, 0.566703, 0.539027, 0.655340, 0.687064, 0.643701, 0.730354, 0.762456, 0.727899, 0.793308, 0.803034, 0.732896, 0.772885, 0.782510, 0.764757, 0.736182, 0.773565, 0.714940, 0.644966, 0.559148, 0.458755, 0.360861, 0.278635, 0.153940, 0.071963, 0.037623, 0.145005, 0.245025, 0.355972, 0.482828, 0.541620, 0.631211, 0.681605, 0.748029, 0.816730, 0.914736, 0.935183, 1.001053, 1.071068, 1.137768, 1.203154, 1.272446, 1.326531, 1.369817, 1.416469, 1.460200, 1.491534, 1.519582, 1.538634, 1.546411, 1.538379, 1.524195, 1.511979, 1.467261, 1.426658, 1.375120, 1.315219, 1.249742, 1.180376, 1.102516, 1.007948, 0.910429, 0.802368, 0.677581, 0.443521, 0.452674, 0.328246, 0.194652, 0.059885, 0.054207, 0.169865, 0.270887, 0.354104, 0.450840, 0.522384, 0.600294, 0.682265, 0.749927, 0.804444, 0.961085, 0.913935, 0.973006, 1.030742, 1.082982, 1.122114, 1.165180, 1.208669, 1.262485, 1.329377, 1.392985, 1.452135, 1.489584, 1.522319, 1.528001, 1.580188, 1.453592, 1.415181, 1.408041, 1.405008, 1.417219, 1.432723, 1.442640, 1.451076, 1.529799, 1.460045, 1.457561, 1.437435, 1.396507, 1.335176, 1.298187, 1.119492, 0.990075, 0.835633, 0.664455, 0.492769, 0.267960, 0.085267, 0.143990, 0.364742, 0.588386, 0.816957, 1.047641, 1.312582, 1.590755, 1.843927, 2.116139, 2.369990, 2.612082, 2.874717, 3.107902, 3.272889, 3.477184, 3.561231, 3.651914, 3.801073, 3.789735, 3.835284, 3.929387, 3.802144, 3.759446, 3.729340, 3.657417, 3.586629, 3.512322, 3.516503, 3.382016, 3.315056, 3.252033, 3.205426, 3.172164, 3.164263, 3.157722, 3.181492, 3.195369, 3.223886, 3.268499, 3.306484, 3.343136, 3.379947, 3.390641, 3.401448, 3.410422, 3.407197, 3.407645, 3.388668, 3.359951, 3.313866, 3.246555, 3.140587, 3.018458, 2.884255, 2.722275, 2.550749, 2.356332, 2.151888, 1.940461, 1.701732, 1.456023, 1.212153, 0.965474, 0.711873, 0.448971, 0.184258, 0.070071, 0.331785, 0.569749, 0.791313, 0.988710, 1.158677, 1.307899, 1.421272, 1.497964, 1.567486, 1.622404, 1.626360, 1.619102, 1.579696, 1.518411, 1.431624, 1.368590, 1.207046, 1.099251, 0.976971, 0.888365, 0.800893, 0.739031, 0.674820, 0.631148, 0.606140, 0.578246, 0.544733, 0.496219, 0.426211, 0.349881, 0.292111, 0.144606, 0.036040, 0.075733, 0.165021, 0.231414, 0.288494, 0.314485, 0.331106, 0.329943, 0.320090, 0.310925, 0.280944, 0.260844, 0.237312, 0.125665, 0.188843, 0.100320, 0.173455, 0.159126, 0.047244, 0.115371, 0.091414, 0.023255, 0.033966, 0.110476, 0.126699, 0.090441, 0.199014, 0.197234, 0.120159, 0.174151, 0.149347, 0.121567, 0.100138, 0.094834, 0.097506, 0.097466, 0.101891, 0.109915, 0.117337, 0.156396, 0.164963, 0.178505, 0.188623, 0.196572, 0.214887, 0.238232, 0.267022, 0.297648, 0.314638, 0.322220, 0.325607, 0.329715, 0.332813, 0.347133, 0.347205, 0.346128, 0.352428, 0.336305, 0.326513, 0.315211, 0.284398, 0.253804, 0.197272, 0.132391, 0.067178, 0.003148, 0.048568, 0.074505, 0.100435, 0.110999, 0.106066, 0.096335, 0.079833, 0.036638, 0.000480, 0.030017, 0.069182, 0.111049, 0.155878, 0.222677, 0.288195, 0.361039, 0.448350, 0.546918, 0.661854, 0.768811, 0.868338, 0.986183, 1.108116, 1.224622, 1.429581, 1.436620, 1.544626, 1.632921, 1.711912, 1.796563, 1.868913, 1.935885, 1.995030, 2.063087, 2.120201, 2.178360, 2.230820, 2.282154, 2.323418, 2.401249, 2.348394, 2.341964, 2.323894, 2.292491, 2.238446, 2.172528, 2.102129, 1.968450, 1.884792, 1.763575, 1.605545, 1.462669, 1.342794, 1.205664, 1.056920, 0.904993, 0.739285, 0.603237, 0.453664, 0.300713, 0.145855, 0.018582, 0.165473, 0.311153, 0.460327, 0.600706, 0.741287, 0.858180, 0.951431, 0.985070, 1.015524, 1.025297, 1.040614, 0.972986, 0.924898, 0.864399, 0.810253, 0.740479, 0.664691, 0.589980, 0.505741, 0.427319, 0.341776, 0.269956, 0.201260, 0.128941, 0.053577, 0.020277, 0.097759, 0.177960, 0.251486, 0.306187, 0.371888, 0.413185, 0.453430, 0.498039, 0.513245, 0.507105, 0.498056, 0.489548, 0.462994, 0.399478, 0.330464, 0.281273, 0.221820, 0.181140, 0.109476, 0.062898, 0.029002, 0.044783, 0.005209, 0.068447, 0.135827, 0.204281, 0.283705, 0.364500, 0.465020, 0.560840, 0.653168, 0.744361, 0.862002, 0.945326, 1.036929, 1.115732, 1.194217, 1.262183, 1.316235, 1.376458, 1.420002, 1.427722, 1.487253, 1.498491, 1.500877, 1.475069, 1.440159, 1.364920, 1.276228, 1.167960, 1.050913, 0.909532, 0.756200, 0.576673, 0.374751, 0.153583, 0.101517, 0.465246, 0.669919, 0.989838, 1.345669, 1.717643, 2.096715, 2.476905, 2.832645, 3.163505, 3.475244, 3.756062, 4.000678, 4.220879, 4.415349, 4.578210, 4.697216, 4.816314, 4.960937, 5.084980, 5.158335, 5.164710, 5.192158, 5.073396, 4.970701, 4.835023, 4.694769, 4.556799, 4.425375, 4.295756, 4.160110, 4.015356, 3.863163, 3.694570, 3.532126, 3.362380, 3.175996, 3.006272, 2.845738, 2.685041, 2.525810, 2.365998, 2.209000, 2.049357, 1.891863, 1.745459, 1.599397, 1.426937, 1.272968, 1.096519, 0.927254, 0.752419, 0.581743, 0.413909, 0.282524, 0.124365, 0.000283, 0.125534, 0.227874, 0.315910, 0.387296, 0.464038, 0.527968, 0.584062, 0.623337, 0.665373, 0.702731, 0.752932, 0.759666, 0.775000, 0.781553, 0.762962, 0.732795, 0.689165, 0.638913, 0.567871, 0.434658, 0.301586, 0.168140, 0.008005, 0.175119, 0.354579, 0.504527, 0.662859, 0.790091, 0.897809, 0.986638, 1.053713, 1.117013, 1.187380, 1.229162, 1.265599, 1.254360, 1.340418, 1.373908, 1.415977, 1.459073, 1.483115, 1.521872, 1.564818, 1.601148, 1.639388, 1.679331, 1.702119, 1.717908, 1.715196, 1.708413, 1.574949, 1.618428, 1.571000, 1.496895, 1.427314, 1.336454, 1.244734, 1.125579, 1.001373, 0.870158, 0.732535, 0.590448, 0.448623, 0.290643, 0.124829, 0.181989, 0.214498, 0.519765, 0.553772, 0.845735, 1.051164, 1.094792, 1.287201, 1.488688, 1.681063, 2.009713, 2.036243, 2.208364, 2.505456, 2.493652, 2.604514, 2.809745, 2.750381, 2.766292, 2.858112, 2.744116, 2.745453, 2.740431, 2.604603, 2.634666, 2.579773, 2.439699, 2.448447, 2.378732, 2.235057, 2.233544, 2.143628, 2.028474, 1.924502, 1.813702, 1.697988, 1.563125, 1.442413, 1.309966, 1.174669, 1.027017, 0.895985, 0.756986, 0.617991, 0.473846, 0.337352, 0.193687, 0.056749, 0.072282, 0.188264, 0.295348, 0.420933, 0.512449, 0.615198, 0.704173, 0.796733, 0.886635, 0.958905, 1.041276, 1.132172, 1.193077, 1.263803, 1.331657, 1.408951, 1.469543, 1.535251, 1.611393, 1.671233, 1.746775, 1.809125, 1.860969, 1.904439, 1.963930, 2.019614, 2.073276, 2.100918, 2.142873, 2.185807, 2.211111, 2.251441, 2.249726, 2.263020, 2.244173, 2.212191, 2.155323, 2.075620, 1.967135, 1.839930, 1.535165, 1.522975, 1.217960, 0.733554, 0.654325, 0.374830, 0.091229, 0.204518, 0.514009, 0.807619, 1.046202, 1.321645, 1.550756, 1.766603, 1.957565, 2.114350, 2.229612, 2.321988, 2.488286, 2.377087, 2.368257, 2.310640, 2.216061, 2.111587, 1.969740, 1.792872, 1.592282, 1.370811, 1.111569, 0.779216, 0.528328, 0.263918, 0.044209, 0.194830, 0.460182, 0.640791, 0.890205, 1.070147, 1.242328, 1.459593, 1.597089, 1.670882, 1.763475, 1.834756, 1.910823, 1.961231, 2.011165, 2.047121, 2.078246, 2.094195, 2.106063, 2.120197, 2.146882, 2.155627, 2.168434, 2.185712, 2.187700, 2.204255, 2.244382, 2.267814, 2.321466, 2.368735, 2.428211, 2.471529, 2.493144, 2.538857, 2.582496, 2.615476, 2.647413, 2.675575, 2.703808, 2.730526, 2.773846, 2.818050, 2.854036, 2.881897, 2.903420, 2.904278, 2.896724, 2.867878, 2.830151, 2.766512, 2.665065, 2.574645, 2.462748, 2.336744, 2.220998, 2.145818, 2.028445, 1.939626, 1.851253, 1.737828, 1.612735, 1.457784, 1.284450, 1.088390, 0.884532, 0.653509, 0.426194, 0.190263, 0.004237, 0.205334, 0.350245, 0.463144, 0.538470, 0.592197, 0.646001, 0.702811, 0.870494, 0.898162, 0.924463, 1.018766, 1.147364, 1.269388, 1.393068, 1.489242, 1.568154, 1.616554, 1.622695, 1.584502, 1.514635, 1.422010, 1.306506, 1.192001, 1.005711, 0.867737, 0.736503, 0.623000, 0.533604, 0.457459, 0.393461, 0.352314, 0.313836, 0.277998, 0.258106, 0.236678, 0.234709, 0.301931, 0.297256, 0.220928, 0.315614, 0.268048, 0.412161, 0.462870, 0.425636, 0.588949, 0.656028, 0.610552, 0.754569, 0.819271, 0.784070, 0.959034, 1.039940, 1.122272, 1.208149, 1.292339, 1.398389, 1.492549, 1.579244, 1.671793, 1.755109, 1.843393, 1.895390, 1.935307, 1.952824, 1.954341, 1.930360, 1.897540, 1.847808, 1.764345, 1.701959, 1.617425, 1.514669, 1.408971, 1.254686, 1.118921, 0.990592, 0.852162, 0.713975, 0.588761, 0.467502, 0.323972, 0.205932, 0.104536, 0.025512, 0.110227, 0.207266, 0.333909, 0.423326, 0.541702, 0.624284, 0.703721, 0.770786, 0.821704, 0.865861, 0.875093, 0.892433, 0.888435, 0.874238, 0.849942, 0.799085, 0.735214, 0.640870, 0.537940, 0.404165, 0.252785, 0.090464, 0.090511, 0.292453, 0.516659, 0.775498, 1.056187, 1.344546, 1.643500, 1.937369, 2.253357, 2.543158, 2.815763, 3.078860, 3.322016, 3.570657, 3.821260, 4.075883, 4.336075, 4.606893, 4.890297, 5.166957, 5.427212, 5.791787, 5.887581, 6.096964, 6.270904, 6.423363, 6.567198, 6.775325, 6.822725, 6.940680, 7.062812, 7.190839, 7.334619, 7.514940, 7.717174, 7.954289, 8.345536, 8.630360, 8.913360, 9.081751, 9.386611, 9.688202, 10.027916, 10.354621, 10.725255, 11.310743, 11.581188, 12.045802, 12.742861, 13.074627, 13.608684, 14.333675, 14.853225, 15.367293, 15.849465, 16.277508, 16.705333, 17.148020, 17.591214, 18.030240, 18.461093, 18.892256, 19.321479, 19.761210, 20.180298, 20.592164, 20.977819, 21.354035, 21.717304, 22.082952, 22.438291, 22.771655, 23.090122, 23.382063, 23.625664, 23.807622, 23.960065, 24.109695, 24.263905, 24.413075, 24.567210, 24.726273, 24.888046, 25.042359, 25.191831, 25.334831, 25.479504, 25.622010, 25.765807, 25.911443, 26.095321, 26.254734, 26.459693, 26.639299, 26.803213, 27.018617, 27.228948, 27.490984, 27.766199, 28.072873, 28.379685, 28.708379, 29.056024, 29.421514, 29.795536, 30.181122, 30.592435, 30.987912, 31.384841, 31.796339, 32.240918, 32.684604, 33.150277, 33.616459, 34.087534, 34.562533, 35.005824, 35.427108, 35.803396, 36.147189, 36.437792, 36.714625, 
,,,0.013625, 0.031112, 0.047260, 0.062706, 0.078844, 0.091364, 0.103292, 0.114318, 0.125941, 0.137508, 0.153382, 0.170135, 0.186684, 0.203261, 0.219958, 0.236677, 0.253300, 0.271586, 0.286357, 0.303035, 0.319663, 0.336336, 0.353071, 0.369736, 0.386508, 0.403117, 0.420361, 0.436426, 0.453189, 0.469862, 0.487995, 0.503162, 0.521118, 0.536445, 0.553104, 0.570006, 0.586643, 0.603182, 0.619893, 0.636624, 0.653273, 0.670405, 0.688239, 0.703320, 0.720002, 0.736542, 0.753325, 0.772052, 0.786548, 0.803240, 0.823884, 0.838532, 0.853274, 0.870044, 0.886739, 0.903544, 0.920668, 0.936889, 0.953663, 0.970533, 0.987122, 1.003826, 1.021972, 1.037217, 1.053859, 1.070559, 1.087244, 1.103946, 1.120686, 1.137469, 1.154006, 1.170695, 1.187372, 1.203996, 1.220844, 1.237629, 1.254255, 1.272968, 1.287903, 1.304481, 1.321152, 1.337807, 1.354444, 1.371250, 1.387981, 1.405051, 1.421755, 1.439580, 1.455143, 1.471644, 1.489822, 1.504980, 1.523247, 1.538545, 1.554965, 1.571679, 1.588370, 1.605153, 1.621958, 1.639021, 1.659025, 1.672071, 1.688441, 1.705404, 1.721954, 1.738571, 1.755253, 1.774079, 1.788533, 1.805320, 1.821978, 1.838725, 1.855373, 1.872084, 1.890653, 1.905356, 1.922104, 1.938738, 1.956948, 1.972012, 1.988772, 2.005388, 2.027026, 2.038968, 2.055413, 2.072061, 2.088803, 2.105787, 2.122330, 2.139261, 2.156315, 2.172289, 2.188987, 2.205606, 2.222275, 2.238975, 2.255531, 2.272228, 2.289994, 2.305563, 2.322387, 2.340507, 2.355750, 2.372451, 2.389612, 2.407279, 2.422673, 2.439150, 2.455977, 2.472456, 2.489111, 2.505824, 2.522336, 2.541023, 2.555544, 2.572168, 2.588767, 2.605490, 2.622113, 2.639103, 2.655698, 2.672060, 2.688870, 2.705540, 2.722083, 2.738763, 2.755438, 2.772434, 2.788861, 2.807029, 2.822425, 2.839226, 2.856143, 2.872583, 2.889401, 2.905702, 2.922441, 2.939045, 2.955820, 2.972362, 2.989047, 3.005663, 3.022334, 3.039026, 3.057034, 3.072259, 3.088664, 3.105582, 3.122177, 3.138735, 3.155676, 3.172218, 3.188686, 3.205451, 3.222071, 3.238732, 3.255403, 3.272152, 3.288774, 3.306889, 3.322200, 3.343423, 3.355643, 3.372696, 3.389610, 3.405892, 3.422477, 3.439161, 3.456009, 3.472658, 3.489309, 3.506004, 3.522870, 3.539274, 3.557011, 3.572229, 3.588723, 3.605425, 3.622170, 3.639642, 3.655672, 3.672315, 3.688940, 3.705682, 3.722324, 3.739021, 3.755691, 3.772338, 3.789060, 3.806918, 3.822354, 3.839123, 3.856029, 3.872659, 3.889677, 3.905819, 3.922597, 3.939326, 3.955948, 3.972603, 3.989301, 4.005857, 4.022584, 4.039239, 4.058278, 4.072619, 4.089190, 4.108050, 4.122588, 4.139708, 4.156010, 4.172569, 4.189240, 4.205931, 4.222589, 4.239284, 4.255904, 4.272609, 4.290948, 4.307925, 4.322848, 4.339618, 4.356306, 4.373105, 4.389823, 4.406215, 4.423051, 4.439813, 4.456566, 4.473354, 4.490060, 4.506720, 4.523274, 4.539995, 4.558093, 4.573321, 4.590057, 4.606726, 4.623889, 4.640147, 4.660214, 4.673404, 4.690024, 4.706507, 4.723282, 4.739901, 4.756791, 4.773450, 4.790293, 4.809076, 4.823480, 4.840182, 4.856918, 4.873958, 4.890209, 4.906829, 4.923585, 4.940255, 4.957045, 4.973546, 4.990357, 5.006934, 5.023618, 5.040552, 5.058977, 5.073629, 5.090354, 5.107112, 5.124226, 5.140290, 5.157050, 5.173626, 5.190333, 5.206942, 5.223625, 5.240577, 5.257078, 5.273818, 5.290343, 5.308914, 5.323765, 5.340473, 5.357289, 5.373890, 5.390528, 5.407122, 5.425476, 5.440519, 5.457215, 5.473861, 5.490492, 5.507239, 5.523863, 5.540533, 5.558937, 5.575525, 5.590708, 5.607769, 5.624101, 5.640610, 5.657321, 5.673946, 5.690732, 5.707550, 5.724365, 5.741000, 5.757683, 5.774411, 5.791081, 5.810277, 5.824811, 5.841254, 5.860721, 5.874564, 5.891282, 5.908096, 5.925029, 5.941658, 5.958187, 5.974971, 5.991545, 6.008276, 6.025126, 6.041573, 6.059951, 6.074992, 6.091610, 6.108973, 6.124952, 6.141555, 6.158565, 6.175060, 6.191567, 6.208354, 6.225018, 6.241468, 6.258258, 6.276349, 6.291553, 6.308109, 6.326141, 6.341579, 6.358566, 6.374695, 6.391422, 6.407967, 6.426273, 6.441373, 6.458012, 6.474673, 6.491355, 6.508053, 6.524662, 6.541176, 6.557854, 6.574335, 6.595867, 6.607548, 6.624128, 6.640811, 6.657494, 6.674132, 6.690832, 6.707490, 6.724360, 6.740980, 6.757506, 6.774238, 6.790902, 6.807661, 6.824352, 6.841081, 6.859016, 6.874528, 6.891427, 6.907916, 6.924436, 6.941251, 6.957975, 6.974444, 6.991206, 7.007892, 7.024737, 7.041341, 7.058027, 7.074631, 7.091343, 7.109935, 7.124517, 7.141185, 7.157794, 7.174647, 7.191308, 7.207881, 7.224530, 7.241174, 7.258096, 7.274650, 7.291250, 7.308038, 7.324829, 7.341896, 7.359965, 7.374761, 7.391488, 7.408303, 7.424994, 7.441692, 7.458350, 7.474998, 7.491707, 7.508331, 7.525003, 7.541734, 7.558242, 7.575227, 7.591737, 7.609821, 7.625008, 7.641695, 7.658317, 7.675066, 7.691689, 7.708363, 7.725156, 7.741709, 7.758410, 7.775149, 7.791711, 7.808419, 7.825225, 7.841805, 7.859829, 7.875165, 7.891842, 7.908588, 7.925245, 7.941818, 7.958622, 7.975291, 7.991952, 8.008634, 8.025342, 8.042006, 8.060337, 8.075964, 8.092063, 8.110805, 8.125398, 8.142079, 8.158876, 8.175720, 8.192232, 8.208791, 8.225491, 8.242166, 8.260487, 8.275538, 8.292479, 8.308981, 8.326156, 8.342250, 8.360720, 8.375621, 8.392287, 8.412772, 8.425858, 8.442383, 8.459140, 8.475730, 8.492403, 8.509065, 8.525791, 8.542436, 8.559191, 8.575830, 8.592527, 8.610991, 8.625997, 8.642563, 8.659415, 8.676056, 8.692647, 8.709335, 8.726003, 8.742669, 8.759333, 8.775989, 8.792660, 8.809215, 8.826190, 8.842440, 8.860647, 8.875789, 8.892406, 8.908997, 8.925946, 8.942527, 8.959169, 8.976005, 8.992667, 9.009288, 9.025907, 9.042578, 9.059367, 9.075953, 9.092625, 9.110809, 9.125975, 9.142645, 9.159284, 9.175961, 9.192784, 9.209371, 9.225977, 9.242635, 9.259339, 9.276007, 9.292963, 9.309567, 9.326631, 9.342733, 9.361000, 9.376252, 9.392855, 9.409515, 9.426194, 9.442844, 9.459545, 9.476218, 9.492920, 9.509564, 9.526349, 9.542986, 9.559618, 9.576244, 9.592871, 9.611761, 9.626436, 9.643101, 9.659708, 9.676367, 9.693183, 9.709853, 9.726859, 9.743537, 9.760116, 9.776773, 9.793491, 9.810147, 9.826829, 9.843484, 9.861821, 9.876794, 9.893745, 9.910278, 9.928448, 9.943611, 9.960332, 9.976972, 9.993549, 10.010271, 10.027207, 10.043814, 10.060349, 10.077006, 10.093687, 10.111767, 10.126915, 10.145213, 10.160352, 10.176990, 10.194098, 10.210572, 10.227114, 10.244016, 10.260779, 10.277372, 10.294188, 10.310988, 10.327185, 10.343937, 10.361865, 10.377318, 10.393929, 10.410564, 10.427256, 10.444060, 10.460676, 10.477254, 10.493965, 10.510597, 10.527380, 10.547432, 10.560860, 10.577385, 10.594018, 10.613217, 10.627766, 10.644168, 10.660785, 10.677505, 10.694180, 10.710868, 10.727495, 10.744172, 10.760890, 10.777477, 10.794632, 10.811033, 10.827426, 10.844091, 10.862706, 10.877449, 10.894155, 10.910751, 10.927397, 10.944098, 10.960875, 10.977688, 10.994256, 11.010916, 11.027661, 11.044676, 11.060876, 11.077669, 11.094297, 11.112706, 11.127596, 11.144319, 11.161101, 11.177687, 11.194302, 11.210997, 11.227708, 11.244331, 11.261086, 11.277740, 11.294957, 11.311072, 11.327752, 11.344435, 11.362620, 11.377818, 11.394427, 11.411138, 11.427822, 11.444466, 11.461167, 11.477907, 11.494726, 11.511350, 11.527971, 11.545104, 11.561309, 11.578005, 11.594579, 11.613207, 11.628212, 11.644764, 11.661447, 11.678166, 11.694789, 11.711643, 11.728163, 11.744858, 11.761586, 11.778197, 11.795332, 11.811520, 11.828189, 11.844847, 11.862659, 11.879779, 11.895141, 11.911927, 11.928430, 11.945020, 11.961987, 11.978526, 11.995112, 12.011890, 12.028504, 12.045155, 12.061794, 12.078491, 12.095169, 12.113694, 12.128362, 12.146707, 12.161850, 12.178434, 12.195082, 12.211829, 12.228634, 12.245256, 12.262093, 12.279303, 12.295372, 12.312029, 12.328712, 12.345355, 12.363612, 12.378799, 12.395385, 12.412122, 12.428712, 12.445407, 12.462227, 12.483194, 12.495613, 12.512271, 12.528856, 12.545522, 12.562188, 12.578861, 12.595569, 12.613594, 12.628957, 12.645568, 12.662203, 12.678905, 12.695654, 12.712341, 12.729298, 12.745968, 12.762594, 12.779599, 12.796100, 12.812757, 12.829345, 12.845971, 12.864710, 12.879361, 12.896030, 12.912716, 12.929373, 12.946018, 12.962709, 12.979443, 12.996519, 13.013021, 13.029453, 13.046126, 13.062799, 13.079725, 13.096382, 13.114709, 13.129560, 13.146446, 13.163043, 13.179672, 13.196283, 13.212932, 13.229634, 13.246349, 13.263501, 13.279664, 13.296294, 13.313021, 13.329885, 13.346413, 13.364681, 13.379679, 13.396371, 13.413124, 13.429742, 13.446701, 13.463338, 13.479920, 13.496556, 13.513683, 13.529901, 13.546635, 13.563271, 13.579919, 13.596625, 13.614670, 13.630059, 13.646775, 13.663449, 13.680175, 13.696826, 13.713683, 13.730270, 13.746798, 13.763626, 13.780442, 13.797085, 13.813663, 13.830105, 13.847058, 13.865022, 13.880384, 13.897098, 13.915329, 13.930421, 13.947149, 13.963816, 13.980478, 13.997188, 14.014148, 14.030303, 14.046951, 14.063533, 14.080168, 14.096840, 14.115559, 14.130198, 14.146894, 14.163639, 14.181825, 14.196973, 14.213624, 14.230306, 14.247151, 14.264076, 14.280278, 14.296918, 14.313545, 14.330229, 14.346868, 14.365560, 14.380168, 14.396842, 14.413535, 14.430263, 14.446889, 14.463704, 14.480382, 14.497022, 14.513754, 14.530456, 14.551016, 14.563796, 14.580700, 14.597293, 14.615805, 14.630732, 14.647343, 14.663976, 14.680679, 14.697333, 14.714058, 14.730766, 14.747983, 14.764111, 14.780781, 14.797362, 14.814007, 14.830715, 14.847364, 14.865527, 14.880729, 14.897384, 14.914115, 14.930838, 14.948103, 14.964520, 14.981017, 14.998354, 15.014518, 15.031086, 15.047936, 15.064446, 15.081101, 15.097826, 15.116636, 15.131146, 15.147912, 15.164454, 15.181170, 15.197998, 15.214878, 15.232092, 15.248155, 15.264816, 15.281686, 15.298290, 15.314871, 15.331580, 15.348241, 15.366676, 15.381530, 15.398277, 15.414920, 15.431557, 15.448549, 15.465031, 15.482127, 15.498471, 15.515177, 15.531722, 15.548263, 15.564919, 15.581576, 15.598277, 15.616643, 15.631591, 15.648309, 15.664980, 15.681665, 15.698392, 15.714967, 15.731752, 15.748326, 15.765013, 15.781696, 15.798347, 15.814992, 15.831732, 15.848360, 15.866773, 15.881896, 15.898461, 15.915085, 15.931843, 15.950690, 15.965222, 15.982359, 15.998886, 16.015217, 16.031847, 16.048531, 16.065243, 16.081842, 16.098712, 16.116630, 16.131973, 16.148630, 16.165358, 16.183654, 16.198720, 16.215446, 16.231930, 16.248778, 16.265368, 16.282204, 16.299103, 16.315586, 16.332165, 16.348827, 16.367598, 16.382164, 16.398865, 16.415511, 16.432301, 16.448995, 16.466075, 16.482487, 16.498998, 16.515786, 16.532393, 16.548951, 16.565609, 16.586253, 16.598957, 16.617547, 16.632330, 16.648989, 16.665733, 16.682511, 16.699061, 16.716249, 16.732356, 16.749035, 16.765732, 16.782373, 16.799090, 16.815721, 16.832426, 16.849124, 16.867460, 16.882489, 16.899154, 16.915799, 16.932524, 16.949371, 16.966408, 16.982615, 16.999205, 17.015881, 17.032590, 17.049244, 17.065931, 17.082611, 17.099280, 17.117709, 17.132836, 17.149360, 17.166203, 17.182919, 17.199433, 17.216453, 17.232973, 17.249511, 17.266236, 17.282871, 17.299587, 17.316248, 17.332909, 17.349614, 17.367503, 17.382939, 17.399673, 17.416321, 17.433203, 17.450272, 17.466397, 17.483057, 17.499732, 17.516444, 17.533138, 17.549794, 17.566453, 17.583130, 17.599805, 17.618748, 17.633481, 17.650002, 17.666637, 17.683321, 17.700494, 17.716859, 17.733396, 17.750056, 17.766751, 17.783335, 17.800278, 17.816919, 17.833408, 17.850096, 17.868610, 17.885049, 17.900233, 17.916872, 17.933469, 17.951017, 17.967402, 17.983519, 18.000253, 18.016752, 18.033406, 18.050062, 18.066708, 18.083320, 18.100052, 18.118449, 18.135009, 18.150158, 18.166781, 18.183623, 18.200140, 18.216987, 18.233476, 18.250136, 18.266776, 18.283415, 18.300117, 18.316561, 18.333304, 18.349946, 18.366593, 18.384460, 18.399818, 18.416558, 18.433400, 18.450636, 18.466701, 18.483220, 18.503829, 18.516556, 18.533238, 18.549954, 18.566573, 18.583236, 18.599899, 18.616550, 18.635435, 18.649933, 18.666649, 18.683435, 18.699955, 18.716639, 18.733313, 18.749998, 18.766648, 18.783338, 18.800030, 18.816706, 18.833386, 18.850074, 18.866710, 18.885400, 18.900092, 18.917064, 18.933636, 18.950929, 18.966878, 18.983553, 19.000238, 19.016916, 19.033563, 19.050274, 19.066920, 19.083620, 19.100332, 19.116983, 19.135422, 19.150407, 19.167127, 19.183964, 19.201022, 19.217180, 19.233905, 19.250619, 19.267291, 19.283944, 19.300657, 19.317280, 19.333967, 19.350680, 19.367325, 19.385420, 19.400987, 19.417629, 19.434143, 19.451205, 19.467450, 19.484214, 19.500873, 19.517500, 19.534170, 19.550884, 19.567758, 19.584365, 19.600966, 19.617704, 19.635537, 19.650988, 19.667709, 19.684510, 19.701044, 19.717730, 19.734451, 19.751170, 19.768065, 19.784818, 19.801631, 19.818332, 19.835182, 19.851722, 19.868386, 19.886413, 19.901773, 19.918929, 19.935562, 19.951787, 19.968466, 19.985072, 20.001856, 20.018524, 20.035123, 20.051826, 20.068837, 20.085393, 20.101984, 20.118652, 20.137374, 20.153094, 20.168845, 20.185421, 20.202059, 20.218714, 20.235311, 20.252064, 20.268735, 20.287070, 20.302152, 20.318762, 20.335431, 20.352104, 20.368872, 20.387363, 20.402319, 20.419466, 20.435962, 20.452243, 20.470560, 20.485631, 20.502251, 20.518899, 20.535630, 20.552213, 20.569114, 20.585720, 20.602254, 20.618942, 20.637422, 20.656618, 20.669441, 20.685660, 20.702324, 20.719018, 20.735848, 20.752371, 20.769078, 20.785786, 20.802342, 20.819052, 20.835741, 20.852647, 20.869241, 20.887412, 20.902435, 20.919187, 20.935710, 20.952444, 20.969215, 20.985956, 21.002752, 21.019427, 21.036156, 21.052771, 21.069550, 21.086221, 21.103054, 21.119951, 21.138636, 21.153160, 21.170264, 21.187320, 21.203207, 21.219847, 21.236546, 21.253049, 21.269691, 21.286365, 21.302998, 21.319655, 21.336304, 21.353138, 21.370017, 21.388488, 21.403209, 21.420317, 21.436510, 21.453232, 21.469886, 21.486479, 21.503159, 21.519898, 21.536599, 21.553180, 21.569844, 21.586713, 21.603310, 21.619959, 21.638433, 21.653329, 21.670331, 21.686623, 21.703255, 21.719945, 21.736606, 21.753348, 21.770062, 21.788182, 21.803333, 21.819905, 21.836571, 21.853283, 21.870042, 21.888311, 21.903439, 21.920199, 21.936670, 21.953422, 21.970315, 21.988806, 22.003704, 22.020136, 22.036897, 22.053551, 22.070185, 22.086896, 22.103854, 22.125247, 22.138511, 22.153932, 22.170373, 22.186979, 22.203653, 22.220386, 22.236961, 22.253634, 22.270353, 22.287062, 22.303746, 22.320342, 22.337028, 22.353649, 22.370643, 22.389499, 22.404206, 22.420714, 22.437238, 22.453988, 22.470594, 22.487277, 22.503987, 22.520721, 22.537741, 22.554300, 22.570943, 22.587590, 22.604205, 22.620980, 22.639419, 22.654186, 22.671035, 22.687666, 22.704398, 22.721098, 22.737760, 22.754372, 22.771050, 22.787683, 22.804357, 22.821056, 22.837812, 22.854485, 22.871111, 22.889316, 22.904298, 22.920933, 22.937555, 22.954342, 22.970973, 22.987608, 23.004311, 23.020976, 23.037643, 23.054322, 23.071002, 23.087643, 23.104879, 23.121112, 23.140539, 23.154848, 23.171187, 23.187849, 23.204567, 23.221194, 23.237839, 23.254586, 23.271269, 23.289437, 23.304620, 23.321268, 23.337899, 23.354616, 23.371276, 23.390455, 23.404777, 23.421342, 23.437955, 23.454722, 23.472876, 23.488033, 23.504709, 23.521418, 23.537995, 23.554726, 23.571391, 23.588122, 23.604837, 23.621460, 23.640448, 23.654902, 23.671524, 23.691851, 23.704862, 23.721767, 23.738343, 23.755164, 23.771757, 23.788409, 23.805159, 23.821993, 23.838739, 23.855455, 23.872558, 23.891344, 23.905546, 23.922106, 23.938715, 23.955429, 23.972030, 23.988726, 24.005365, 24.022022, 24.038734, 24.055435, 24.072099, 24.089148, 24.105714, 24.122691, 24.141282, 24.155540, 24.172252, 24.188879, 24.205552, 24.222523, 24.239038, 24.255583, 24.272334, 24.289932, 24.305880, 24.322440, 24.339021, 24.355698, 24.372481, 24.389013, 24.407294, 24.422229, 24.438903, 24.455694, 24.472294, 24.488988, 24.505604, 24.522290, 24.538997, 24.555893, 24.572526, 24.589206, 24.605823, 24.624567, 24.639146, 24.657278, 24.672431, 24.689133, 24.705793, 24.722459, 24.739246, 24.755729, 24.772226, 24.790495, 24.805640, 24.822246, 24.839008, 24.855725, 24.872376, 24.889014, 24.907072, 24.922472, 24.939117, 24.955809, 24.972435, 24.989086, 25.005802, 25.022651, 25.043273, 25.055795, 25.072491, 25.089249, 25.105939, 25.122561, 25.139252, 25.157272, 25.172535, 25.189232, 25.205834, 25.222534, 25.239197, 25.255843, 25.272802, 25.289281, 25.305866, 25.322612, 25.339321, 25.356665, 25.372853, 25.389731, 25.408323, 25.422940, 25.439593, 25.456341, 25.473019, 25.489843, 25.506474, 25.522830, 25.539465, 25.556193, 25.572921, 25.589489, 25.606666, 25.623053, 25.639494, 25.658189, 25.672876, 25.689631, 25.706276, 25.723096, 25.739797, 25.756383, 25.773097, 25.790108, 25.806444, 25.823070, 25.839787, 25.856418, 25.873107, 25.889746, 25.908192, 25.923082, 25.939773, 25.956518, 25.973165, 25.989798, 26.006461, 26.023106, 26.040002, 26.056628, 26.073338, 26.090297, 26.106812, 26.123352, 26.140039, 26.158293, 26.173418, 26.191855, 26.206911, 26.223402, 26.240083, 26.256716, 26.273407, 26.290049, 26.306799, 26.323481, 26.340268, 26.356751, 26.373488, 26.390100, 26.410266, 26.423445, 26.440068, 26.456771, 26.473545, 26.490094, 26.506854, 26.523535, 26.544331, 26.556917, 26.573604, 26.590702, 26.607351, 26.623550, 26.640291, 26.656931, 26.675171, 26.690224, 26.706982, 26.723605, 26.740324, 26.756995, 26.773798, 26.790456, 26.807330, 26.824118, 26.840667, 26.857436, 26.874107, 26.890858, 26.907350, 26.926159, 26.940745, 26.957557, 26.974361, 26.990919, 27.007587, 27.024269, 27.040881, 27.057688, 27.074453, 27.090989, 27.107815, 27.124325, 27.141034, 27.157967, 27.176288, 27.191047, 27.207769, 27.224479, 27.241155, 27.257760, 27.274432, 27.291445, 27.307868, 27.325036, 27.341414, 27.358021, 27.374557, 27.391299, 27.407926, 27.426175, 27.441233, 27.458364, 27.474825, 27.491422, 27.508026, 27.524763, 27.543100, 27.558146, 27.575298, 27.591884, 27.608104, 27.624745, 27.641489, 27.658506, 27.678468, 27.691488, 27.708190, 27.724911, 27.741578, 27.758381, 27.774964, 27.791685, 27.808451, 27.825065, 27.842113, 27.858323, 27.875013, 27.891736, 27.908359, 27.925039, 27.943122, 27.958478, 27.975146, 27.995719, 28.008444, 28.025163, 28.041847, 28.058608, 28.075707, 28.092099, 28.108690, 28.125397, 28.141941, 28.158711, 28.175358, 28.193151, 28.208672, 28.225421, 28.241981, 28.258719, 28.275456, 28.292373, 28.308897, 28.325418, 28.342161, 28.358792, 28.375372, 28.392042, 28.408815, 28.425413, 28.444098, 28.458786, 28.475513, 28.492206, 28.508915, 28.525577, 28.542209, 28.558893, 28.576088, 28.593746, 28.608925, 28.625601, 28.642315, 28.659182, 28.675768, 28.694140, 28.708846, 28.727192, 28.742111, 28.758751, 28.775416, 28.792231, 28.808654, 28.825844, 28.841851, 28.858569, 28.875211, 28.891818, 28.908461, 28.925200, 28.941789, 28.960098, 28.975221, 28.991877, 29.008589, 29.025333, 29.041885, 29.058557, 29.075770, 29.095818, 29.108786, 29.125423, 29.141963, 29.158978, 29.175568, 29.192316, 29.210323, 29.225631, 29.242322, 29.259153, 29.275940, 29.292624, 29.309169, 29.326018, 29.342553, 29.359292, 29.376043, 29.392724, 29.409317, 29.426019, 29.442688, 29.461288, 29.476302, 29.492895, 29.509478, 29.526248, 29.542972, 29.559972, 29.576441, 29.593059, 29.609653, 29.626312, 29.642968, 29.659684, 29.676324, 29.692984, 29.711077, 29.726281, 29.743018, 29.759717, 29.776402, 29.793435, 29.809722, 29.826479, 29.843004, 29.859685, 29.876359, 29.893103, 29.909677, 29.926378, 29.943043, 29.962065, 29.976424, 29.993112, 30.009874, 30.026511, 30.045340, 30.060392, 30.076496, 30.093497, 30.110425, 30.126698, 30.143394, 30.160046, 30.176822, 30.194961, 30.212105, 30.226849, 30.243479, 30.260384, 30.277117, 30.294099, 30.310257, 30.326939, 30.343527, 30.360269, 30.376964, 30.393648, 30.410288, 30.426967, 30.443674, 30.462097, 30.476890, 30.498016, 30.510199, 30.526787, 30.544020, 30.559918, 30.576654, 30.593255, 30.609989, 30.626677, 30.643299, 30.660049, 30.676698, 30.693378, 30.710066, 30.727990, 30.743461, 30.760279, 30.776835, 30.794157, 30.810218, 30.826961, 30.843596, 30.860331, 30.877054, 30.893785, 30.910509, 30.927432, 30.944242, 30.960804, 30.979077, 30.994084, 31.010729, 31.027351, 31.044514, 31.060765, 31.077406, 31.094081, 31.110733, 31.127400, 31.144007, 31.160766, 31.177359, 31.193987, 31.210690, 31.229015, 31.243995, 31.260730, 31.277392, 31.294538, 31.311014, 31.327474, 31.344050, 31.360712, 31.377430, 31.394063, 31.410771, 31.427442, 31.444159, 31.461150, 31.479279, 31.494457, 31.511114, 31.528286, 31.545079, 31.561231, 31.578070, 31.594659, 31.612964, 31.628008, 31.644671, 31.661265, 31.677923, 31.694808, 31.711634, 31.730406, 31.744886, 31.761476, 31.777944, 31.794711, 31.812986, 31.828356, 31.844757, 31.861667, 31.877975, 31.894593, 31.911461, 31.928075, 31.949046, 31.961425, 31.980096, 31.994802, 32.011504, 32.028571, 32.044654, 32.061328, 32.077949, 32.094698, 32.111376, 32.127996, 32.144727, 32.161506, 32.178028, 32.194817, 32.211399, 32.230014, 32.244848, 32.261561, 32.278197, 32.294876, 32.311468, 32.328196, 32.344816, 32.361517, 32.378073, 32.394719, 32.411309, 32.427949, 32.444525, 32.461305, 32.479775, 32.495007, 32.511617, 32.528238, 32.545192, 32.561734, 32.578335, 32.595107, 32.611767, 32.628427, 32.645268, 32.661943, 32.678728, 32.695456, 32.712089, 32.731053, 32.745628, 32.762853, 32.779036, 32.795566, 32.812237, 32.828756, 32.845473, 32.862162, 32.879019, 32.895730, 32.912174, 32.928846, 32.945406, 32.962102, 32.980885, 32.995481, 33.012217, 33.028785, 33.045390, 33.062098, 33.078783, 33.095461, 33.112137, 33.128906, 33.145559, 33.162276, 33.178993, 33.195645, 33.212433, 33.230890, 33.246037, 33.263147, 33.280402, 33.296128, 33.312728, 33.329418, 33.346319, 33.363404, 33.379842, 33.397872, 33.413018, 33.429799, 33.446349, 33.463063, 33.481057, 33.496907, 33.513610, 33.529793, 33.546407, 33.563088, 33.579660, 33.596379, 33.613128, 33.629720, 33.646383, 33.667046, 33.679790, 33.696439, 33.713218, 33.731937, 33.746962, 33.763549, 33.779911, 33.796587, 33.813213, 33.829969, 33.846591, 33.863262, 33.879868, 33.896599, 33.913320, 33.930245, 33.946849, 33.963526, 33.981960, 33.997463, 34.013881, 34.030186, 34.046861, 34.063589, 34.080220, 34.096680, 34.113379, 34.129914, 34.146524, 34.163267, 34.180027, 34.196758, 34.213515, 34.231912, 34.247454, 34.263520, 34.281780, 34.296860, 34.313573, 34.330255, 34.347155, 34.363734, 34.380402, 34.396945, 34.413583, 34.430134, 34.448499, 34.463760, 34.481940, 34.496680, 34.513410, 34.530022, 34.546717, 34.563526, 34.580007, 34.596698, 34.613423, 34.630056, 34.646793, 34.663443, 34.680066, 34.696796, 34.713498, 34.730173, 34.748830, 34.765554, 34.780264, 34.796850, 34.813554, 34.830224, 34.846889, 34.863850, 34.880441, 34.897261, 34.913995, 34.930569, 34.947571, 34.964057, 34.981416, 34.999123, 35.014157, 35.031074, 35.047683, 35.064227, 35.080920, 35.097487, 35.114338, 35.130902, 35.147557, 35.164238, 35.180850, 35.197603, 35.214239, 35.231350, 35.250103, 35.264385, 35.281008, 35.297696, 35.314328, 35.330974, 35.347634, 35.364374, 35.381027, 35.397682, 35.414496, 35.431173, 35.448308, 35.465293, 35.481399, 35.499887, 35.514668, 35.531431, 35.548148, 35.564701, 35.581428, 35.598094, 35.614754, 35.631431, 35.648099, 35.664948, 35.683354, 35.698260, 35.715516, 35.731564, 35.749925, 35.764915, 35.781625, 35.798262, 35.816567, 35.831708, 35.848286, 35.865088, 35.881814, 35.898510, 35.915014, 35.931803, 35.948757, 35.965667, 35.981746, 35.999895, 36.015037, 36.031740, 36.048431, 36.065115, 36.081876, 36.098366, 36.115201, 36.131989, 36.148578, 36.165325, 36.186665, 36.198663, 36.216132, 36.232748, 36.250885, 36.265578, 36.282439, 36.299057, 36.315844, 36.332458, 36.349185, 36.365619, 36.382465, 36.398982, 36.415711, 36.432165, 36.449676, 36.465620, 36.482527, 36.500795, 36.517495, 36.532559, 36.549178, 36.566109, 36.584128, 36.599222, 36.616032, 36.632588, 36.649285, 36.665929, 36.682764, 36.699546, 36.716057, 36.732817, 36.750753, 36.765956, 36.782816, 36.799655, 36.816155, 36.832843, 36.849491, 36.866406, 36.883026, 36.899717, 36.916274, 36.932957, 36.950443, 36.966360, 36.983088, 37.001852, 37.016326, 37.033249, 37.049735, 37.066389, 37.082979, 37.099650, 37.116542, 37.132963, 37.149775, 37.166426, 37.183315, 37.200439, 37.217064, 37.233180, 37.251849, 37.266586, 37.283502, 37.299999, 37.316913, 37.333504, 37.350105, 37.366735, 37.383377, 37.400161, 37.416900, 37.434077, 37.450444, 37.467187, 37.483499, 37.501841, 37.516894, 37.533492, 37.550299, 37.566888, 37.583562, 37.600181, 37.616853, 37.633529, 37.650339, 37.667014, 37.683662, 37.700796, 37.717236, 37.733642, 37.751743, 37.767019, 37.783766, 37.800392, 37.817122, 37.833788, 37.850423, 37.867174, 37.883935, 37.900902, 37.917674, 37.934749, 37.950869, 37.967357, 37.984064, 38.002038, 38.017246, 38.033875, 38.050584, 38.067181, 38.083919, 38.100653, 38.117312, 38.134000, 38.151081, 38.167386, 38.184319, 38.201206, 38.217381, 38.234021, 38.252814, 38.267301, 38.284107, 38.300756, 38.317307, 38.334281, 38.350847, 38.367303, 38.384051, 38.400724, 38.417478, 38.434110, 38.451105, 38.467219, 38.484269, 38.500612, 38.518849, 38.533848, 38.552491, 38.567201, 38.583725, 38.600460, 38.617064, 38.633733, 38.650405, 38.667211, 38.683803, 38.701008, 38.717236, 38.733892, 38.750509, 38.768756, 38.783861, 38.800486, 38.817167, 38.833892, 38.850532, 38.867199, 38.883892, 38.900769, 38.917434, 38.933925, 38.951178, 38.967438, 38.984022, 39.001179, 39.021272, 39.037197, 39.050882, 39.067216, 39.083911, 39.100614, 39.118840, 39.133889, 39.150621, 39.167351, 39.184634, 39.200751, 39.217551, 39.234136, 39.250930, 39.267589, 39.287824, 39.301209, 39.317720, 39.334722, 39.351302, 39.367807, 39.384672, 39.401437, 39.417961, 39.434602, 39.451386, 39.468130, 39.484844, 39.501646, 39.518292, 39.534912, 39.552766, 39.568220, 39.584920, 39.601618, 39.618290, 39.634999, 39.651656, 39.669036, 39.685711, 39.701769, 39.718384, 39.735080, 39.751709, 39.768462, 39.785163, 39.803800, 39.818481, 39.835188, 39.851851, 39.868512, 39.885254, 39.901945, 39.918636, 39.935222, 39.951956, 39.968532, 39.985250, 40.001823, 40.018618, 40.035178, 40.053665, 40.068580, 40.085319, 40.101897, 40.118668, 40.135330, 40.152232, 40.169335, 40.185615, 40.202082, 40.218720, 40.235480, 40.252056, 40.268783, 40.285437, 40.303706, 40.318869, 40.335482, 40.352165, 40.369016, 40.385596, 40.405695, 40.421126, 40.435536, 40.452284, 40.468896, 40.485583, 40.502253, 40.518944, 40.535586, 40.553664, 40.568933, 40.585649, 40.602336, 40.618970, 40.635796, 40.652343, 40.669469, 40.685679, 40.702355, 40.719039, 40.737387, 40.752442, 40.769170, 40.785801, 40.803642, 40.819188, 40.837555, 40.852461, 40.869249, 40.886007, 40.902882, 40.920159, 40.936278, 40.953071, 40.969704, 40.986368, 41.003101, 41.019679, 41.036379, 41.054749, 41.069695, 41.086392, 41.103266, 41.120066, 41.136468, 41.153988, 41.169917, 41.186390, 41.203007, 41.219637, 41.236327, 41.252974, 41.269943, 41.286409, 41.302848, 41.320831, 41.336081, 41.352716, 41.369549, 41.386513, 41.403395, 41.419606, 41.436225, 41.452977, 41.469496, 41.486121, 41.502621, 41.519266, 41.535840, 41.552832, 41.569381, 41.587818, 41.602640, 41.619427, 41.636749, 41.652997, 41.669605, 41.686214, 41.702872, 41.719495, 41.736291, 41.752789, 41.769338, 41.785974, 41.802737, 41.823293, 41.837698, 41.852751, 41.869579, 41.886204, 41.902903, 41.919699, 41.936408, 41.953376, 41.969862, 41.986545, 42.003239, 42.019944, 42.036926, 42.053688, 42.070225, 42.088787, 42.103620, 42.120299, 42.137361, 42.153886, 42.170271, 42.186807, 42.203551, 42.220141, 42.236803, 42.253560, 42.270183, 42.286835, 42.303573, 42.320212, 42.338659, 42.353637, 42.370360, 42.388503, 42.410186, 42.421496, 42.437010, 42.453902, 42.470461, 42.486947, 42.503698, 42.520353, 42.537080, 42.553889, 42.570578, 42.588712, 42.605714, 42.620476, 42.637168, 42.653797, 42.670604, 42.687141, 42.703754, 42.720389, 42.737111, 42.753793, 42.770428, 42.788764, 42.803781, 42.820523, 42.838748, 42.853999, 42.870569, 42.887194, 42.903864, 42.920453, 42.937114, 42.953869, 42.970470, 42.987206, 43.003820, 43.020496, 43.037214, 43.053870, 43.070597, 43.088598, 43.104267, 43.121234, 43.137830, 43.154109, 43.174746, 43.187509, 43.204141, 43.220853, 43.237464, 43.254185, 43.270870, 43.287504, 43.304205, 43.320928, 43.339640, 43.354281, 43.371513, 43.387985, 43.404272, 43.420956, 43.437578, 43.454318, 43.471048, 43.487702, 43.504356, 43.521064, 43.537856, 43.554541, 43.571090, 43.589667, 43.604391, 43.621607, 43.638017, 43.654304, 43.671011, 43.687750, 43.704312, 43.721031, 43.737718, 43.754369, 43.771032, 43.787650, 43.804239, 43.820905, 43.839479, 43.854220, 43.871326, 43.887950, 43.904262, 43.920963, 43.937569, 43.954316, 43.972589, 43.987656, 44.004295, 44.020925, 44.037948, 44.054389, 44.070978, 44.089549, 44.104662, 44.121370, 44.137821, 44.155912, 44.171183, 44.187758, 44.204537, 44.221209, 44.237810, 44.257184, 44.276067, 44.289659, 44.304560, 44.321162, 44.339886, 44.358345, 44.371604, 44.388195, 44.404770, 44.421447, 44.438173, 44.454827, 44.471533, 44.488163, 44.504866, 44.521492, 44.538144, 44.554910, 44.571385, 44.589558, 44.604930, 44.621492, 44.638156, 44.654796, 44.671560, 44.688375, 44.705010, 44.721639, 44.738220, 44.754931, 44.771888, 44.788377, 44.805037, 44.821751, 44.840691, 44.855523, 44.872207, 44.888500, 44.905075, 44.921748, 44.938459, 44.955098, 44.971773, 44.988811, 45.005325, 45.021843, 45.038765, 45.055348, 45.071862, 45.090629, 45.105205, 45.122169, 45.138310, 45.155015, 45.171717, 45.188356, 45.205090, 45.221733, 45.238329, 45.255067, 45.271715, 45.288338, 45.305041, 45.321816, 45.340554, 45.355240, 45.372117, 45.388497, 45.405161, 45.422072, 45.438629, 45.455328, 45.471946, 45.490187, 45.505280, 45.521957, 45.538887, 45.555503, 45.572101, 45.590679, 45.605460, 45.622185, 45.638747, 45.655406, 45.671996, 45.688707, 45.706691, 45.721800, 45.738473, 45.755159, 45.772011, 45.788640, 45.805225, 45.821924, 45.840435, 45.855752, 45.872099, 45.888741, 45.905243, 45.922199, 45.938786, 45.955360, 45.971999, 45.988626, 46.005263, 46.021993, 46.038682, 46.055348, 46.072063, 46.090476, 46.105918, 46.121962, 46.138867, 46.155561, 46.175985, 46.188825, 46.205415, 46.222089, 46.238730, 46.255381, 46.272095, 46.288721, 46.305401, 46.322138, 46.340481, 46.356111, 46.372205, 46.388760, 46.405475, 46.422187, 46.438809, 46.455544, 46.472185, 46.488842, 46.505523, 46.522180, 46.538859, 46.555606, 46.572267, 46.590441, 46.605953, 46.622294, 46.638969, 46.655574, 46.672293, 46.689016, 46.705858, 46.722529, 46.739079, 46.755767, 46.772423, 46.789087, 46.805826, 46.822563, 46.840509, 46.855856, 46.872749, 46.889376, 46.905955, 46.922611, 46.939260, 46.956097, 46.972665, 46.989381, 47.006038, 47.022719, 47.039357, 47.056135, 47.072848, 47.091470, 47.106037, 47.122778, 47.139435, 47.156173, 47.172874, 47.189463, 47.206142, 47.222876, 47.239533, 47.256176, 47.272932, 47.289560, 47.306383, 47.323057, 47.341440, 47.356718, 47.373361, 47.389924, 47.406627, 47.423306, 47.439933, 47.456849, 47.473465, 47.490292, 47.506868, 47.523493, 47.540163, 47.556881, 47.573410, 47.592509, 47.606680, 47.623446, 47.640020, 47.656702, 47.673662, 47.690160, 47.706734, 47.723443, 47.740087, 47.756792, 47.775049, 47.790178, 47.806880, 47.823577, 47.840127, 47.858510, 47.873837, 47.890470, 47.907211, 47.923872, 47.940546, 47.957267, 47.973993, 47.990561, 48.009003, 48.024034, 48.040632, 48.057474, 48.074226, 48.090618, 48.109401, 48.123956, 48.140869, 48.157582, 48.174118, 48.190741, 48.207403, 48.224113, 48.241229, 48.257736, 48.274215, 48.290965, 48.307669, 48.324924, 48.340923, 48.362549, 48.374393, 48.391144, 48.408000, 48.424664, 48.441282, 48.457979, 48.474583, 48.491316, 48.507968, 48.524727, 48.541411, 48.558014, 48.575209, 48.591396, 48.607985, 48.626409, 48.641390, 48.658100, 48.674696, 48.691383, 48.708323, 48.724892, 48.741744, 48.758288, 48.774931, 48.791718, 48.808792, 48.825012, 48.841680, 48.858318, 48.876525, 48.891908, 48.908587, 48.925202, 48.941847, 48.958494, 48.975115, 48.992100, 49.008603, 49.025257, 49.041985, 49.058557, 49.075492, 49.092206, 49.108884, 49.127491, 49.142193, 49.158924, 49.175487, 49.192234, 49.208883, 49.225544, 49.243873, 49.258975, 49.275647, 49.292623, 49.309555, 49.325614, 49.342294, 49.358993, 49.377382, 49.392353, 49.410611, 49.425661, 49.442414, 49.459098, 49.475759, 49.492392, 49.509080, 49.525869, 49.542914, 49.559140, 49.575868, 49.592440, 49.609184, 49.627353, 49.642642, 49.659335, 49.679938, 49.692714, 49.709541, 49.726202, 49.742784, 49.759478, 49.776127, 49.793327, 49.809564, 49.826150, 49.842825, 49.859562, 49.877374, 49.892994, 49.909548, 49.926472, 49.943210, 49.960255, 49.976585, 49.993151, 50.009800, 50.026472, 50.043628, 50.059821, 50.076539, 50.093306, 50.109962, 50.128483, 50.143235, 50.159876, 50.176420, 50.193068, 50.209755, 50.226367, 50.242985, 50.259649, 50.276288, 50.293871, 50.310101, 50.326440, 50.343354, 50.360330, 50.378758, 50.393458, 50.410050, 50.426840, 50.443400, 50.459983, 50.478378, 50.493388, 50.510013, 50.526740, 50.543909, 50.560011, 50.576630, 50.593290, 50.609904, 50.629498, 50.643468, 50.660162, 50.676798, 50.693373, 50.710343, 50.726924, 50.743566, 50.760230, 50.777403, 50.794112, 50.810232, 50.826872, 50.843589, 50.860193, 50.876872, 50.898419, 50.910237, 50.926906, 50.943542, 50.960345, 50.976974, 50.993799, 51.010400, 51.027017, 51.044136, 51.060373, 51.077027, 51.093858, 51.110795, 51.127351, 51.144077, 51.162303, 51.177441, 51.194121, 51.210768, 51.227547, 51.244199, 51.260979, 51.277557, 51.294558, 51.310864, 51.327560, 51.344393, 51.361045, 51.377613, 51.394311, 51.412352, 51.427650, 51.444303, 51.460981, 51.477693, 51.494390, 51.511480, 51.527916, 51.544517, 51.561086, 51.577766, 51.594388, 51.611096, 51.627730, 51.645935, 51.662364, 51.677800, 51.694437, 51.711076, 51.727882, 51.744451, 51.761587, 51.779371, 51.794406, 51.811141, 51.827796, 51.844410, 51.861331, 51.877898, 51.894516, 51.913312, 51.927832, 51.944517, 51.961161, 51.977926, 51.994603, 52.011699, 52.027845, 52.044711, 52.061357, 52.077955, 52.094575, 52.115420, 52.128109, 52.144756, 52.163381, 52.178062, 52.194734, 52.211392, 52.228164, 52.244796, 52.262029, 52.278182, 52.294776, 52.311562, 52.328112, 52.344798, 52.361495, 52.378140, 52.395048, 52.413491, 52.428238, 52.444923, 52.461686, 52.478691, 52.495192, 52.512268, 52.528923, 52.545323, 52.561925, 52.578514, 52.595177, 52.611810, 52.628442, 52.645385, 52.663493, 52.678515, 52.695111, 52.711771, 52.728584, 52.745238, 52.762321, 52.778523, 52.795131, 52.812781, 52.828506, 52.845121, 52.862005, 52.878580, 52.895286, 52.913297, 52.928589, 52.945343, 52.962008, 52.980235, 52.995658, 53.011762, 53.028251, 53.044896, 53.061454, 53.078205, 53.094778, 53.111478, 53.128199, 53.144806, 53.161517, 53.180240, 53.194864, 53.211541, 53.228281, 53.244943, 53.264144, 53.278269, 53.294943, 53.311609, 53.328304, 53.345139, 53.361824, 53.378445, 53.395024, 53.411738, 53.430237, 53.445109, 53.461892, 53.478498, 53.495351, 53.512403, 53.528570, 53.545235, 53.561931, 53.578588, 53.595258, 53.611966, 53.628874, 53.645631, 53.662152, 53.680350, 53.695445, 53.712094, 53.728780, 53.745481, 53.762610, 53.778952, 53.795601, 53.812140, 53.828808, 53.845484, 53.862050, 53.878760, 53.895437, 53.912111, 53.930239, 53.945446, 53.962184, 53.978793, 53.995514, 54.012556, 54.028768, 54.045410, 54.062157, 54.078985, 54.095640, 54.112328, 54.129078, 54.146090, 54.162854, 54.181322, 54.196449, 54.213123, 54.230496, 54.246626, 54.263162, 54.279752, 54.296468, 54.313058, 54.329792, 54.346401, 54.363147, 54.381382, 54.396415, 54.413443, 54.431383, 54.446826, 54.463340, 54.480388, 54.496958, 54.513409, 54.529969, 54.548188, 54.563281, 54.579807, 54.596535, 54.613073, 54.629807, 54.646452, 54.663174, 54.681480, 54.696469, 54.713301, 54.729834, 54.746907, 54.763111, 54.779797, 54.796549, 54.813158, 54.829951, 54.846525, 54.866890, 54.879824, 54.896543, 54.913292, 54.931220, 54.946791, 54.963674, 54.980109, 54.997241, 55.013404, 55.030091, 55.046781, 55.063551, 55.080193, 55.096810, 55.113453, 55.130195, 55.146945, 55.163481, 55.182161, 55.196862, 55.213843, 55.230307, 55.247103, 55.263676, 55.280284, 55.297109, 55.313709, 55.330381, 55.346993, 55.363700, 55.380438, 55.397070, 55.413811, 55.432222, 55.447254, 55.463862, 55.480506, 55.497137, 55.513825, 55.530613, 55.547314, 55.563900, 55.580700, 55.597505, 55.613984, 55.630650, 55.647092, 55.664006, 55.682184, 55.696905, 55.713772, 55.730752, 55.747020, 55.763639, 55.780177, 55.796906, 55.813590, 55.831799, 55.846949, 55.863632, 55.880259, 55.897380, 55.913909, 55.932179, 55.947562, 55.963854, 55.981063, 55.997150, 56.013807, 56.030504, 56.048772, 56.063978, 56.080648, 56.097389, 56.114071, 56.130648, 56.147731, 56.164497, 56.183296, 56.201638, 56.214784, 56.231816, 56.247904, 56.264680, 56.281271, 56.298112, 56.314799, 56.331431, 56.348169, 56.364792, 56.381397, 56.398229, 56.414868, 56.433211, 56.448614, 56.465331, 56.481542, 56.498220, 56.514964, 56.531510, 56.548227, 56.564846, 56.581568, 56.598297, 56.614889, 56.631570, 56.648238, 56.665092, 56.683124, 56.698344, 56.715521, 56.731892, 56.748559, 56.765082, 56.781716, 56.798460, 56.815207, 56.831725, 56.848478, 56.865167, 56.881828, 56.898593, 56.915214, 56.933160, 56.949165, 56.965787, 56.981799, 56.998562, 57.015208, 57.031921, 57.048629, 57.065242, 57.081958, 57.098640, 57.115344, 57.132190, 57.148862, 57.165461, 57.184143, 57.200394, 57.215970, 57.232193, 57.248915, 57.265572, 57.282274, 57.298959, 57.315632, 57.332507, 57.350117, 57.365737, 57.382412, 57.399339, 57.415906, 57.434159, 57.449893, 57.466003, 57.482552, 57.499181, 57.515954, 57.532657, 57.549283, 57.566147, 57.582811, 57.599364, 57.616054, 57.637005, 57.649437, 57.666139, 57.684165, 57.700014, 57.716164, 57.732873, 57.749446, 57.766172, 57.782823, 57.799625, 57.816198, 57.832871, 57.849483, 57.866549, 57.883044, 57.899651, 57.916413, 57.934110, 57.950384, 57.966208, 57.982779, 57.999419, 58.016017, 58.032657, 58.049412, 58.066056, 58.082681, 58.099337, 58.116359, 58.132745, 58.149490, 58.166048, 58.184021, 58.200031, 58.216175, 58.232759, 58.249472, 58.266189, 58.284368, 58.299462, 58.316126, 58.332833, 58.349699, 58.366265, 58.382816, 58.399626, 58.416331, 58.435155, 58.450182, 58.467777, 58.482937, 58.499657, 58.516317, 58.533238, 58.549692, 58.566321, 58.583060, 58.599513, 58.616233, 58.632967, 58.649561, 58.666361, 58.683143, 58.702054, 58.716600, 58.737074, 58.749970, 58.766573, 58.783325, 58.800059, 58.816712, 58.833676, 58.850190, 58.866754, 58.883381, 58.900095, 58.917256, 58.934014, 58.952090, 58.966781, 58.983346, 59.000309, 59.016885, 59.033478, 59.050144, 59.066824, 59.083421, 59.100155, 59.116754, 59.133443, 59.150378, 59.166905, 59.183546, 59.200180, 59.218059, 59.233383, 59.249862, 59.266596, 59.283210, 59.299923, 59.316583, 59.333279, 59.350126, 59.366705, 59.383444, 59.400115, 59.416997, 59.433622, 59.450179, 59.468140, 59.483550, 59.500114, 59.517054, 59.533746, 59.550277, 59.566963, 59.583566, 59.602104, 59.617098, 59.633684, 59.650334, 59.667460, 59.683708, 59.700352, 59.719310, 59.733767, 59.750338, 59.767033, 59.785241, 59.800404, 59.817083, 59.833949, 59.850677, 
12, 20, 1, 1.437053, 1.413136, 1.366250, 1.327059, 1.239608, 1.149202, 1.061585, 0.972733, 0.848246, 0.704249, 0.552414, 0.348837, 0.052389, 0.279712, 0.624578, 1.021755, 1.422396, 1.919218, 2.380938, 2.834598, 3.358163, 3.874807, 4.370349, 4.909937, 5.387229, 5.862218, 6.333361, 6.751009, 7.105403, 7.416151, 7.668846, 7.880593, 8.043340, 8.186417, 8.327932, 8.439420, 8.535214, 8.612269, 8.664256, 8.686179, 8.683476, 8.662979, 8.625941, 8.570328, 8.505941, 8.418069, 8.322470, 8.221356, 8.080448, 7.929701, 7.756825, 7.574079, 7.377904, 7.182482, 6.966989, 6.744265, 6.499517, 6.260459, 6.012700, 5.762667, 5.517718, 5.275854, 5.041305, 4.808018, 4.586025, 4.351406, 4.126511, 3.901944, 3.717001, 3.540059, 3.394661, 3.248952, 3.125474, 3.005010, 2.910684, 2.840021, 2.754783, 2.692430, 2.500581, 2.560721, 2.492998, 2.171999, 2.114310, 2.050325, 1.989529, 1.914075, 1.836340, 1.764398, 1.535251, 1.593559, 1.364021, 1.448832, 1.389777, 1.336117, 1.146102, 1.283903, 1.273402, 1.224426, 1.268303, 1.257685, 1.235182, 1.193454, 1.133720, 1.048748, 0.925109, 0.769964, 0.461085, 0.319978, 0.023219, 0.452766, 0.748357, 1.206293, 1.836134, 2.279352, 3.046728, 3.809651, 4.380851, 5.371411, 6.251384, 7.175704, 8.135568, 9.046526, 9.936702, 10.784621, 11.562508, 12.269815, 12.883725, 13.469747, 13.906191, 14.184076, 14.318479, 14.334667, 14.254273, 14.101065, 13.875149, 13.605912, 13.214352, 12.791612, 12.328942, 11.836024, 11.332755, 10.819127, 10.333593, 9.867959, 9.447943, 9.084490, 8.758840, 8.482329, 8.266821, 8.087016, 7.983144, 7.889828, 7.845638, 7.840380, 7.859826, 7.875636, 7.746351, 7.939308, 7.967847, 8.007949, 8.056066, 8.098862, 8.121118, 8.130774, 8.106340, 8.088344, 8.007463, 7.927129, 7.810026, 7.692958, 7.554368, 7.422874, 7.287266, 7.218496, 6.994240, 6.853844, 6.714011, 6.588566, 6.463314, 6.317462, 6.199222, 6.064206, 5.950139, 5.837846, 5.730046, 5.625284, 5.524601, 5.424493, 5.307529, 5.162259, 4.996010, 4.806173, 4.587111, 4.372787, 4.141128, 3.913407, 3.642805, 3.376060, 3.088922, 2.758864, 2.427170, 2.073846, 1.430112, 1.372401, 1.016927, 0.677390, 0.339408, 0.001876, 0.342844, 0.688911, 1.034022, 1.365153, 1.678812, 1.960609, 2.223036, 2.476931, 2.707853, 3.117412, 3.059424, 3.168148, 3.222029, 3.230717, 3.201940, 3.118473, 3.039592, 2.770835, 2.536872, 2.328439, 1.988626, 1.672703, 1.301136, 0.893263, 0.488970, 0.089552, 0.306342, 0.695060, 1.082270, 1.463627, 1.845237, 2.215668, 2.584487, 2.949933, 3.309203, 3.600468, 3.732667, 3.886949, 3.969236, 3.990025, 3.944414, 3.770013, 3.523798, 3.215987, 2.830622, 2.364173, 1.817069, 1.205106, 0.527256, 0.222770, 0.989865, 1.775833, 2.611313, 3.455367, 4.304876, 5.178789, 6.053511, 6.918208, 7.794785, 8.676813, 9.515117, 10.299020, 11.045348, 11.720227, 12.343229, 12.979876, 13.306503, 13.667137, 14.011050, 14.267499, 14.463876, 14.570924, 14.588830, 14.541668, 14.412016, 14.237387, 13.985743, 13.692730, 13.341034, 12.946146, 12.517774, 12.045992, 11.545140, 10.997271, 10.407268, 9.798142, 9.148618, 8.457865, 7.763532, 7.047526, 6.316699, 5.589329, 4.867151, 4.161268, 3.479389, 2.825457, 2.209285, 1.616622, 1.053117, 0.525706, 0.202701, 0.407591, 0.825228, 1.228160, 1.575526, 1.875355, 2.130114, 2.338335, 2.487719, 2.577953, 2.629397, 2.627667, 2.563180, 2.449106, 2.281953, 2.052677, 1.812953, 1.560372, 1.310613, 1.037124, 0.724737, 0.424642, 0.116157, 0.185053, 0.478782, 0.736418, 0.971699, 1.205870, 1.449903, 1.683529, 1.912704, 1.891614, 2.084855, 2.255149, 2.431531, 2.562224, 2.745339, 2.909874, 3.084124, 3.248828, 3.425778, 3.594921, 3.681595, 3.890294, 4.010978, 4.058535, 4.152605, 4.241951, 4.321365, 4.400658, 4.478900, 4.503973, 4.552100, 4.605817, 4.666948, 4.735548, 4.803572, 4.863099, 4.926015, 4.994341, 5.082268, 5.179421, 5.266263, 5.345333, 5.420221, 5.479794, 5.523035, 5.524365, 5.493274, 5.382970, 5.239171, 5.059779, 4.907579, 4.565324, 4.246403, 3.884763, 3.489722, 3.087282, 2.702495, 2.322460, 1.954433, 1.616762, 1.316848, 1.065093, 0.867369, 0.712128, 0.619175, 0.598875, 0.625279, 0.696022, 0.796867, 0.920906, 1.058305, 1.195760, 1.308903, 1.415527, 1.514237, 1.597484, 1.670010, 1.734807, 1.794318, 1.821260, 1.816357, 1.790590, 1.764306, 1.600414, 1.686116, 1.648648, 1.614974, 1.549399, 1.481845, 1.412680, 1.323947, 1.215190, 1.098966, 0.976926, 0.862796, 0.753961, 0.672949, 0.611745, 0.454336, 0.564445, 0.483187, 0.591438, 0.605422, 0.616194, 0.634905, 0.613360, 0.619103, 0.600240, 0.575653, 0.436949, 0.475969, 0.244956, 0.287910, 0.034276, 0.045193, 0.013304, 0.213122, 0.276654, 0.198063, 0.240170, 0.393663, 0.416472, 0.442440, 0.466897, 0.485420, 0.481190, 0.461287, 0.374758, 0.431837, 0.422681, 0.414011, 0.415537, 0.409710, 0.406065, 0.402982, 0.363098, 0.315844, 0.255782, 0.191660, 0.075361, 0.042899, 0.173352, 0.324146, 0.476141, 0.652611, 0.834680, 1.001423, 1.164048, 1.313959, 1.435692, 1.529945, 1.601058, 1.657316, 1.704735, 1.731618, 1.749657, 1.777246, 1.808254, 1.840023, 1.862776, 1.875770, 1.859805, 1.834691, 1.765718, 1.696332, 1.646567, 1.556475, 1.468067, 1.380271, 1.276341, 1.168438, 1.046408, 0.908237, 0.745804, 0.454439, 0.381889, 0.163231, 0.050247, 0.273919, 0.473928, 0.665138, 0.805122, 0.923019, 1.035698, 1.114424, 1.211144, 1.270925, 1.312673, 1.356314, 1.450123, 1.426008, 1.367147, 1.360586, 1.343010, 1.340831, 1.319509, 1.291795, 1.259563, 1.188478, 1.335871, 1.277023, 1.207912, 1.123176, 1.029355, 0.923445, 0.891074, 0.754513, 0.672924, 0.619800, 0.567333, 0.527312, 0.487286, 0.444025, 0.384916, 0.317192, 0.255058, 0.187359, 0.121874, 0.076742, 0.095302, 0.081697, 0.020711, 0.009952, 0.000782, 0.033997, 0.006298, 0.051498, 0.157861, 0.223894, 0.440059, 0.652458, 0.836677, 1.210021, 1.555095, 1.926070, 2.329795, 2.759772, 3.136439, 3.766670, 4.290264, 4.826747, 5.353047, 5.868915, 6.371493, 6.856376, 7.321988, 7.786788, 8.224546, 8.651442, 9.055408, 9.441186, 9.843802, 10.185717, 10.543926, 10.905032, 11.242946, 11.586433, 11.926040, 12.259142, 12.590147, 12.906871, 13.224808, 13.543896, 13.855067, 14.174670, 14.479198, 14.787866, 15.111567, 15.443886, 15.785072, 16.138105, 16.490597, 16.854187, 17.218066, 17.578427, 17.941849, 18.288772, 18.755471, 19.037921, 19.421610, 19.849485, 20.322691, 20.825611, 21.360680, 21.922756, 22.528464, 23.153375, 23.812575, 24.504172, 25.224559, 25.980234, 26.777978, 27.611639, 28.453885, 29.349079, 30.259954, 31.193179, 32.174925, 33.180995, 34.219239, 35.260786, 36.315515, 37.385987, 38.475664, 39.560742, 40.644772, 41.741003, 42.829461, 43.902981, 44.970734, 45.989972, 47.009375, 47.993801, 48.927148, 49.827752, 50.684445, 51.471772, 52.234106, 52.938714, 53.601107, 54.211640, 54.796378, 55.356356, 55.869933, 56.364944, 56.820430, 57.253628, 57.645694, 58.078141, 58.491169, 58.991002, 59.432520, 59.899212, 60.374221, 60.857818, 61.325479, 61.757693, 62.148732, 62.530005, 62.908027, 63.195632, 63.375835, 63.498551, 63.418238, 63.412620, 63.452741, 63.303780, 63.079862, 62.777247, 62.397389, 61.639184, 61.420648, 60.816172, 59.801698, 59.460289, 58.691299, 57.419606, 56.960104, 55.560235, 55.057109, 54.059845, 52.580666, 52.069440, 51.095204, 49.710157, 49.256815, 48.400683, 47.129800, 46.432808, 45.598447, 44.927961, 44.302760, 43.722950, 43.178820, 42.668299, 42.181608, 41.687774, 41.206936, 40.736506, 40.265468, 39.833634, 39.450160, 39.138665, 38.856462, 38.644248, 38.527888, 38.490408, 38.535887, 38.657968, 38.850496, 39.123724, 39.475711, 39.907351, 40.387087, 40.865764, 41.345076, 41.837869, 42.332165, 42.808327, 43.309476, 43.786107, 44.262522, 44.738438, 45.215174, 45.646341, 46.023732, 46.385317, 46.734122, 47.063258, 47.367229, 47.661394, 47.945603, 48.268454, 48.575943, 48.946464, 49.367304, 49.835423, 50.342015, 50.939100, 51.609882, 52.352578, 53.179041, 54.089816, 55.081761, 56.152032, 57.277152, 58.440968, 59.661509, 60.883676, 62.138322, 63.409051, 64.686006, 65.967009, 67.526794, 68.510270, 69.776134, 71.011648, 72.203881, 73.324348, 74.393002, 75.398689, 76.384835, 77.364730, 78.354244, 79.315042, 80.292029, 81.297407, 82.577807, 83.619634, 84.504062, 85.640103, 86.818010, 88.022138, 89.264781, 90.548087, 91.875806, 93.240426, 94.646373, 96.068177, 97.503297, 98.940315, 100.372614, 101.827917, 103.700460, 104.755687, 106.193610, 107.599249, 108.994189, 110.723885, 111.754836, 113.094871, 114.704077, 115.958622, 116.867724, 118.289942, 119.132866, 120.165647, 121.318279, 121.998459, 122.931599, 123.601603, 124.180902, 124.699271, 125.146304, 125.504831, 125.818829, 126.148122, 126.245825, 126.340898, 126.369986, 126.343933, 126.244820, 126.080806, 125.838408, 125.518298, 125.125684, 124.648342, 124.083271, 123.424482, 122.671883, 121.845862, 120.936003, 119.969984, 118.936207, 117.857554, 116.709690, 115.532912, 114.305617, 113.057008, 111.790831, 110.526430, 109.291266, 108.096533, 106.985791, 105.963506, 105.114589, 104.423433, 103.866993, 103.448634, 103.174523, 103.009367, 102.981505, 103.100213, 103.343546, 103.712379, 104.211863, 104.802404, 105.483877, 106.197655, 106.962245, 107.757833, 108.570767, 109.403251, 110.254369, 111.091020, 111.931861, 112.772446, 113.583656, 114.351298, 115.246581, 115.755425, 116.346515, 116.854832, 117.282138, 117.641960, 117.893173, 118.083776, 118.156439, 118.108717, 117.972256, 117.744070, 117.416802, 117.021093, 116.576370, 115.850492, 115.539675, 114.972627, 114.386837, 113.790163, 112.979574, 112.452089, 112.128036, 111.400363, 111.133431, 110.653003, 110.012254, 109.789264, 109.221699, 108.853165, 108.512085, 108.210211, 107.891648, 107.738637, 107.292578, 107.013372, 106.745270, 106.469699, 106.197469, 105.939470, 105.696240, 105.501115, 105.278547, 105.096993, 104.955587, 104.828324, 104.729738, 104.659224, 104.627988, 104.639236, 104.658110, 104.692475, 104.765090, 104.810981, 104.890210, 104.994239, 105.096952, 105.209309, 105.300807, 105.365556, 105.441116, 105.517293, 105.598294, 105.685284, 105.772828, 105.859921, 105.929808, 105.985154, 106.036639, 106.093742, 106.147166, 106.218929, 106.301798, 106.403426, 106.534711, 106.663396, 106.832104, 107.002691, 107.151521, 107.321293, 107.497493, 107.663496, 107.841045, 108.018691, 108.190617, 108.362715, 108.542218, 108.737748, 108.965952, 109.249678, 109.561452, 109.915215, 110.335838, 110.807683, 111.321992, 111.890292, 112.493431, 113.107971, 113.730609, 114.348174, 114.960130, 115.545334, 116.109350, 116.636029, 117.122493, 117.565168, 118.000572, 118.262177, 118.525484, 118.750646, 118.938636, 119.109080, 119.167834, 119.198638, 119.179774, 119.117259, 119.001428, 118.853684, 118.678168, 118.461076, 118.219794, 117.824650, 117.705904, 117.259694, 117.107053, 116.780568, 116.451179, 116.125053, 115.802458, 115.467039, 115.118610, 114.781832, 114.337327, 114.159114, 113.862593, 113.557210, 113.108547, 113.008125, 112.650419, 112.599112, 112.437957, 112.168818, 112.146889, 112.018225, 111.768689, 111.739849, 111.563170, 111.242107, 111.160370, 110.814329, 110.596046, 110.375135, 110.143908, 109.924345, 109.709569, 109.483599, 109.265222, 109.052204, 108.854723, 108.662611, 108.499887, 108.369921, 108.284384, 108.205961, 108.161882, 108.140945, 108.145541, 108.184298, 108.256452, 108.365829, 108.499655, 108.703776, 108.923609, 109.142701, 109.363981, 109.586512, 109.808350, 110.045213, 110.326877, 110.643195, 110.969706, 111.330433, 111.717914, 112.108994, 112.532785, 112.997862, 113.472713, 113.983309, 114.519786, 115.066984, 115.612565, 116.176983, 116.744193, 117.341831, 117.929711, 118.515961, 119.083170, 119.653465, 120.258481, 120.800575, 121.371486, 121.933415, 122.494453, 123.052603, 123.584143, 124.100051, 124.608637, 125.091153, 125.552057, 126.013758, 126.421415, 126.833797, 127.225052, 127.617486, 127.992152, 128.350535, 128.702383, 129.052468, 129.400267, 129.753153, 130.124512, 130.517113, 131.064904, 131.468490, 131.823238, 132.303081, 132.908221, 133.330816, 133.873921, 134.435992, 135.040683, 135.693750, 136.366535, 137.068847, 137.809187, 138.560212, 139.332927, 140.142071, 140.961088, 141.792196, 142.628592, 143.655008, 144.276285, 145.081664, 145.864156, 146.621881, 147.350499, 148.047897, 148.703061, 149.307044, 149.852407, 150.324418, 150.717625, 151.049047, 151.289338, 151.532043, 151.743865, 151.956697, 152.171395, 152.384294, 152.597734, 152.811010, 153.071130, 153.350431, 153.669208, 154.062517, 154.383366, 154.863620, 155.301680, 155.670503, 156.202962, 156.696535, 157.195270, 157.729583, 158.265640, 158.830048, 159.407449, 159.976961, 160.555753, 161.164976, 161.767541, 162.376950, 163.002888, 163.637253, 164.279337, 164.930507, 165.603884, 166.303871, 167.033971, 167.769742, 168.522498, 169.305356, 170.111211, 170.939520, 171.805793, 172.651226, 173.514220, 174.384724, 175.274819, 176.155628, 177.038598, 177.919972, 178.786374, 179.618105, 179.541216, 178.685285, 177.843243, 176.992398, 176.144610, 175.309485, 174.480197, 173.642151, 172.790366, 171.978132, 171.165960, 170.365978, 169.572377, 168.789260, 167.997358, 167.233924, 166.489750, 165.752037, 165.039620, 164.342256, 163.661110, 163.075852, 162.455251, 161.846012, 161.235095, 160.617377, 159.999101, 159.385139, 158.602809, 158.176380, 157.603817, 157.053408, 156.515858, 155.995157, 155.482651, 154.991715, 154.515916, 154.042978, 153.579919, 153.128129, 152.674831, 152.231940, 151.822275, 151.417680, 150.947031, 150.650206, 150.279076, 149.901928, 149.509880, 149.114190, 148.716278, 148.313072, 147.907886, 147.463467, 146.989638, 146.513681, 146.043969, 145.558069, 145.072419, 144.475473, 144.106669, 143.623151, 143.138169, 142.625099, 142.116752, 141.594598, 141.055009, 140.466972, 139.867541, 139.227557, 138.537029, 137.821772, 137.069661, 136.056979, 135.227437, 134.602863, 133.705029, 132.750495, 131.736852, 130.352772, 129.553597, 128.070562, 126.890382, 126.039779, 124.509859, 123.327275, 122.492898, 120.996781, 119.891658, 118.847941, 117.871690, 116.981658, 116.158277, 115.413477, 114.718270, 114.090575, 113.506870, 112.935385, 112.400356, 111.867865, 111.328746, 110.761958, 110.164512, 109.543792, 108.878924, 108.190133, 107.463805, 106.673672, 105.868790, 105.044448, 104.220478, 103.412151, 102.600870, 101.821493, 101.068982, 100.336689, 99.620139, 98.922755, 98.258513, 97.444514, 96.992013, 96.431228, 95.902599, 95.420196, 94.964835, 94.536095, 94.112417, 93.697366, 93.261777, 92.830416, 92.407368, 91.946806, 91.534331, 91.088559, 90.652584, 90.204678, 89.742274, 89.160737, 88.835549, 88.381686, 87.921200, 87.450872, 86.987698, 86.511794, 86.049052, 85.612050, 85.187081, 84.777605, 84.381981, 83.998896, 83.540205, 83.232578, 82.902993, 82.594474, 82.333593, 82.105890, 81.896642, 81.756920, 81.675990, 81.609597, 81.564746, 81.594989, 81.519623, 81.542947, 81.590057, 81.781329, 81.784195, 81.947222, 82.151399, 82.420000, 82.762545, 83.169066, 83.903628, 84.200212, 84.810184, 85.769370, 86.496300, 86.930678, 88.020632, 88.459163, 89.634559, 90.503337, 91.020314, 92.308352, 93.222229, 93.758331, 95.039427, 95.919987, 96.778564, 97.604436, 98.376191, 99.094403, 99.728179, 100.278710, 100.773842, 101.246146, 101.696241, 102.114191, 102.493302, 102.837671, 103.162271, 103.496666, 103.781957, 104.048753, 104.291697, 104.489257, 104.666758, 104.801169, 104.884046, 104.928704, 104.963142, 104.971101, 104.947424, 104.944377, 104.916205, 104.882464, 104.851199, 104.812878, 104.765753, 104.662445, 104.640620, 104.535032, 104.438740, 104.325518, 104.203756, 104.091672, 103.964830, 103.825175, 103.688058, 103.533115, 103.359053, 103.199466, 103.051154, 102.889473, 102.726375, 102.511949, 102.349442, 102.178904, 102.009118, 101.804458, 101.598229, 101.402903, 101.191005, 100.976572, 100.737732, 100.477355, 100.222491, 99.993584, 99.755746, 99.500741, 99.240035, 98.980852, 98.721056, 98.459886, 98.200577, 97.939192, 97.678811, 97.418631, 97.157686, 96.895812, 96.635259, 96.374232, 96.114766, 95.854771, 95.634967, 95.291758, 95.035655, 94.837373, 94.732963, 94.711729, 94.926948, 94.926964, 95.166971, 95.487824, 95.894463, 96.381938, 96.945465, 97.560839, 98.230514, 99.190170, 99.578041, 100.242743, 100.888031, 101.514640, 102.092976, 102.859920, 103.235099, 103.809508, 104.402241, 105.017955, 105.829313, 106.340440, 107.073781, 108.091335, 108.989992, 109.712430, 110.946733, 112.044588, 113.142493, 114.349447, 115.596879, 116.902848, 118.243347, 119.306285, 121.008018, 122.404921, 123.498786, 125.222000, 126.625394, 128.027921, 129.440372, 130.765945, 132.105788, 133.441948, 134.774662, 136.109954, 137.432606, 138.739837, 140.038982, 141.431515, 142.652188, 143.966205, 145.289671, 146.621857, 147.939475, 149.262112, 150.589850, 151.921452, 153.230824, 154.540831, 155.863625, 157.162524, 158.465885, 159.772647, 161.056360, 162.327868, 163.558946, 164.785218, 165.975338, 167.159752, 168.303011, 169.444253, 170.544599, 171.628781, 172.688675, 173.727909, 174.742761, 175.743297, 176.704271, 177.618913, 178.493126, 179.320917, 179.908619, 179.178959, 178.518197, 177.930245, 177.388943, 176.917638, 176.526015, 176.149949, 175.863636, 175.632446, 175.470561, 175.363665, 175.322566, 175.343873, 175.433151, 175.573790, 175.756496, 176.003113, 176.288011, 176.611463, 176.972783, 177.379862, 177.822231, 178.295332, 179.087728, 179.313213, 179.843712, 179.609560, 179.055162, 178.509347, 177.975188, 177.457768, 176.987450, 176.572351, 176.200417, 175.869784, 175.587091, 175.335193, 175.107102, 174.710421, 174.657497, 174.435792, 174.230604, 174.041555, 173.860828, 173.544559, 173.412350, 173.380372, 173.111219, 173.137739, 173.034572, 172.825563, 172.872704, 172.807251, 172.643613, 172.705366, 172.554900, 172.260903, 172.128580, 171.941596, 171.748842, 171.646615, 171.303039, 171.088612, 170.915110, 170.821562, 170.839530, 170.985723, 171.290606, 171.768518, 172.384872, 173.149899, 174.071427, 175.148378, 176.365897, 177.716759, 179.165759, 179.309778, 177.757284, 176.219390, 174.709198, 173.263439, 171.891115, 170.607784, 169.410682, 168.266465, 167.232649, 166.248036, 165.343144, 164.529497, 163.806166, 163.149559, 162.569250, 162.072036, 161.649603, 161.318460, 161.084466, 160.929847, 160.846730, 160.826147, 160.901396, 160.988206, 161.117992, 161.336328, 161.594605, 161.871035, 162.194898, 162.512442, 162.826646, 163.140292, 163.449945, 163.728375, 163.977531, 164.220195, 164.432773, 164.624637, 164.785825, 164.866156, 164.945708, 165.025010, 165.103167, 165.180874, 165.258191, 165.334518, 165.409923, 165.485518, 165.560521, 165.634824, 165.712969, 165.827842, 165.926904, 166.046792, 166.154775, 166.226874, 166.319234, 166.390504, 166.420281, 166.402329, 166.354000, 166.291366, 166.202705, 166.076389, 165.945774, 165.784970, 165.515493, 165.411284, 165.085667, 164.939677, 164.690585, 164.417205, 164.128502, 163.820545, 163.493858, 163.143628, 162.781414, 162.390871, 161.988422, 161.554287, 160.927737, 160.433617, 160.108029, 159.379722, 159.026986, 158.217182, 157.610528, 157.215001, 156.324883, 155.666511, 155.217226, 154.253590, 153.782938, 153.032909, 151.986029, 151.478665, 150.377896, 149.533280, 148.672339, 147.803236, 146.912903, 146.003170, 145.102412, 144.197874, 143.311954, 142.427596, 141.582224, 140.750543, 139.949788, 139.179936, 138.424538, 137.692549, 136.988571, 136.305576, 135.657496, 135.044974, 134.485161, 133.944667, 133.436146, 132.959696, 132.491546, 132.042943, 131.633413, 131.245101, 130.873356, 130.498325, 130.132345, 129.767116, 129.388390, 128.995580, 128.590195, 128.186987, 127.789657, 127.414682, 127.073357, 126.784218, 126.563521, 126.441019, 126.397200, 126.471967, 126.573712, 126.801874, 127.121170, 127.539561, 128.034396, 128.612708, 129.260742, 129.963098, 130.720560, 131.549837, 132.398735, 133.291416, 134.231909, 135.209917, 136.225703, 137.285043, 138.360258, 139.847047, 140.638475, 141.813014, 143.015950, 144.248869, 145.493497, 146.770188, 148.057008, 149.337812, 150.617592, 151.898018, 153.159625, 154.410639, 155.651282, 156.882718, 158.457325, 159.282722, 160.455049, 161.605160, 162.711007, 163.785722, 164.795880, 165.779964, 166.715784, 167.606337, 168.463064, 169.293687, 170.080061, 170.847951, 171.567387, 172.441598, 172.899040, 173.540584, 174.323995, 174.729085, 175.281204, 175.937260, 176.275646, 176.875838, 177.203642, 177.631289, 178.031303, 178.410636, 178.752915, 179.121701, 179.389051, 179.593206, 179.844405, 179.995410, 179.835725, 179.692183, 179.582039, 179.479372, 179.383351, 179.331350, 179.318042, 179.344684, 179.392407, 179.438752, 179.546847, 179.659457, 179.800694, 179.957743, 179.862047, 179.649594, 179.425110, 179.178351, 178.921360, 178.649605, 178.349624, 178.012577, 177.641055, 177.230743, 176.776354, 176.285267, 175.763640, 175.198322, 174.609159, 173.981200, 173.295609, 172.548082, 171.745952, 170.865079, 169.915561, 168.913748, 167.881837, 166.844926, 165.764758, 164.668870, 163.574417, 162.487317, 161.424957, 160.405644, 159.443815, 158.520015, 157.669676, 156.863353, 156.119706, 155.431287, 154.828454, 154.275657, 153.775786, 153.360600, 152.995890, 152.709798, 152.475373, 152.302073, 152.133314, 152.142733, 152.176796, 152.285901, 152.412761, 152.558459, 152.760996, 152.993728, 153.269119, 153.577315, 153.919576, 154.278745, 154.675999, 155.098000, 155.562724, 156.074272, 156.624792, 157.209585, 157.820189, 158.461487, 159.157939, 159.880731, 160.638032, 161.416895, 162.223810, 163.047388, 163.894521, 164.768613, 165.656395, 166.573021, 167.499185, 168.698599, 169.376281, 170.612219, 171.297124, 172.275551, 173.256790, 174.231768, 175.200726, 176.157124, 177.121951, 178.355357, 179.049754, 179.754158, 178.829486, 177.960351, 177.095528, 176.267095, 175.455618, 174.668394, 173.895194, 173.155367, 172.423134, 171.733172, 171.054379, 170.413130, 169.784633, 169.187263, 168.614831, 168.092020, 167.601295, 167.136570, 166.696179, 166.293439, 165.922650, 165.548202, 165.201674, 164.862149, 164.532722, 164.217229, 163.888176, 163.568059, 163.212775, 162.835308, 162.501663, 162.155611, 161.781943, 161.385537, 160.964433, 160.541538, 160.119724, 159.675118, 159.238554, 158.807207, 158.353344, 157.902797, 157.443060, 156.984707, 156.517714, 156.068320, 155.627905, 155.109513, 154.743034, 154.308193, 153.884941, 153.452236, 153.022564, 152.585820, 152.172702, 151.764584, 151.339903, 150.935406, 150.524097, 150.144833, 149.769177, 149.368463, 148.932125, 148.606336, 148.132603, 147.858488, 147.482072, 147.106468, 146.719636, 146.341346, 145.954698, 145.565521, 145.155101, 144.748249, 144.325497, 143.910283, 143.480292, 142.939311, 142.542165, 142.050148, 141.534235, 140.995996, 140.455013, 139.899661, 139.315992, 138.719503, 138.109333, 137.469098, 136.812905, 136.146073, 135.474178, 134.797893, 133.999687, 133.297805, 132.798546, 132.138380, 131.372762, 130.853504, 130.225011, 129.505948, 129.034794, 128.345412, 127.920989, 127.284295, 126.843512, 126.305623, 125.739725, 125.036879, 124.355090, 123.863963, 123.005508, 122.407666, 121.627194, 120.611006, 119.959094, 118.858460, 117.938881, 117.216511, 116.005496, 114.988430, 114.209301, 112.895618, 112.084531, 110.728730, 109.639376, 108.823271, 107.444157, 106.346063, 105.256166, 104.177899, 103.100366, 102.024079, 100.950352, 99.878182, 98.786272, 97.714574, 96.621473, 95.537492, 94.431989, 93.344183, 92.276126, 91.212227, 90.170848, 89.163632, 88.203451, 87.278305, 86.385377, 85.556886, 84.776421, 84.059662, 83.403878, 82.788773, 82.202757, 81.648913, 81.098074, 80.573778, 80.069638, 79.593913, 79.147023, 78.724288, 78.309709, 77.901047, 77.482689, 77.038456, 76.584727, 76.117500, 75.642198, 75.177846, 74.709339, 74.232826, 73.740846, 73.225985, 72.673919, 72.115395, 71.534766, 70.938905, 70.332194, 69.713890, 69.061713, 68.408885, 67.718667, 66.982355, 66.208536, 65.413530, 64.609968, 63.781400, 62.951364, 62.104342, 61.245709, 60.382540, 59.497275, 58.606982, 57.728602, 56.880911, 56.062206, 55.282751, 54.575483, 53.943165, 53.338612, 52.958893, 52.656875, 52.374110, 52.310464, 52.335760, 52.450254, 52.649261, 52.908525, 53.187106, 53.447158, 53.650481, 53.808794, 53.894124, 53.885270, 53.886658, 53.721502, 53.608178, 53.555297, 53.464316, 53.490048, 53.588739, 53.754172, 53.984956, 54.293903, 54.660986, 55.088198, 55.535384, 56.010074, 56.510853, 57.265757, 57.508747, 57.983068, 58.431140, 58.841504, 59.192876, 59.655730, 59.717740, 60.028689, 60.171942, 60.254634, 60.472096, 60.671466, 60.750831, 61.214308, 61.534381, 61.903015, 62.311972, 62.729624, 63.175131, 63.648842, 64.134396, 64.628640, 65.158741, 65.701160, 66.214088, 66.737784, 67.255751, 67.762719, 68.251834, 68.720586, 69.152048, 69.580717, 69.995290, 70.384901, 70.751871, 71.097777, 71.421049, 71.730467, 72.024806, 72.298617, 72.565913, 72.808515, 73.038129, 73.254850, 73.466810, 73.672066, 73.889061, 74.102411, 74.312749, 74.520365, 74.735552, 74.959787, 75.203765, 75.460571, 75.729508, 76.023918, 76.341414, 76.692435, 77.071084, 77.472322, 77.889512, 78.349180, 78.843671, 79.372504, 79.916204, 80.501971, 81.123089, 81.772124, 82.429401, 83.121285, 83.810212, 84.508249, 85.199911, 85.905523, 86.913095, 87.318894, 88.008720, 88.698403, 89.364318, 90.005687, 90.621138, 91.214993, 91.780663, 92.333808, 92.865680, 93.390328, 93.879092, 94.341201, 94.769945, 95.358710, 95.557459, 95.908234, 96.248198, 96.571490, 96.868009, 97.164460, 97.469232, 97.786550, 98.118182, 98.450535, 98.948926, 99.266602, 99.597249, 99.966578, 100.543037, 100.789968, 101.248347, 101.746743, 102.281961, 102.818792, 103.390789, 103.966242, 104.788549, 105.167570, 105.783805, 106.422282, 107.075583, 107.968464, 108.395049, 109.072598, 110.016778, 110.461770, 111.180996, 112.153027, 112.624162, 113.651367, 114.398776, 115.157359, 115.935245, 116.694409, 117.426961, 118.175782, 118.911179, 119.644164, 120.353492, 121.074168, 121.809605, 122.531591, 123.251163, 123.958228, 124.650219, 125.337432, 126.006249, 126.676594, 127.334484, 127.976405, 128.628246, 129.280051, 129.937599, 130.587755, 131.217067, 131.840033, 132.475247, 133.088939, 133.707630, 134.336624, 134.982914, 135.625798, 136.257310, 136.889071, 137.513259, 138.149408, 138.791140, 139.443583, 140.086105, 140.711236, 141.335869, 141.975498, 142.626061, 143.287592, 143.967347, 144.661345, 145.382356, 146.100834, 146.839436, 147.587671, 148.364213, 149.134542, 149.941471, 150.772408, 152.013374, 152.528164, 153.406197, 154.278352, 155.121199, 155.950925, 156.752433, 157.541830, 158.297598, 159.007631, 159.965013, 160.330115, 160.943778, 161.530742, 162.088328, 162.842859, 163.065812, 163.672853, 163.854692, 164.345099, 164.620938, 164.851184, 164.922474, 165.296769, 165.509099, 165.726920, 165.947704, 166.171904, 166.410359, 166.664546, 166.917858, 167.188556, 167.457431, 167.554019, 168.028997, 168.322981, 168.604975, 168.875268, 169.133254, 169.379877, 169.598896, 169.804912, 169.981056, 170.142562, 170.294873, 170.402697, 170.476762, 170.482652, 170.427877, 170.315546, 170.133696, 169.873538, 169.604208, 169.337914, 169.068666, 168.749453, 168.385160, 168.024758, 167.646352, 167.271405, 166.914357, 166.568989, 166.253711, 165.938919, 165.624151, 165.357892, 165.092536, 164.826867, 164.561861, 164.295436, 164.029342, 163.775170, 163.557482, 163.380188, 163.140909, 162.925068, 162.674266, 162.399156, 162.052122, 161.845463, 161.565601, 161.298036, 160.953774, 160.543434, 160.094700, 159.577419, 159.004515, 158.369534, 157.671608, 156.932368, 156.166766, 155.374858, 154.586430, 153.824515, 153.078337, 152.377216, 151.730811, 151.137516, 150.609533, 150.259634, 149.915429, 149.660374, 149.448115, 149.339741, 149.309505, 149.345283, 149.460205, 149.711770, 149.784452, 150.023380, 150.305299, 150.617664, 150.944940, 151.276658, 151.618409, 151.938256, 152.240393, 152.540618, 152.839516, 153.137069, 153.426686, 153.726983, 154.105844, 154.305881, 154.600649, 154.924152, 155.252501, 155.595522, 155.946675, 156.302662, 156.678414, 157.044731, 157.424098, 157.795527, 158.173316, 158.600281, 158.917526, 159.291359, 159.711683, 160.012567, 160.356373, 160.727348, 161.010314, 161.373831, 161.647180, 161.928230, 162.217005, 162.487984, 162.720125, 162.937529, 163.153496, 163.377822, 163.641983, 163.875936, 164.090717, 164.314326, 164.537156, 164.767843, 165.015293, 165.223070, 165.496922, 165.810236, 166.136964, 166.479017, 166.838355, 167.216451, 167.645166, 168.065610, 168.534214, 169.041811, 169.555388, 170.098487, 170.654496, 171.227271, 171.809774, 172.412393, 173.017171, 173.592261, 174.164901, 174.717047, 175.244297, 175.750658, 176.238216, 176.680050, 177.097885, 177.436006, 177.676456, 177.915149, 178.157303, 178.439422, 178.588412, 178.769493, 178.933288, 179.129985, 179.320751, 179.510969, 179.718474, 179.963450, 179.790404, 179.572375, 179.326327, 179.078584, 178.821324, 178.522715, 178.230821, 177.923737, 177.621744, 177.313250, 177.037541, 176.770479, 176.514082, 176.260567, 176.007395, 175.746852, 175.502844, 175.253114, 175.002518, 174.761261, 174.537723, 174.322566, 174.123584, 173.890792, 173.636252, 173.411616, 173.161860, 172.907537, 172.653094, 172.396891, 172.133889, 171.886219, 171.630578, 171.375589, 171.121865, 170.868416, 170.615058, 170.362424, 170.108303, 169.853422, 169.600485, 169.345059, 169.091091, 168.838452, 168.598976, 168.434799, 168.276475, 168.244316, 168.117828, 168.080537, 168.071253, 168.086866, 168.131513, 168.201326, 168.305348, 168.433667, 168.594099, 168.884302, 168.974991, 169.204140, 169.439922, 169.859932, 170.123488, 170.215771, 170.669817, 170.765706, 171.211076, 171.450752, 171.574136, 172.004298, 172.254322, 172.327133, 172.720936, 172.959949, 173.189735, 173.437423, 173.695942, 173.969700, 174.253736, 174.550452, 174.842031, 175.121269, 175.412045, 175.693177, 175.961384, 176.218668, 176.467454, 176.703499, 176.925517, 177.143766, 177.350294, 177.534797, 177.710748, 177.883309, 178.025724, 178.170975, 178.307221, 178.444645, 178.574573, 178.710510, 178.849467, 178.991339, 179.149698, 179.310300, 179.489634, 179.661505, 179.990833, 179.839919, 179.679247, 179.517725, 179.361405, 179.194239, 179.018105, 178.850483, 178.668315, 178.488522, 178.290555, 178.088559, 177.858428, 177.625286, 177.376275, 177.085312, 176.784417, 176.472473, 176.135873, 175.789813, 175.462418, 175.119083, 174.811479, 174.507955, 174.251894, 173.996090, 173.730389, 173.488655, 173.258247, 173.040265, 172.863246, 172.680089, 172.502362, 172.337049, 172.184720, 172.050828, 171.923550, 171.838950, 171.735280, 171.673406, 171.589463, 171.534225, 171.505313, 171.467164, 171.429625, 171.433465, 171.489630, 171.577759, 171.690515, 171.836641, 172.005804, 172.204324, 172.443520, 172.712701, 173.029961, 173.356084, 173.708945, 174.062991, 174.434150, 174.806180, 175.186139, 175.697510, 175.952037, 176.339419, 176.734757, 177.298602, 177.583608, 178.206579, 178.691981, 179.019518, 179.728457, 179.724338, 179.169983, 178.605998, 178.005327, 177.610720, 176.825055, 176.253453, 175.679387, 175.102013, 174.537123, 173.995180, 173.486743, 172.987135, 172.501550, 172.016816, 171.563715, 171.146220, 170.723608, 170.315730, 169.913496, 169.519005, 169.113390, 168.700887, 168.272051, 167.825801, 167.355120, 166.873105, 166.396478, 165.893976, 165.373670, 164.831536, 164.271032, 163.697852, 163.120583, 162.534628, 161.947552, 161.374103, 160.808899, 160.256001, 159.701490, 159.153351, 158.601173, 158.059356, 157.530884, 157.013069, 156.496725, 156.000201, 155.372424, 155.051749, 154.594175, 154.138884, 153.689265, 153.258172, 152.840277, 152.412209, 151.986555, 151.582741, 151.172517, 150.751042, 150.336178, 149.924687, 149.491944, 149.070267, 148.645353, 148.240443, 147.853542, 147.486851, 147.120882, 146.775554, 146.456320, 146.142083, 145.837749, 145.549882, 145.280084, 145.022189, 144.753878, 144.474238, 144.194011, 143.911218, 143.610286, 143.249891, 143.007787, 142.704542, 142.403590, 142.106016, 141.786045, 141.468187, 141.155866, 140.873835, 140.605020, 140.351197, 140.133483, 139.917543, 139.711406, 139.591231, 139.462129, 139.330364, 139.197610, 139.064184, 138.930707, 138.796339, 138.661579, 138.552774, 138.468364, 138.387634, 138.298299, 138.226527, 138.122201, 138.033189, 137.955492, 137.863192, 137.752243, 137.672564, 137.568783, 137.478486, 137.412977, 137.308625, 137.255909, 137.143771, 137.101528, 137.041155, 136.945653, 136.875611, 136.816361, 136.771463, 136.727773, 136.688567, 136.668547, 136.654356, 136.655311, 136.663516, 136.672875, 136.688104, 136.689216, 136.687489, 136.690143, 136.693521, 136.676744, 136.664218, 136.649517, 136.624285, 136.598989, 136.568506, 136.527882, 136.489607, 136.428586, 136.343177, 136.270790, 136.195920, 136.121410, 136.046446, 135.978927, 135.914824, 135.844394, 135.771119, 135.690038, 135.582790, 135.492223, 135.383211, 135.258535, 135.153330, 134.997638, 134.838258, 134.665546, 134.485583, 134.312235, 134.137939, 133.957116, 133.767327, 133.541817, 133.309069, 133.063926, 132.807967, 132.552127, 132.312021, 132.060397, 131.854985, 131.594247, 131.337911, 131.093831, 130.856564, 130.594471, 130.388206, 130.091472, 129.748243, 129.337766, 128.862290, 128.338163, 127.753362, 127.125313, 126.429694, 125.709181, 124.957459, 124.180236, 123.404184, 122.605739, 121.839655, 121.069383, 120.297616, 119.533928, 118.559361, 117.988739, 117.017372, 116.416061, 115.605818, 114.769530, 113.956301, 113.143157, 112.362601, 111.618575, 110.902691, 110.219296, 109.566865, 108.929591, 108.305197, 107.679024, 107.057939, 106.246124, 105.714069, 105.009531, 104.276748, 103.510989, 102.732955, 101.906212, 100.840674, 100.167505, 99.249522, 98.071376, 97.359867, 96.422639, 95.255033, 94.547045, 93.367721, 92.435092, 91.748127, 90.621044, 89.739738, 88.882423, 88.258131, 87.416686, 86.779925, 85.855105, 85.162297, 84.496360, 83.888526, 83.326317, 82.820488, 82.354043, 81.917630, 81.516201, 81.144715, 80.817355, 80.523003, 80.270743, 80.070644, 79.928016, 79.837754, 79.771392, 79.768594, 79.847482, 79.929629, 80.091988, 80.279029, 80.465742, 80.647668, 80.879787, 81.156838, 81.465038, 81.772621, 82.147350, 82.544849, 82.971047, 83.448157, 83.953799, 84.468041, 84.999185, 85.551080, 86.111821, 86.699091, 87.294378, 87.898599, 88.508576, 89.169616, 89.747842, 90.390436, 91.054064, 91.734772, 92.454481, 93.218671, 94.018204, 94.868462, 95.759698, 96.708654, 97.696426, 98.705094, 99.779720, 100.797055, 101.869955, 102.956352, 104.050730, 105.151065, 106.616966, 107.422939, 108.572948, 109.729655, 110.900395, 112.077486, 113.524377, 114.416221, 115.568378, 116.689868, 117.812960, 118.903009, 119.971646, 121.033176, 122.060446, 123.078918, 124.065328, 125.027576, 125.954501, 126.871498, 127.774939, 128.644122, 129.678013, 130.362545, 131.192785, 132.009592, 132.817277, 133.581503, 134.350099, 135.095446, 135.819923, 136.513555, 137.193853, 137.844759, 138.479311, 139.123980, 139.743976, 140.460915, 140.996930, 141.641262, 142.302716, 142.957162, 143.599329, 144.271652, 144.930598, 145.592414, 146.258663, 146.911323, 147.565640, 148.230655, 148.888571, 149.551802, 150.323154, 150.864052, 151.504879, 152.147378, 152.799040, 153.459596, 154.120302, 154.783230, 155.445769, 156.104030, 156.742293, 157.460180, 157.963039, 158.547569, 159.174615, 159.690716, 160.127056, 160.669585, 161.084897, 161.599349, 162.058224, 162.449602, 162.926436, 163.328907, 163.696327, 164.169878, 164.615716, 165.082777, 165.567055, 166.085655, 166.433281, 166.999991, 167.624479, 168.265645, 168.943480, 169.647306, 170.368086, 171.102597, 171.866617, 172.645528, 173.441453, 174.264910, 175.079916, 175.900668, 176.732329, 177.564573, 178.389982, 179.226847, 179.887905, 179.061190, 178.180625, 177.289162, 176.403363, 175.486387, 174.564102, 173.652751, 172.746416, 171.855665, 170.988836, 170.126477, 169.304219, 168.484739, 167.764414, 167.052814, 166.360610, 165.697305, 165.069308, 164.490627, 163.929306, 163.411236, 162.912979, 162.438475, 161.972666, 161.515608, 161.035236, 160.487432, 160.053501, 159.529400, 159.022932, 158.465398, 157.891464, 157.287591, 156.659551, 156.011247, 155.317380, 154.581834, 153.581830, 153.000894, 152.159056, 151.248426, 150.082352, 149.284332, 148.227283, 147.150521, 146.052250, 144.961821, 143.899398, 142.860817, 141.858994, 140.751875, 139.909354, 139.280348, 138.432427, 137.796963, 137.297306, 136.717328, 136.281303, 135.876525, 135.527627, 135.174834, 134.813981, 134.453588, 134.097656, 133.736690, 133.300319, 132.786444, 132.220791, 131.573192, 130.876572, 130.103054, 129.280131, 128.397579, 127.479306, 126.525514, 125.523608, 124.503349, 123.471883, 122.437581, 121.396822, 120.356591, 119.325545, 118.329109, 117.324434, 116.318032, 115.325627, 114.369738, 113.432978, 112.518114, 111.636363, 110.775406, 109.933685, 109.118923, 108.323076, 107.552358, 106.805150, 106.073663, 105.361406, 104.643402, 103.928232, 103.199459, 102.474714, 101.716343, 100.965955, 100.183683, 99.373695, 98.491216, 97.657113, 96.754528, 95.827031, 94.869827, 93.890563, 92.894066, 91.892056, 90.880394, 89.872703, 88.816905, 87.760754, 86.722118, 85.677725, 84.623427, 83.575076, 82.884017, 81.777279, 80.686461, 79.624068, 78.579738, 77.548690, 76.534164, 75.547997, 74.575049, 73.627713, 72.694084, 71.616451, 70.942691, 70.114976, 69.303450, 68.503944, 67.750809, 67.026619, 66.324835, 65.638832, 64.977833, 64.330547, 63.684350, 63.030495, 62.360681, 61.637887, 60.909179, 60.017034, 59.386844, 58.633816, 57.878283, 57.131113, 56.404060, 55.676764, 54.933908, 54.175791, 53.421780, 52.669915, 51.923304, 51.150792, 50.389248, 49.601448, 48.560981, 47.977364, 47.141916, 46.292900, 45.272204, 44.590518, 43.725488, 42.665694, 41.772154, 41.053761, 39.904478, 38.943226, 37.955510, 36.967578, 35.972039, 34.952087, 33.927589, 32.910078, 31.875327, 30.854545, 29.843923, 28.870122, 27.921154, 27.001729, 26.124119, 25.279405, 24.472625, 23.705795, 22.974215, 22.284779, 21.616874, 20.986435, 20.402900, 19.856024, 19.331500, 18.842236, 18.361839, 17.922226, 17.490049, 17.085418, 16.690277, 16.315718, 15.934130, 15.574781, 15.192480, 14.806188, 14.411721, 14.013612, 13.610433, 13.201341, 12.797117, 12.381036, 11.963187, 11.540055, 11.110644, 10.687817, 10.263352, 9.841786, 9.414636, 8.989685, 8.560979, 8.153806, 7.769756, 7.394225, 7.028466, 6.680138, 6.350802, 6.049701, 5.742248, 5.523694, 5.286407, 5.085512, 4.903887, 4.721159, 4.538783, 4.379790, 4.281601, 4.145519, 4.064622, 4.016780, 3.931915, 3.900273, 3.876933, 3.846984, 3.819670, 3.956965, 3.976379, 4.017074, 4.076857, 4.173625, 4.279409, 4.430579, 4.552436, 4.645915, 4.791449, 4.962172, 5.124784, 5.294804, 5.445572, 5.595112, 5.755452, 5.968376, 6.121947, 6.293677, 6.477683, 6.684016, 6.906202, 7.115107, 7.332444, 7.557173, 7.785316, 8.019415, 8.252560, 8.472732, 8.667748, 8.864256, 9.070924, 9.261824, 9.441382, 9.618949, 9.778151, 9.929907, 10.072733, 10.173589, 10.261596, 10.326354, 10.446019, 10.501960, 10.550214, 10.606937, 10.669143, 10.688816, 10.690877, 10.700587, 10.693205, 10.664393, 10.623784, 10.563702, 10.512546, 10.444609, 10.373987, 10.297710, 10.212300, 10.118709, 10.013595, 9.891035, 9.760183, 9.599810, 9.441126, 9.274139, 9.087531, 8.751577, 8.635489, 8.375933, 8.129847, 7.872834, 7.604217, 7.323019, 7.035203, 6.724707, 6.424604, 6.141876, 5.823188, 5.517384, 5.221181, 4.916141, 4.623040, 4.340390, 4.066005, 3.818143, 3.604417, 3.405847, 3.223084, 3.041275, 2.874240, 2.629269, 2.544606, 2.389455, 2.230703, 2.079646, 1.897610, 1.706358, 1.340342, 1.259005, 1.000902, 0.734301, 0.446720, 0.144916, 0.164129, 0.475407, 0.786993, 1.102631, 1.411540, 1.705915, 1.966510, 2.236540, 2.508942, 2.963225, 3.044741, 3.280653, 3.502992, 3.715268, 3.927536, 4.106866, 4.253060, 4.394847, 4.515157, 4.627506, 4.723532, 4.816486, 4.889749, 4.952371, 5.132542, 5.197587, 5.136004, 5.158215, 5.173609, 5.196819, 5.220027, 5.353113, 5.293863, 5.329147, 5.463951, 5.404892, 5.563581, 5.602091, 5.527865, 5.680517, 5.744590, 5.688895, 5.894671, 5.986906, 6.070988, 6.136209, 6.169124, 6.197629, 6.193331, 6.135885, 6.106440, 6.047930, 5.983830, 5.903203, 5.820536, 5.731925, 5.649252, 5.556378, 5.449614, 5.341693, 5.167176, 5.043844, 4.860967, 4.647098, 4.411908, 4.120743, 3.782941, 3.439488, 3.095206, 2.749207, 2.386638, 1.885798, 1.519563, 1.071107, 0.625441, 0.176279, 0.277420, 0.721034, 1.172186, 1.639565, 2.067695, 2.511881, 2.884704, 3.259044, 3.633127, 4.011386, 4.389090, 4.764079, 5.119227, 5.484467, 5.799173, 6.067526, 6.336704, 6.599193, 6.841357, 7.042113, 7.213615, 7.326962, 7.414201, 7.467660, 7.476836, 7.393961, 7.213264, 6.976151, 6.681986, 6.350658, 5.989853, 5.630848, 5.300012, 4.925328, 4.562159, 4.183852, 3.808358, 3.488697, 3.225416, 3.002268, 2.785450, 2.567606, 2.353600, 2.083846, 1.810340, 1.507604, 1.179274, 0.843521, 0.517702, 0.210979, 0.090419, 0.383166, 0.677484, 0.974166, 1.369149, 1.588377, 1.908008, 2.250654, 2.608209, 3.059812, 3.370076, 3.776855, 4.193290, 4.617393, 5.018973, 5.401218, 5.761053, 
,,,0.010605, 0.024973, 0.038547, 0.052760, 0.066938, 0.078226, 0.088678, 0.099146, 0.109827, 0.120024, 0.130374, 0.143899, 0.160636, 0.177312, 0.193992, 0.210771, 0.227380, 0.244610, 0.262597, 0.277091, 0.293730, 0.310453, 0.327071, 0.343816, 0.360435, 0.377155, 0.393801, 0.410495, 0.427220, 0.443782, 0.460531, 0.477269, 0.493807, 0.512188, 0.527188, 0.543847, 0.560536, 0.577264, 0.594002, 0.610808, 0.627469, 0.644182, 0.660862, 0.677554, 0.694259, 0.711007, 0.727560, 0.744734, 0.762164, 0.777503, 0.794149, 0.810901, 0.827494, 0.844273, 0.860907, 0.877610, 0.894270, 0.910919, 0.927658, 0.944401, 0.961059, 0.977740, 0.994454, 1.013075, 1.027772, 1.044470, 1.061206, 1.077914, 1.094755, 1.111435, 1.128297, 1.145018, 1.161699, 1.178467, 1.195221, 1.212571, 1.229042, 1.245635, 1.265269, 1.278963, 1.295901, 1.312767, 1.329079, 1.345773, 1.362423, 1.379184, 1.395865, 1.412948, 1.431236, 1.446074, 1.463329, 1.479256, 1.495902, 1.512594, 1.531309, 1.545964, 1.562715, 1.582883, 1.595979, 1.612641, 1.629222, 1.645764, 1.662409, 1.679135, 1.695769, 1.712878, 1.729537, 1.745741, 1.762682, 1.781243, 1.795807, 1.812479, 1.829243, 1.845842, 1.862591, 1.882007, 1.895839, 1.912561, 1.929347, 1.946183, 1.963411, 1.979682, 1.996231, 2.013039, 2.031077, 2.046423, 2.063121, 2.079768, 2.096333, 2.113023, 2.129654, 2.146358, 2.163049, 2.179795, 2.196366, 2.213643, 2.229907, 2.246435, 2.262956, 2.279530, 2.298092, 2.312687, 2.329410, 2.346038, 2.363686, 2.379477, 2.396133, 2.412708, 2.429415, 2.446137, 2.463148, 2.479238, 2.495866, 2.512491, 2.529258, 2.545801, 2.566492, 2.579379, 2.596154, 2.612804, 2.629383, 2.646231, 2.662870, 2.679610, 2.696225, 2.713422, 2.729407, 2.746164, 2.762661, 2.779432, 2.796043, 2.812685, 2.831044, 2.848397, 2.862836, 2.879419, 2.896073, 2.912704, 2.929403, 2.946069, 2.963168, 2.979391, 2.996086, 3.012730, 3.029429, 3.046124, 3.062791, 3.081078, 3.096162, 3.112814, 3.129461, 3.146185, 3.162878, 3.179599, 3.196288, 3.213431, 3.229567, 3.246327, 3.262977, 3.279684, 3.296447, 3.313038, 3.331126, 3.346509, 3.363157, 3.380192, 3.397027, 3.413503, 3.430170, 3.446763, 3.463449, 3.480152, 3.496713, 3.513436, 3.530048, 3.546773, 3.563422, 3.582106, 3.596714, 3.613447, 3.630121, 3.646733, 3.663508, 3.680241, 3.697535, 3.713770, 3.730459, 3.747219, 3.763839, 3.780514, 3.797230, 3.813881, 3.832055, 3.847282, 3.864092, 3.880763, 3.897503, 3.914350, 3.931043, 3.947556, 3.964452, 3.981086, 3.997563, 4.014320, 4.031503, 4.047677, 4.064331, 4.083135, 4.099485, 4.114612, 4.131144, 4.147853, 4.164578, 4.181613, 4.198405, 4.214764, 4.232953, 4.251062, 4.267612, 4.281211, 4.297852, 4.314566, 4.333091, 4.347841, 4.364539, 4.381207, 4.397891, 4.414729, 4.431678, 4.447863, 4.464536, 4.481192, 4.497917, 4.518551, 4.531197, 4.547964, 4.564626, 4.582974, 4.598000, 4.614646, 4.631287, 4.648052, 4.664731, 4.681832, 4.698253, 4.714827, 4.731367, 4.748347, 4.764925, 4.781488, 4.798196, 4.814856, 4.833035, 4.848283, 4.864903, 4.881620, 4.898353, 4.915020, 4.931702, 4.948434, 4.964877, 4.981282, 4.997964, 5.014586, 5.031271, 5.048434, 5.064887, 5.081453, 5.100225, 5.114705, 5.131486, 5.148213, 5.164853, 5.181629, 5.198105, 5.214934, 5.231577, 5.248080, 5.264751, 5.281283, 5.297929, 5.314662, 5.331317, 5.349876, 5.364574, 5.381522, 5.398093, 5.414669, 5.431713, 5.447948, 5.464689, 5.481266, 5.497985, 5.514656, 5.531345, 5.548022, 5.564663, 5.581311, 5.599948, 5.614973, 5.631389, 5.648142, 5.665095, 5.683176, 5.698130, 5.714853, 5.731468, 5.748162, 5.764831, 5.781512, 5.798190, 5.815166, 5.831657, 5.850073, 5.865075, 5.881998, 5.898602, 5.915714, 5.933456, 5.948642, 5.965213, 5.981929, 5.998621, 6.015244, 6.031892, 6.048557, 6.065324, 6.081991, 6.099968, 6.115283, 6.132045, 6.148909, 6.165494, 6.182085, 6.198646, 6.215348, 6.232084, 6.248696, 6.265331, 6.282074, 6.302589, 6.315455, 6.332147, 6.350977, 6.365362, 6.382180, 6.398964, 6.415937, 6.432256, 6.448963, 6.465776, 6.482513, 6.499156, 6.515850, 6.532531, 6.549158, 6.565854, 6.582684, 6.601126, 6.616296, 6.633062, 6.650546, 6.666580, 6.683198, 6.699836, 6.716507, 6.733227, 6.750285, 6.766751, 6.783290, 6.799941, 6.816724, 6.833511, 6.852098, 6.867053, 6.883379, 6.900414, 6.916678, 6.933059, 6.949794, 6.966568, 6.983225, 7.000121, 7.016809, 7.033394, 7.050273, 7.066770, 7.083406, 7.102120, 7.116797, 7.135096, 7.150715, 7.166852, 7.183525, 7.200098, 7.216819, 7.233457, 7.250148, 7.266841, 7.285474, 7.300801, 7.317138, 7.333768, 7.352125, 7.367561, 7.383854, 7.401037, 7.417148, 7.433881, 7.450545, 7.467291, 7.484015, 7.500526, 7.517226, 7.533869, 7.550580, 7.567204, 7.588086, 7.601956, 7.617411, 7.634423, 7.650689, 7.667289, 7.683994, 7.700707, 7.717318, 7.733998, 7.750578, 7.767196, 7.783731, 7.800633, 7.817291, 7.833769, 7.850571, 7.868998, 7.884405, 7.900842, 7.917601, 7.934078, 7.950627, 7.967299, 7.983988, 8.000607, 8.017249, 8.033985, 8.050499, 8.067238, 8.083899, 8.100696, 8.118918, 8.133977, 8.150503, 8.167213, 8.183837, 8.200512, 8.217261, 8.233841, 8.250580, 8.267473, 8.284016, 8.300621, 8.317329, 8.333991, 8.350702, 8.371062, 8.384651, 8.400905, 8.417575, 8.434451, 8.451237, 8.467767, 8.484352, 8.501086, 8.517847, 8.536147, 8.551766, 8.568311, 8.585011, 8.601828, 8.621052, 8.637986, 8.653425, 8.669375, 8.686348, 8.701601, 8.718508, 8.734876, 8.754998, 8.768331, 8.785160, 8.801533, 8.818273, 8.834921, 8.851596, 8.868855, 8.887036, 8.901704, 8.918308, 8.934897, 8.951642, 8.968232, 8.984938, 9.001563, 9.018282, 9.034909, 9.051581, 9.068303, 9.085049, 9.101746, 9.118934, 9.137115, 9.151883, 9.168433, 9.185156, 9.201854, 9.218421, 9.235212, 9.252098, 9.268622, 9.285271, 9.301914, 9.318619, 9.335580, 9.352020, 9.369277, 9.386931, 9.402020, 9.418649, 9.435394, 9.452280, 9.468777, 9.485423, 9.502056, 9.518711, 9.535439, 9.552001, 9.568805, 9.585426, 9.602240, 9.618795, 9.635423, 9.654935, 9.668808, 9.685432, 9.702093, 9.718754, 9.735494, 9.752077, 9.768768, 9.785448, 9.802079, 9.819949, 9.835662, 9.852268, 9.869407, 9.885925, 9.902518, 9.920816, 9.935912, 9.952502, 9.969237, 9.985858, 10.002889, 10.019368, 10.035905, 10.052725, 10.069468, 10.090974, 10.103514, 10.119427, 10.136187, 10.152892, 10.170919, 10.186180, 10.202765, 10.219582, 10.236041, 10.252800, 10.269301, 10.286029, 10.302651, 10.319444, 10.335898, 10.352213, 10.369063, 10.385635, 10.402084, 10.418746, 10.437110, 10.452302, 10.468879, 10.485587, 10.502272, 10.518855, 10.535678, 10.552303, 10.568961, 10.585652, 10.602453, 10.619406, 10.635629, 10.652326, 10.668901, 10.686888, 10.702330, 10.719013, 10.735598, 10.752276, 10.769225, 10.785735, 10.802400, 10.819046, 10.835729, 10.852419, 10.869559, 10.885730, 10.902501, 10.919169, 10.937871, 10.952477, 10.970687, 10.985894, 11.002507, 11.019220, 11.036129, 11.052582, 11.069243, 11.086045, 11.102706, 11.119272, 11.135958, 11.152602, 11.169338, 11.187823, 11.204247, 11.219367, 11.236037, 11.252711, 11.269338, 11.286058, 11.302980, 11.319935, 11.336383, 11.353035, 11.369578, 11.386202, 11.402802, 11.419178, 11.437759, 11.452476, 11.469208, 11.485910, 11.502799, 11.519350, 11.535968, 11.552506, 11.569269, 11.586038, 11.606266, 11.619331, 11.636015, 11.652718, 11.669545, 11.687811, 11.703134, 11.719891, 11.736580, 11.753269, 11.769956, 11.786624, 11.803278, 11.820717, 11.837497, 11.853947, 11.870468, 11.887229, 11.903647, 11.920262, 11.938983, 11.953613, 11.970282, 11.986931, 12.003637, 12.020268, 12.037176, 12.053738, 12.070926, 12.087502, 12.103628, 12.120301, 12.136970, 12.153647, 12.170545, 12.189001, 12.203737, 12.220431, 12.237066, 12.253690, 12.270353, 12.287019, 12.304001, 12.320592, 12.337689, 12.353802, 12.370495, 12.387362, 12.403939, 12.420536, 12.439088, 12.454036, 12.470881, 12.487660, 12.504309, 12.520768, 12.537506, 12.554213, 12.570770, 12.588049, 12.604164, 12.620782, 12.637470, 12.654191, 12.670737, 12.688884, 12.703871, 12.720561, 12.737288, 12.753835, 12.770350, 12.787150, 12.803662, 12.820440, 12.837261, 12.853778, 12.870518, 12.887217, 12.903782, 12.922118, 12.938700, 12.953934, 12.970625, 12.987346, 13.004020, 13.020605, 13.037315, 13.054024, 13.070710, 13.087716, 13.103963, 13.120583, 13.137258, 13.153936, 13.170650, 13.190783, 13.204021, 13.220706, 13.237388, 13.254033, 13.270814, 13.287450, 13.304182, 13.321120, 13.337734, 13.354134, 13.370911, 13.387508, 13.404191, 13.420906, 13.437518, 13.455697, 13.470924, 13.487580, 13.504371, 13.520964, 13.537711, 13.554471, 13.574828, 13.587838, 13.604383, 13.621086, 13.637749, 13.654439, 13.671089, 13.687777, 13.705708, 13.721164, 13.737810, 13.754467, 13.771160, 13.787878, 13.804597, 13.821345, 13.837960, 13.854510, 13.871458, 13.888143, 13.904701, 13.921261, 13.937955, 13.956741, 13.971393, 13.988469, 14.005234, 14.022134, 14.038884, 14.055514, 14.072261, 14.088815, 14.105461, 14.122205, 14.138856, 14.155570, 14.172133, 14.188763, 14.206687, 14.222205, 14.238738, 14.255569, 14.272113, 14.288834, 14.305948, 14.322120, 14.338790, 14.355442, 14.372143, 14.388923, 14.405488, 14.422205, 14.438923, 14.457693, 14.472230, 14.488966, 14.505517, 14.522324, 14.539063, 14.556373, 14.572397, 14.589025, 14.606043, 14.622545, 14.639078, 14.656038, 14.672575, 14.689107, 14.707864, 14.722589, 14.739358, 14.756233, 14.772988, 14.789754, 14.808674, 14.823356, 14.839919, 14.856407, 14.873166, 14.889813, 14.906366, 14.923102, 14.939781, 14.957769, 14.974654, 14.989845, 15.006523, 15.023370, 15.039868, 15.056898, 15.073274, 15.089854, 15.106418, 15.123177, 15.143761, 15.156523, 15.173172, 15.189803, 15.208651, 15.223221, 15.239849, 15.256587, 15.273288, 15.290478, 15.307017, 15.323147, 15.340190, 15.356461, 15.373134, 15.389725, 15.406304, 15.422950, 15.439651, 15.456290, 15.474654, 15.489718, 15.506501, 15.523175, 15.540216, 15.556706, 15.573061, 15.589687, 15.606780, 15.623608, 15.640095, 15.656877, 15.673389, 15.690086, 15.706679, 15.724947, 15.740063, 15.756770, 15.773418, 15.790654, 15.806776, 15.823568, 15.840109, 15.856678, 15.873418, 15.890085, 15.906763, 15.923636, 15.940472, 15.956968, 15.974897, 15.990225, 16.006959, 16.023685, 16.040687, 16.056939, 16.073592, 16.090221, 16.106843, 16.123551, 16.140242, 16.156878, 16.173542, 16.190274, 16.206908, 16.225787, 16.240324, 16.257021, 16.273738, 16.290320, 16.308583, 16.323688, 16.340311, 16.357010, 16.373721, 16.390403, 16.407105, 16.423680, 16.440462, 16.457126, 16.475668, 16.490565, 16.509005, 16.524730, 16.540866, 16.557609, 16.574156, 16.590874, 16.607587, 16.624274, 16.640926, 16.661165, 16.674303, 16.690971, 16.707654, 16.725873, 16.741185, 16.757927, 16.774564, 16.791117, 16.807694, 16.824364, 16.841064, 16.857775, 16.874400, 16.891060, 16.907788, 16.924390, 16.941086, 16.957817, 16.975627, 16.991144, 17.007777, 17.024941, 17.041224, 17.057822, 17.074678, 17.091259, 17.107900, 17.124523, 17.141225, 17.157898, 17.174526, 17.191300, 17.207923, 17.226619, 17.241422, 17.258073, 17.274762, 17.291350, 17.307927, 17.324758, 17.341358, 17.357982, 17.374716, 17.391331, 17.408020, 17.424729, 17.441376, 17.458034, 17.476583, 17.491469, 17.508201, 17.524777, 17.541730, 17.558250, 17.574848, 17.591488, 17.608243, 17.624909, 17.641546, 17.658240, 17.674936, 17.691600, 17.708300, 17.726569, 17.741656, 17.760518, 17.774998, 17.791665, 17.808386, 17.825006, 17.841667, 17.858327, 17.875074, 17.891745, 17.908416, 17.925074, 17.943641, 17.958678, 17.976711, 17.991993, 18.009106, 18.026074, 18.042086, 18.058662, 18.075663, 18.092501, 18.108908, 18.125411, 18.142605, 18.163187, 18.178044, 18.192535, 18.209200, 18.226887, 18.242385, 18.259027, 18.275760, 18.292279, 18.308903, 18.325642, 18.342260, 18.358937, 18.375607, 18.392206, 18.408835, 18.425538, 18.442193, 18.458952, 18.477595, 18.492699, 18.508946, 18.525676, 18.542308, 18.558975, 18.575853, 18.592385, 18.609024, 18.625626, 18.642274, 18.659173, 18.676055, 18.692369, 18.709002, 18.725473, 18.743752, 18.758891, 18.775529, 18.792172, 18.808845, 18.825574, 18.842150, 18.858840, 18.875589, 18.892099, 18.908800, 18.925524, 18.942157, 18.958838, 18.975599, 18.993552, 19.009389, 19.025587, 19.042230, 19.058903, 19.075618, 19.092280, 19.108929, 19.125628, 19.142305, 19.158992, 19.175669, 19.192379, 19.209268, 19.225757, 19.244530, 19.259446, 19.275658, 19.292388, 19.308975, 19.325656, 19.342364, 19.360526, 19.375909, 19.392480, 19.409072, 19.425711, 19.442373, 19.459057, 19.475735, 19.494492, 19.509390, 19.525694, 19.542545, 19.559257, 19.575656, 19.592336, 19.608873, 19.625542, 19.642185, 19.660401, 19.675559, 19.692522, 19.709036, 19.725726, 19.742359, 19.760575, 19.775701, 19.792389, 19.809037, 19.825695, 19.842382, 19.859070, 19.876103, 19.892448, 19.909089, 19.925778, 19.942458, 19.959411, 19.975990, 19.996206, 20.010498, 20.025893, 20.042564, 20.059238, 20.075961, 20.092595, 20.109258, 20.125918, 20.142628, 20.159530, 20.176311, 20.192829, 20.209449, 20.226443, 20.243489, 20.261656, 20.276183, 20.292924, 20.309549, 20.326240, 20.342990, 20.359545, 20.376309, 20.392926, 20.409521, 20.426251, 20.442961, 20.459850, 20.476471, 20.493567, 20.511579, 20.526366, 20.543079, 20.559766, 20.576399, 20.593328, 20.610170, 20.626671, 20.643487, 20.660043, 20.676575, 20.693259, 20.709997, 20.726644, 20.743664, 20.761620, 20.776631, 20.793326, 20.810038, 20.826970, 20.843736, 20.860210, 20.877046, 20.893609, 20.910246, 20.926975, 20.943615, 20.960256, 20.977366, 20.993762, 21.012755, 21.027510, 21.044000, 21.060696, 21.077383, 21.093985, 21.110725, 21.127342, 21.144034, 21.160738, 21.177378, 21.194359, 21.211255, 21.227527, 21.244186, 21.262544, 21.277527, 21.294113, 21.310752, 21.327565, 21.344262, 21.360928, 21.377864, 21.394424, 21.411131, 21.427767, 21.444554, 21.461251, 21.478319, 21.494486, 21.514560, 21.527896, 21.544483, 21.561275, 21.577843, 21.594565, 21.611457, 21.628083, 21.644642, 21.661308, 21.678093, 21.694746, 21.713486, 21.728065, 21.744816, 21.761437, 21.779441, 21.794787, 21.815334, 21.828078, 21.844725, 21.861461, 21.878145, 21.894801, 21.911488, 21.928174, 21.944871, 21.962076, 21.978259, 21.995190, 22.011717, 22.030509, 22.045132, 22.062029, 22.078738, 22.095428, 22.112050, 22.128694, 22.145297, 22.161946, 22.178995, 22.195526, 22.212526, 22.228626, 22.245382, 22.262039, 22.280489, 22.295357, 22.312114, 22.328831, 22.345539, 22.362279, 22.379002, 22.395884, 22.412418, 22.429098, 22.445561, 22.462705, 22.478696, 22.495439, 22.511981, 22.530446, 22.545413, 22.562099, 22.578781, 22.595512, 22.612112, 22.628831, 22.645578, 22.662196, 22.678999, 22.695554, 22.712497, 22.729038, 22.745433, 22.762084, 22.780316, 22.795463, 22.812052, 22.828712, 22.845548, 22.863780, 22.878982, 22.895670, 22.912349, 22.929084, 22.946246, 22.962683, 22.978990, 22.995756, 23.012456, 23.030384, 23.045773, 23.063976, 23.079166, 23.095866, 23.112519, 23.129144, 23.145762, 23.162487, 23.182614, 23.195978, 23.212873, 23.229233, 23.245923, 23.262545, 23.280453, 23.295938, 23.312625, 23.329346, 23.345938, 23.362627, 23.379339, 23.395936, 23.412745, 23.429246, 23.446513, 23.462632, 23.479188, 23.495912, 23.512570, 23.531352, 23.545843, 23.562569, 23.579222, 23.595902, 23.612594, 23.629296, 23.645956, 23.662741, 23.679353, 23.695996, 23.712900, 23.729509, 23.746192, 23.762775, 23.781493, 23.796115, 23.812784, 23.829468, 23.846233, 23.862908, 23.879667, 23.896260, 23.913265, 23.929970, 23.946466, 23.963094, 23.979690, 23.996400, 24.013061, 24.031486, 24.046404, 24.063068, 24.079814, 24.096624, 24.113299, 24.130137, 24.146814, 24.163509, 24.180665, 24.196814, 24.213502, 24.230138, 24.247039, 24.263585, 24.281433, 24.296972, 24.313529, 24.330133, 24.346834, 24.363479, 24.380191, 24.396852, 24.413593, 24.430717, 24.446813, 24.463877, 24.481799, 24.496890, 24.513608, 24.531435, 24.546845, 24.563476, 24.580163, 24.596802, 24.613473, 24.630247, 24.647032, 24.663586, 24.680378, 24.698407, 24.713593, 24.730314, 24.747366, 24.763961, 24.782367, 24.797378, 24.814052, 24.830825, 24.851156, 24.864493, 24.881053, 24.897745, 24.914981, 24.931442, 24.947585, 24.964173, 24.980768, 24.997404, 25.014089, 25.032323, 25.047483, 25.064120, 25.080802, 25.097412, 25.114102, 25.130704, 25.147380, 25.163934, 25.180967, 25.197226, 25.213894, 25.230561, 25.247219, 25.264153, 25.280776, 25.299360, 25.314031, 25.330741, 25.347398, 25.364058, 25.380831, 25.397455, 25.414691, 25.431455, 25.447574, 25.464179, 25.480811, 25.497483, 25.514650, 25.531050, 25.549376, 25.564288, 25.580950, 25.597609, 25.614311, 25.631058, 25.647693, 25.664892, 25.681629, 25.698017, 25.714738, 25.731342, 25.748161, 25.764789, 25.781390, 25.799398, 25.814790, 25.831499, 25.848249, 25.864955, 25.881917, 25.898478, 25.915202, 25.931803, 25.948349, 25.965291, 25.981841, 25.998706, 26.015284, 26.031799, 26.050505, 26.065173, 26.081874, 26.098539, 26.115232, 26.131865, 26.148806, 26.166966, 26.181910, 26.198510, 26.215155, 26.231826, 26.248464, 26.265117, 26.281774, 26.300621, 26.315194, 26.332214, 26.349046, 26.367196, 26.381947, 26.398942, 26.415135, 26.431961, 26.448602, 26.465258, 26.481904, 26.498584, 26.515255, 26.535341, 26.550328, 26.565132, 26.581806, 26.598532, 26.615268, 26.631953, 26.649090, 26.665723, 26.682088, 26.698819, 26.715497, 26.732126, 26.748820, 26.765446, 26.782064, 26.800263, 26.815464, 26.831997, 26.848727, 26.865708, 26.882213, 26.898797, 26.915643, 26.932104, 26.948813, 26.965437, 26.982153, 26.998855, 27.015531, 27.032207, 27.050234, 27.065560, 27.082278, 27.098892, 27.115591, 27.132358, 27.148933, 27.165666, 27.182558, 27.199174, 27.215979, 27.232545, 27.249142, 27.265836, 27.282727, 27.301467, 27.315907, 27.332550, 27.349575, 27.366539, 27.382807, 27.399361, 27.415986, 27.432671, 27.449334, 27.465925, 27.482590, 27.499286, 27.515914, 27.532697, 27.551563, 27.566146, 27.582782, 27.599578, 27.616157, 27.633333, 27.649940, 27.666167, 27.683322, 27.699739, 27.716306, 27.732986, 27.749643, 27.766296, 27.782959, 27.801359, 27.816339, 27.834586, 27.849671, 27.866774, 27.883330, 27.900157, 27.916340, 27.933052, 27.949701, 27.966367, 27.983066, 27.999743, 28.016371, 28.034642, 28.051270, 28.066413, 28.083244, 28.099926, 28.116580, 28.133168, 28.149929, 28.166425, 28.186885, 28.199674, 28.216421, 28.233034, 28.249686, 28.266444, 28.283031, 28.301228, 28.316455, 28.333151, 28.349822, 28.366818, 28.383221, 28.399859, 28.416535, 28.433156, 28.449862, 28.466529, 28.483181, 28.499791, 28.516366, 28.532979, 28.551381, 28.566391, 28.582977, 28.599841, 28.616364, 28.633081, 28.649559, 28.666178, 28.682734, 28.699443, 28.716087, 28.732742, 28.749424, 28.766068, 28.782790, 28.799438, 28.818172, 28.832798, 28.849570, 28.866673, 28.883158, 28.899605, 28.916314, 28.933020, 28.949669, 28.966348, 28.983056, 28.999754, 29.016441, 29.033130, 29.049793, 29.068241, 29.083129, 29.099883, 29.116517, 29.133954, 29.149938, 29.166517, 29.183372, 29.199917, 29.216697, 29.233335, 29.250216, 29.267014, 29.283717, 29.300455, 29.319324, 29.333850, 29.350512, 29.367305, 29.383996, 29.400348, 29.417000, 29.433717, 29.450400, 29.467109, 29.483829, 29.500549, 29.517125, 29.533857, 29.550658, 29.569291, 29.584159, 29.600891, 29.618057, 29.634263, 29.650888, 29.667532, 29.684396, 29.701083, 29.717857, 29.734468, 29.751156, 29.767825, 29.784510, 29.801228, 29.819211, 29.834513, 29.851259, 29.868563, 29.884628, 29.901577, 29.919751, 29.934635, 29.951313, 29.967683, 29.984441, 30.001039, 30.017714, 30.034380, 30.051183, 30.069709, 30.084767, 30.101503, 30.118823, 30.136596, 30.151640, 30.168469, 30.185163, 30.201954, 30.218636, 30.235172, 30.251959, 30.268654, 30.288888, 30.302020, 30.320245, 30.335431, 30.352221, 30.369082, 30.385445, 30.402058, 30.418712, 30.435331, 30.451988, 30.468644, 30.485350, 30.502098, 30.518718, 30.535078, 30.551605, 30.568244, 30.586215, 30.601853, 30.618382, 30.635005, 30.651710, 30.668488, 30.685081, 30.701764, 30.718328, 30.735005, 30.751830, 30.768535, 30.785327, 30.802084, 30.818791, 30.837172, 30.852183, 30.868981, 30.885492, 30.902186, 30.918801, 30.935464, 30.951964, 30.968617, 30.985108, 31.001783, 31.018380, 31.035070, 31.051779, 31.068563, 31.085191, 31.104448, 31.118887, 31.135411, 31.152022, 31.168666, 31.185376, 31.202248, 31.218823, 31.235684, 31.252311, 31.268818, 31.285472, 31.302244, 31.318994, 31.335492, 31.352024, 31.370190, 31.385498, 31.402126, 31.418758, 31.435540, 31.452128, 31.468892, 31.485594, 31.502216, 31.518995, 31.535606, 31.552246, 31.569155, 31.585782, 31.602118, 31.620156, 31.635355, 31.653750, 31.668985, 31.686099, 31.702719, 31.719313, 31.735949, 31.752698, 31.769307, 31.786215, 31.803033, 31.820121, 31.838961, 31.853685, 31.872162, 31.887059, 31.903618, 31.920294, 31.936998, 31.953648, 31.970400, 31.987113, 32.004129, 32.020629, 32.037565, 32.053904, 32.071041, 32.087699, 32.103785, 32.122364, 32.137328, 32.153929, 32.170539, 32.187260, 32.203967, 32.220697, 32.237286, 32.253954, 32.270644, 32.287375, 32.305042, 32.323649, 32.339846, 32.354248, 32.372094, 32.387580, 32.404169, 32.421018, 32.437614, 32.454101, 32.470865, 32.487524, 32.504227, 32.520823, 32.537612, 32.554718, 32.571472, 32.587991, 32.604199, 32.623161, 32.637588, 32.654248, 32.670917, 32.687771, 32.704273, 32.720923, 32.737617, 32.754245, 32.770968, 32.787733, 32.804953, 32.821067, 32.837760, 32.854435, 32.873118, 32.887743, 32.908326, 32.921058, 32.937799, 32.954455, 32.971068, 32.987804, 33.004548, 33.021176, 33.037805, 33.054895, 33.072026, 33.087860, 33.104451, 33.123072, 33.137782, 33.154452, 33.171415, 33.187975, 33.204628, 33.221304, 33.237944, 33.254614, 33.271292, 33.288049, 33.304758, 33.321422, 33.338043, 33.354673, 33.373150, 33.389632, 33.404944, 33.421445, 33.438039, 33.454646, 33.471300, 33.488063, 33.504580, 33.522868, 33.538261, 33.555218, 33.571328, 33.587991, 33.605046, 33.623227, 33.641814, 33.654664, 33.671204, 33.687827, 33.704322, 33.721055, 33.737915, 33.754459, 33.771087, 33.787653, 33.804405, 33.821014, 33.837555, 33.854157, 33.870839, 33.889341, 33.904329, 33.920884, 33.937635, 33.954332, 33.970999, 33.987697, 34.004507, 34.021338, 34.037775, 34.054632, 34.071358, 34.087809, 34.104427, 34.121073, 34.139027, 34.154417, 34.171028, 34.187666, 34.204386, 34.221064, 34.237747, 34.254591, 34.271285, 34.287877, 34.304896, 34.321208, 34.337849, 34.354496, 34.371238, 34.390042, 34.404582, 34.421246, 34.437920, 34.454560, 34.471233, 34.488148, 34.504759, 34.521314, 34.538171, 34.555199, 34.571377, 34.588064, 34.604950, 34.621506, 34.640105, 34.654824, 34.671461, 34.688179, 34.704766, 34.721461, 34.738129, 34.754743, 34.771545, 34.788253, 34.805328, 34.821489, 34.838173, 34.854830, 34.871595, 34.889966, 34.904844, 34.921527, 34.938232, 34.955216, 34.971737, 34.988296, 35.004951, 35.021712, 35.038337, 35.055054, 35.071593, 35.088541, 35.105084, 35.121944, 35.140200, 35.155051, 35.171707, 35.189955, 35.205095, 35.221751, 35.238448, 35.255222, 35.271885, 35.288862, 35.305592, 35.322299, 35.338710, 35.355306, 35.372069, 35.390159, 35.405313, 35.422043, 35.440268, 35.455392, 35.472101, 35.488718, 35.505378, 35.522484, 35.538815, 35.555675, 35.572085, 35.588750, 35.605415, 35.622105, 35.640282, 35.655490, 35.672121, 35.688831, 35.705483, 35.722135, 35.739002, 35.755636, 35.772687, 35.789237, 35.809736, 35.822546, 35.839185, 35.855771, 35.872526, 35.891051, 35.905760, 35.922477, 35.939163, 35.955824, 35.972473, 35.989073, 36.005765, 36.022585, 36.039009, 36.055728, 36.072410, 36.089208, 36.105715, 36.122382, 36.140861, 36.155687, 36.172396, 36.189072, 36.205962, 36.222526, 36.239062, 36.255845, 36.272532, 36.289274, 36.305884, 36.322571, 36.339275, 36.356082, 36.372747, 36.390963, 36.406132, 36.422822, 36.439467, 36.456096, 36.472756, 36.489508, 36.506315, 36.523187, 36.540138, 36.556338, 36.573047, 36.589769, 36.606396, 36.623073, 36.640983, 36.656526, 36.673152, 36.689833, 36.706531, 36.723206, 36.740018, 36.756579, 36.773123, 36.790224, 36.806558, 36.823186, 36.839881, 36.856567, 36.873317, 36.891943, 36.906585, 36.923557, 36.940256, 36.956862, 36.973548, 36.990308, 37.006952, 37.023911, 37.040438, 37.056964, 37.073643, 37.090174, 37.106859, 37.123349, 37.143042, 37.156751, 37.173430, 37.190344, 37.206853, 37.223510, 37.240164, 37.256883, 37.274234, 37.290318, 37.307025, 37.324040, 37.340439, 37.357118, 37.373777, 37.394021, 37.406959, 37.423611, 37.440269, 37.457041, 37.473634, 37.490323, 37.507074, 37.524198, 37.540153, 37.556893, 37.573496, 37.590171, 37.606889, 37.623562, 37.640177, 37.658873, 37.673822, 37.690401, 37.707002, 37.723617, 37.740373, 37.756963, 37.774133, 37.790300, 37.806941, 37.827489, 37.840313, 37.857049, 37.873746, 37.890393, 37.908851, 37.923762, 37.940495, 37.957198, 37.974189, 37.990707, 38.007278, 38.024283, 38.040644, 38.057500, 38.074143, 38.090689, 38.107367, 38.124025, 38.140757, 38.158910, 38.173968, 38.190625, 38.207535, 38.224163, 38.240805, 38.258342, 38.274382, 38.291006, 38.307843, 38.324660, 38.341343, 38.358038, 38.374826, 38.391451, 38.409936, 38.424773, 38.441413, 38.458139, 38.474905, 38.491517, 38.508740, 38.525095, 38.541842, 38.558706, 38.575421, 38.592316, 38.608932, 38.625786, 38.642458, 38.660910, 38.675778, 38.692519, 38.709192, 38.725877, 38.743061, 38.759678, 38.775761, 38.792523, 38.809188, 38.827274, 38.842634, 38.859315, 38.876043, 38.892646, 38.910884, 38.926081, 38.944347, 38.959459, 38.976819, 38.993209, 39.010138, 39.026727, 39.043239, 39.059978, 39.076653, 39.093269, 39.109984, 39.126612, 39.143312, 39.161971, 39.176471, 39.193346, 39.209904, 39.226353, 39.243732, 39.259704, 39.276325, 39.292975, 39.309600, 39.326260, 39.342918, 39.359496, 39.376309, 39.392987, 39.409750, 39.427973, 39.443428, 39.459966, 39.476436, 39.493619, 39.509969, 39.526851, 39.543248, 39.559915, 39.576591, 39.593302, 39.609881, 39.626678, 39.643292, 39.660039, 39.678017, 39.693496, 39.710006, 39.726827, 39.743362, 39.759934, 39.776663, 39.793315, 39.810022, 39.826940, 39.843481, 39.860102, 39.876806, 39.893746, 39.910284, 39.928973, 39.943504, 39.964661, 39.976846, 39.993888, 40.010189, 40.026792, 40.043556, 40.060219, 40.076850, 40.093519, 40.110158, 40.126678, 40.143215, 40.160198, 40.176769, 40.194865, 40.210265, 40.227290, 40.243515, 40.260079, 40.276790, 40.293465, 40.310470, 40.326928, 40.343561, 40.360287, 40.376946, 40.393627, 40.410233, 40.426892, 40.446009, 40.460503, 40.477103, 40.493756, 40.510543, 40.527282, 40.545644, 40.560996, 40.577539, 40.594148, 40.610815, 40.627405, 40.644073, 40.660755, 40.677381, 40.698860, 40.711286, 40.727767, 40.743996, 40.760709, 40.777325, 40.794008, 40.810589, 40.827334, 40.844043, 40.860763, 40.877393, 40.894336, 40.910960, 40.927549, 40.944255, 40.962845, 40.977536, 40.994247, 41.010850, 41.027512, 41.044299, 41.061161, 41.077674, 41.094291, 41.111041, 41.127571, 41.144420, 41.161043, 41.177847, 41.194501, 41.213811, 41.227736, 41.244362, 41.260854, 41.277648, 41.295647, 41.310921, 41.327540, 41.344183, 41.360898, 41.377819, 41.394404, 41.411033, 41.429680, 41.444471, 41.461072, 41.479823, 41.494489, 41.511100, 41.527892, 41.544478, 41.561010, 41.577574, 41.594286, 41.610780, 41.627428, 41.644130, 41.660792, 41.677445, 41.694214, 41.711005, 41.727450, 41.745747, 41.760923, 41.777489, 41.794526, 41.814622, 41.827851, 41.844433, 41.861006, 41.877674, 41.894367, 41.911057, 41.927750, 41.944450, 41.961575, 41.978002, 41.996197, 42.011227, 42.027791, 42.044564, 42.061074, 42.078108, 42.094389, 42.110990, 42.127869, 42.144428, 42.161112, 42.177721, 42.194502, 42.211537, 42.227675, 42.245747, 42.260985, 42.277695, 42.294307, 42.311250, 42.327782, 42.344353, 42.361289, 42.377901, 42.394436, 42.411428, 42.428038, 42.444522, 42.461679, 42.477846, 42.495818, 42.511223, 42.527934, 42.544576, 42.561291, 42.577853, 42.594559, 42.611379, 42.627999, 42.644733, 42.661551, 42.678124, 42.695538, 42.711933, 42.729533, 42.746815, 42.761375, 42.778060, 42.794706, 42.811408, 42.828072, 42.844790, 42.861836, 42.878449, 42.895276, 42.914009, 42.928641, 42.945367, 42.962147, 42.978779, 42.996806, 43.011985, 43.028731, 43.045323, 43.062082, 43.080617, 43.095301, 43.112012, 43.128703, 43.145371, 43.162199, 43.178898, 43.195709, 43.212372, 43.228856, 43.246745, 43.262291, 43.278970, 43.295646, 43.312395, 43.329003, 43.345727, 43.362449, 43.379146, 43.395862, 43.412554, 43.429685, 43.445896, 43.462559, 43.479144, 43.497698, 43.512510, 43.529174, 43.545880, 43.562518, 43.579165, 43.595818, 43.612484, 43.629189, 43.645857, 43.662790, 43.679953, 43.695954, 43.712655, 43.729666, 43.747772, 43.762736, 43.779410, 43.796001, 43.812728, 43.829370, 43.846031, 43.862716, 43.879415, 43.896059, 43.912733, 43.929451, 43.946418, 43.964538, 43.979581, 43.997718, 44.013108, 44.029724, 44.046240, 44.062914, 44.079595, 44.096322, 44.112958, 44.131228, 44.146454, 44.163176, 44.180288, 44.196348, 44.213113, 44.229656, 44.247669, 44.263033, 44.279674, 44.296385, 44.313020, 44.329995, 44.346454, 44.362992, 44.379684, 44.396211, 44.417305, 44.430080, 44.446313, 44.462975, 44.479534, 44.497549, 44.512924, 44.529678, 44.546287, 44.562995, 44.579630, 44.596369, 44.613018, 44.629683, 44.646405, 44.663093, 44.679711, 44.696442, 44.713109, 44.729750, 44.748690, 44.763229, 44.780115, 44.796774, 44.813588, 44.830304, 44.846954, 44.863584, 44.880360, 44.897102, 44.914244, 44.930853, 44.947051, 44.963728, 44.980431, 44.998669, 45.013835, 45.030433, 45.047114, 45.063842, 45.080810, 45.097427, 45.114024, 45.130838, 45.148037, 45.164232, 45.181284, 45.197484, 45.215640, 45.230799, 45.248726, 45.264410, 45.280946, 45.297510, 45.314203, 45.330846, 45.349043, 45.364429, 45.380926, 45.397572, 45.414159, 45.430808, 45.447462, 45.464164, 45.480763, 45.499646, 45.514156, 45.530789, 45.547397, 45.564156, 45.580726, 45.597424, 45.614150, 45.630850, 45.647593, 45.664169, 45.680911, 45.701721, 45.714320, 45.730898, 45.749651, 45.764219, 45.781118, 45.797961, 45.814499, 45.831091, 45.847728, 45.864839, 45.881169, 45.898321, 45.914547, 45.931136, 45.947722, 45.964413, 45.981127, 45.999616, 46.014407, 46.031337, 46.047880, 46.064450, 46.081177, 46.097749, 46.114507, 46.131202, 46.147879, 46.165233, 46.181334, 46.197950, 46.214574, 46.231337, 46.249917, 46.264722, 46.281361, 46.298043, 46.314931, 46.331517, 46.348098, 46.364952, 46.381591, 46.398218, 46.415346, 46.431520, 46.448449, 46.466446, 46.481587, 46.499729, 46.514850, 46.531574, 46.548259, 46.564914, 46.581601, 46.598315, 46.617019, 46.631826, 46.648535, 46.665361, 46.681695, 46.698278, 46.715011, 46.731771, 46.749628, 46.765009, 46.781799, 46.798392, 46.815139, 46.831752, 46.848336, 46.865126, 46.885117, 46.898751, 46.914812, 46.931452, 46.948111, 46.964867, 46.981489, 46.998159, 47.016582, 47.031614, 47.048214, 47.064896, 47.081580, 47.098227, 47.114974, 47.131631, 47.148768, 47.164965, 47.181718, 47.198329, 47.215015, 47.231692, 47.248330, 47.266551, 47.281698, 47.298423, 47.315060, 47.332047, 47.348625, 47.365440, 47.381911, 47.398672, 47.415241, 47.431925, 47.448842, 47.465383, 47.482032, 47.498647, 47.516888, 47.532157, 47.548663, 47.565365, 47.581979, 47.598756, 47.615398, 47.632020, 47.649089, 47.665310, 47.682249, 47.699047, 47.715493, 47.732045, 47.748507, 47.765201, 47.783649, 47.798805, 47.815409, 47.831984, 47.848716, 47.865707, 47.882568, 47.898730, 47.915359, 47.933580, 47.948702, 47.965346, 47.982258, 47.998794, 48.015588, 48.033699, 48.048772, 48.065395, 48.082138, 48.098919, 48.115428, 48.132593, 48.148787, 48.167073, 48.182168, 48.198853, 48.215430, 48.232124, 48.250787, 48.265520, 48.283627, 48.299178, 48.315926, 48.332560, 48.349292, 48.366357, 48.383000, 48.399516, 48.416121, 48.432778, 48.449477, 48.466153, 48.482869, 48.499546, 48.516200, 48.534631, 48.549555, 48.566552, 48.583151, 48.599840, 48.616359, 48.633452, 48.649719, 48.666514, 48.683111, 48.699714, 48.716349, 48.733004, 48.749720, 48.766316, 48.784601, 48.799639, 48.816249, 48.832973, 48.849580, 48.867171, 48.883307, 48.899578, 48.916190, 48.933221, 48.949752, 48.966330, 48.983014, 48.999703, 49.016364, 49.034568, 49.049989, 49.066538, 49.083122, 49.099924, 49.116945, 49.133113, 49.150019, 49.166603, 49.183156, 49.199890, 49.216536, 49.233236, 49.249845, 49.266521, 49.284510, 49.299921, 49.316618, 49.333228, 49.349897, 49.367311, 49.383320, 49.399958, 49.416597, 49.433271, 49.449931, 49.466665, 49.483303, 49.499958, 49.516651, 49.535472, 49.550068, 49.566673, 49.583416, 49.600158, 49.618835, 49.633447, 49.650095, 49.666793, 49.683522, 49.700155, 49.716931, 49.733486, 49.750108, 49.766572, 49.785363, 49.799832, 49.816552, 49.834870, 49.849972, 49.866737, 49.883605, 49.900258, 49.916814, 49.937421, 49.950167, 49.966905, 49.983905, 50.000443, 50.017053, 50.035634, 50.050487, 50.067277, 50.083891, 50.100463, 50.117427, 50.133703, 50.150246, 50.166973, 50.183584, 50.200252, 50.216924, 50.233520, 50.250204, 50.266912, 50.282772, 50.301594, 50.316091, 50.332821, 50.349544, 50.366573, 50.382845, 50.399510, 50.416160, 50.432849, 50.449526, 50.466215, 50.483203, 50.499745, 50.516274, 50.533001, 50.551522, 50.566280, 50.583150, 50.600074, 50.617002, 50.633308, 50.649915, 50.666575, 50.683248, 50.699903, 50.716795, 50.733263, 50.749922, 50.766612, 50.783278, 50.801564, 50.816882, 50.833443, 50.849979, 50.866722, 50.883302, 50.899999, 50.916664, 50.933359, 50.950032, 50.966720, 50.983420, 51.000029, 51.016729, 51.033436, 51.051489, 51.066744, 51.083567, 51.100462, 51.116978, 51.133536, 51.150181, 51.166868, 51.183552, 51.200616, 51.217114, 51.233638, 51.250266, 51.266987, 51.283684, 51.302121, 51.317093, 51.333805, 51.350393, 51.367096, 51.383657, 51.400357, 51.417071, 51.433764, 51.450449, 51.467115, 51.483779, 51.500479, 51.517128, 51.534082, 51.552701, 51.567304, 51.584013, 51.602440, 51.617334, 51.634003, 51.650660, 51.667368, 51.684023, 51.700944, 51.717506, 51.734087, 51.750732, 51.767405, 51.785015, 51.803558, 51.820071, 51.835700, 51.851777, 51.868519, 51.885095, 51.901726, 51.918384, 51.935017, 51.951738, 51.968383, 51.985069, 52.001795, 52.018395, 52.035097, 52.053482, 52.068669, 52.085710, 52.101900, 52.118473, 52.135213, 52.151871, 52.168468, 52.185218, 52.201893, 52.218513, 52.238732, 52.251904, 52.268616, 52.285280, 52.303429, 52.318858, 52.335970, 52.352297, 52.369163, 52.385825, 52.402555, 52.419172, 52.435880, 52.452605, 52.469276, 52.485922, 52.502648, 52.519377, 52.536014, 52.554396, 52.569371, 52.586523, 52.602668, 52.619420, 52.636043, 52.652755, 52.669386, 52.686086, 52.702757, 52.719452, 52.736083, 52.752797, 52.769399, 52.786032, 52.804558, 52.819423, 52.836343, 52.852646, 52.869345, 52.885938, 52.902626, 52.919328, 52.935996, 52.952637, 52.969365, 52.986029, 53.002640, 53.019620, 53.036527, 53.054376, 53.069393, 53.086223, 53.102681, 53.119409, 53.136345, 53.152899, 53.169526, 53.186177, 53.202797, 53.219471, 53.236094, 53.252766, 53.269423, 53.286123, 53.304335, 53.319490, 53.336089, 53.352710, 53.369503, 53.387919, 53.402918, 53.419468, 53.436141, 53.452769, 53.469334, 53.485955, 53.502442, 53.519094, 53.535855, 53.552496, 53.571357, 53.585858, 53.602718, 53.619307, 53.635888, 53.652894, 53.669273, 53.686189, 53.702777, 53.719387, 53.736024, 53.752706, 53.769386, 53.786152, 53.802821, 53.819450, 53.839518, 53.853046, 53.869659, 53.886212, 53.902825, 53.919552, 53.936206, 53.952921, 53.969643, 53.986348, 54.002992, 54.019696, 54.036443, 54.053074, 54.070336, 54.086298, 54.104367, 54.119766, 54.136431, 54.153273, 54.169945, 54.186652, 54.203355, 54.220059, 54.236710, 54.253366, 54.270082, 54.286802, 54.303882, 54.320089, 54.336740, 54.358369, 54.370165, 54.386920, 54.403612, 54.420471, 54.437140, 54.453890, 54.470553, 54.487209, 54.503857, 54.520626, 54.537297, 54.554463, 54.570593, 54.587293, 54.603915, 54.622274, 54.637477, 54.654149, 54.670845, 54.687543, 54.704257, 54.720867, 54.737516, 54.754664, 54.771310, 54.787915, 54.804764, 54.821332, 54.838049, 54.854722, 54.873412, 54.888069, 54.904786, 54.921460, 54.938099, 54.954794, 54.971380, 54.988037, 55.004839, 55.021664, 55.038154, 55.055285, 55.071429, 55.088138, 55.104851, 55.123529, 55.138346, 55.154945, 55.171796, 55.188407, 55.205014, 55.221680, 55.238327, 55.255250, 55.271922, 55.288498, 55.305434, 55.321825, 55.338471, 55.355107, 55.373423, 55.388477, 55.405167, 55.421844, 55.438493, 55.455146, 55.471847, 55.490181, 55.505244, 55.521903, 55.539098, 55.555270, 55.571878, 55.588631, 55.605264, 55.623345, 55.638596, 55.655254, 55.673595, 55.688711, 55.705315, 55.721977, 55.738999, 55.755854, 55.772604, 55.789458, 55.805565, 55.822284, 55.838947, 55.855594, 55.874469, 55.892813, 55.905598, 55.922350, 55.938986, 55.955615, 55.972257, 55.988938, 56.005663, 56.022423, 56.039557, 56.055637, 56.072360, 56.089002, 56.105706, 56.124304, 56.139015, 56.155982, 56.172587, 56.189119, 56.205859, 56.222550, 56.239207, 56.256004, 56.272548, 56.289733, 56.306036, 56.322738, 56.339479, 56.356035, 56.374298, 56.389449, 56.406096, 56.422761, 56.439403, 56.456110, 56.473154, 56.489599, 56.506316, 56.523442, 56.539619, 56.556256, 56.572848, 56.589604, 56.606256, 56.624560, 56.639782, 56.656295, 56.672988, 56.689625, 56.706298, 56.722987, 56.739688, 56.756382, 56.773517, 56.789725, 56.806637, 56.823199, 56.840072, 56.856988, 56.876697, 56.889966, 56.906575, 56.923343, 56.939974, 56.956676, 56.973448, 56.990033, 57.006708, 57.023562, 57.041644, 57.056759, 57.073347, 57.090053, 57.106613, 57.123555, 57.141404, 57.156690, 57.173430, 57.190117, 57.206751, 57.223518, 57.240209, 57.256808, 57.277719, 57.290150, 57.306796, 57.323722, 57.340274, 57.356824, 57.373606, 57.392342, 57.406755, 57.423523, 57.440161, 57.456884, 57.473560, 57.490173, 57.507395, 57.523525, 57.540157, 57.556866, 57.573466, 57.590178, 57.606834, 57.623512, 57.642236, 57.656788, 57.673766, 57.690393, 57.707239, 57.723896, 57.740365, 57.757645, 57.773814, 57.790505, 57.807205, 57.823776, 57.840522, 57.857188, 57.873910, 57.892269, 57.907132, 57.923674, 57.940420, 57.957022, 57.973794, 57.990526, 58.007763, 58.023744, 58.040703, 58.057303, 58.073863, 58.090607, 58.107251, 58.123894, 58.142286, 58.157264, 58.173911, 58.190679, 58.207316, 58.224080, 58.240704, 58.257752, 58.274427, 58.290907, 58.309199, 58.324507, 58.340994, 58.357549, 58.374270, 58.392404, 58.407872, 58.424400, 58.440969, 58.457712, 58.474317, 58.493005, 58.507624, 58.524191, 58.540847, 58.557444, 58.574057, 58.590541, 58.607251, 58.623882, 58.640550, 58.659185, 58.677884, 58.690637, 58.707379, 58.723947, 58.740684, 58.757312, 58.774001, 58.790641, 58.807373, 58.824042, 58.840727, 58.857363, 58.874063, 58.890710, 58.909152, 58.924100, 58.940752, 58.957494, 58.974168, 58.991413, 59.007486, 59.024195, 59.040887, 59.057533, 59.074161, 59.090865, 59.107836, 59.124448, 59.140959, 59.159183, 59.174351, 59.191017, 59.207964, 59.224427, 59.241636, 59.257845, 59.274393, 59.291032, 59.308007, 59.324287, 59.340917, 59.357630, 59.374622, 59.391109, 59.409188, 59.424431, 59.441046, 59.457834, 59.474568, 59.491170, 59.507816, 59.524472, 59.541159, 59.557864, 59.574504, 59.591129, 59.607879, 59.624793, 59.641362, 59.660230, 59.674712, 59.691660, 59.708352, 59.724965, 59.742104, 59.758339, 59.775053, 59.791705, 59.808427, 59.824999, 59.841699, 59.858343, 
12, 34, 0, 0.235354, 0.235215, 0.235086, 0.234558, 0.220260, 0.178225, 0.122929, 0.061715, 0.010354, 0.092541, 0.189212, 0.296140, 0.474264, 0.693666, 0.937184, 1.204254, 1.493712, 1.829985, 2.129170, 2.470850, 2.828731, 3.198120, 3.654966, 3.965022, 4.363964, 4.762152, 5.156655, 5.552186, 5.946988, 6.294598, 6.572236, 6.819223, 7.022061, 7.201521, 7.349364, 7.422134, 7.443207, 7.406447, 7.318217, 7.194120, 7.032378, 6.867894, 6.701658, 6.538394, 6.385148, 6.227098, 6.070302, 5.888360, 5.712033, 5.518718, 5.310600, 5.105322, 4.892177, 4.676873, 4.458515, 4.222291, 3.982578, 3.740733, 3.484137, 3.243102, 3.000456, 2.749849, 2.402484, 2.223163, 1.967860, 1.681590, 1.408347, 1.131775, 0.869788, 0.599196, 0.343964, 0.080840, 0.171997, 0.382942, 0.592146, 0.783953, 0.951871, 1.097615, 1.227361, 1.328880, 1.405589, 1.483960, 1.528079, 1.685887, 1.613172, 1.630223, 1.644302, 1.650723, 1.670125, 1.680162, 1.688386, 1.718391, 1.743415, 1.766390, 1.792258, 1.819519, 1.830254, 1.836469, 1.939390, 1.862957, 1.882757, 1.898275, 1.978976, 2.067332, 2.000512, 2.044316, 2.185961, 2.182521, 2.281079, 2.472949, 2.534104, 2.669192, 2.852011, 2.886347, 3.025887, 3.105811, 3.138953, 3.243065, 3.292244, 3.307371, 3.390689, 3.438209, 3.493706, 3.555688, 3.610613, 3.673478, 3.737916, 3.793382, 3.835444, 3.866725, 3.846781, 3.838058, 3.800119, 3.740246, 3.698619, 3.652426, 3.594379, 3.523403, 3.399670, 3.263861, 3.092651, 2.923648, 2.740565, 2.547441, 2.367450, 2.190577, 2.018271, 1.838004, 1.675493, 1.506055, 1.353264, 1.206018, 1.059013, 0.928102, 0.861741, 0.758898, 0.651852, 0.583689, 0.537866, 0.494940, 0.448891, 0.403484, 0.358991, 0.314464, 0.270462, 0.227059, 0.184022, 0.141400, 0.098401, 0.055543, 0.013684, 0.027654, 0.068703, 0.110194, 0.149277, 0.189786, 0.231203, 0.273245, 0.315259, 0.355944, 0.397408, 0.438515, 0.479088, 0.519183, 0.558310, 0.597360, 0.641910, 0.676833, 0.717509, 0.757576, 0.795768, 0.824043, 0.780206, 0.712133, 0.633364, 0.544709, 0.410551, 0.354576, 0.233748, 0.118738, 0.004570, 0.101829, 0.200723, 0.297505, 0.428204, 0.470560, 0.541176, 0.601510, 0.654590, 0.686340, 0.729636, 0.708225, 0.668787, 0.641980, 0.610669, 0.579082, 0.548631, 0.511939, 0.455113, 0.363623, 0.302174, 0.222833, 0.130779, 0.095389, 0.051842, 0.021468, 0.008400, 0.051784, 0.097489, 0.136936, 0.163968, 0.191253, 0.217053, 0.243196, 0.269257, 0.295210, 0.320612, 0.345661, 0.370540, 0.395207, 0.419697, 0.440711, 0.439811, 0.426709, 0.407227, 0.375267, 0.350533, 0.319606, 0.275510, 0.243891, 0.179252, 0.151428, 0.110154, 0.075771, 0.070228, 0.062722, 0.027269, 0.016323, 0.013770, 0.042296, 0.063382, 0.080805, 0.099066, 0.077538, 0.056049, 0.053619, 0.079155, 0.110752, 0.124078, 0.129676, 0.115955, 0.125266, 0.137595, 0.145071, 0.151535, 0.149655, 0.129012, 0.109925, 0.090155, 0.070553, 0.050943, 0.031576, 0.012386, 0.006754, 0.025892, 0.044899, 0.063632, 0.082408, 0.101029, 0.119561, 0.138029, 0.156727, 0.174359, 0.192542, 0.210435, 0.228422, 0.247848, 0.263953, 0.281538, 0.299057, 0.301964, 0.315818, 0.313627, 0.297078, 0.264295, 0.216432, 0.132657, 0.030939, 0.068845, 0.178264, 0.288165, 0.435129, 0.541332, 0.680413, 0.883483, 0.998972, 1.160816, 1.320039, 1.493852, 1.677735, 1.852585, 2.039544, 2.218791, 2.401896, 2.582851, 2.763834, 2.956276, 3.113997, 3.282142, 3.443988, 3.599049, 3.759110, 3.873556, 3.945332, 3.985034, 4.012089, 3.993660, 3.960279, 3.898489, 3.798967, 3.679394, 3.557663, 3.403457, 3.238534, 3.065938, 2.883554, 2.688633, 2.477843, 2.267818, 2.047835, 1.836868, 1.628072, 1.424747, 1.227896, 1.037937, 0.860515, 0.688903, 0.536769, 0.397519, 0.281394, 0.181884, 0.102558, 0.042017, 0.006316, 0.000317, 0.006652, 0.008683, 0.033465, 0.082742, 0.113704, 0.132800, 0.155064, 0.177021, 0.196616, 0.214433, 0.229263, 0.236444, 0.237459, 0.249187, 0.252727, 0.249951, 0.229463, 0.223510, 0.211580, 0.204659, 0.227356, 0.232672, 0.240944, 0.234126, 0.217056, 0.218008, 0.208611, 0.197855, 0.144757, 0.100865, 0.099257, 0.102913, 0.124305, 0.125076, 0.117211, 0.143079, 0.153989, 0.186299, 0.245100, 0.303837, 0.336248, 0.376487, 0.424167, 0.491276, 0.560297, 0.625945, 0.694448, 0.763168, 0.829590, 0.869229, 0.923800, 0.969802, 1.016167, 1.065084, 1.130931, 1.182532, 1.241201, 1.280406, 1.330150, 1.346886, 1.350092, 1.329105, 1.333914, 1.270759, 1.251952, 1.291751, 1.320492, 1.331901, 1.357601, 1.346030, 1.368187, 1.381232, 1.391155, 1.391073, 1.384924, 1.367182, 1.327722, 1.294660, 1.262323, 1.218602, 1.187231, 1.146952, 1.121472, 1.083670, 1.059165, 1.036705, 1.005869, 0.980148, 0.952510, 0.960083, 0.931110, 0.908784, 0.887964, 0.875390, 0.854923, 0.845066, 0.791787, 0.761792, 0.736027, 0.724506, 0.712073, 0.697642, 0.688409, 0.658710, 0.652730, 0.642033, 0.649208, 0.656673, 0.657165, 0.656781, 0.645425, 0.614697, 0.574049, 0.519377, 0.461704, 0.344469, 0.244324, 0.115909, 0.040921, 0.213554, 0.426141, 0.639662, 0.895181, 1.167441, 1.464123, 1.779049, 2.105171, 2.449007, 2.818503, 3.201936, 3.638630, 4.084929, 4.532179, 4.948644, 5.336187, 5.718995, 6.119112, 6.528532, 6.943276, 7.380951, 7.639414, 7.917309, 8.161670, 8.360138, 8.486520, 8.563060, 8.587148, 8.555508, 8.430754, 8.231962, 7.959062, 7.618470, 7.226856, 6.797031, 6.321203, 5.563216, 5.266502, 4.713220, 4.138414, 3.542076, 2.939519, 2.317856, 1.705055, 1.101656, 0.510719, 0.059015, 0.588532, 1.300816, 1.533436, 1.931741, 2.419608, 2.652998, 2.872255, 3.035922, 3.136536, 3.176174, 3.212991, 3.176176, 3.100494, 2.965980, 2.840404, 2.680814, 2.528883, 2.395821, 2.239015, 2.052852, 1.927849, 1.782715, 1.632538, 1.484519, 1.335336, 1.192067, 1.050466, 0.946878, 0.828259, 0.739341, 0.648665, 0.559381, 0.483588, 0.418124, 0.350860, 0.300642, 0.230246, 0.200129, 0.179752, 0.140396, 0.142085, 0.139938, 0.134866, 0.145151, 0.148082, 0.160029, 0.192832, 0.225150, 0.247708, 0.282981, 0.306104, 0.314127, 0.318084, 0.320494, 0.318729, 0.316456, 0.315723, 0.321282, 0.308718, 0.324598, 0.325699, 0.326590, 0.341954, 0.346329, 0.339722, 0.341480, 0.343752, 0.345276, 0.336013, 0.297732, 0.294880, 0.297714, 0.297158, 0.262073, 0.236250, 0.207958, 0.210952, 0.178302, 0.182224, 0.165189, 0.132353, 0.164395, 0.142757, 0.159319, 0.177446, 0.199224, 0.210248, 0.212522, 0.228079, 0.255100, 0.290854, 0.325609, 0.355493, 0.408972, 0.458506, 0.536898, 0.586190, 0.596377, 0.629103, 0.656546, 0.696824, 0.710720, 0.745313, 0.722566, 0.703826, 0.662268, 0.624271, 0.542812, 0.460786, 0.386445, 0.275711, 0.139402, 0.014637, 0.152952, 0.353619, 0.549756, 0.732197, 0.940737, 1.157108, 1.373002, 1.589339, 1.802989, 2.032617, 2.221827, 2.423598, 2.620162, 2.808641, 2.989094, 3.160126, 3.302605, 3.435290, 3.532937, 3.628513, 3.613115, 3.608453, 3.632911, 3.444347, 3.313361, 3.130640, 2.947592, 2.670135, 2.410125, 2.142696, 1.860076, 1.574313, 1.289180, 0.992114, 0.700993, 0.419610, 0.155662, 0.093513, 0.342677, 0.559677, 0.770794, 0.968918, 1.146491, 1.307640, 1.441322, 1.546619, 1.636097, 1.711716, 1.766589, 1.798024, 1.813496, 1.811159, 1.802689, 1.780600, 1.745105, 1.699267, 1.648976, 1.587844, 1.514220, 1.447625, 1.380715, 1.301567, 1.230910, 1.151066, 1.058164, 0.971173, 0.891272, 0.802162, 0.711762, 0.613302, 0.505288, 0.399877, 0.298870, 0.192545, 0.096446, 0.005716, 0.107655, 0.199740, 0.295090, 0.369104, 0.457513, 0.538706, 0.626702, 0.717228, 0.814285, 0.925047, 1.017787, 1.118852, 1.229482, 1.330113, 1.411795, 1.534058, 1.611354, 1.697477, 1.778874, 1.860263, 1.940559, 1.988498, 2.035888, 2.080459, 2.086369, 2.076907, 2.049101, 2.036677, 1.935163, 1.730654, 1.749891, 1.630696, 1.505261, 1.373813, 1.233285, 1.116353, 0.980790, 0.746371, 0.671518, 0.502639, 0.338418, 0.178587, 0.023041, 0.138894, 0.403048, 0.399308, 0.521768, 0.667471, 0.751675, 0.789957, 0.801101, 0.794618, 0.763846, 0.699544, 0.616017, 0.508142, 0.391741, 0.266169, 0.141887, 0.001191, 0.122274, 0.231304, 0.330172, 0.415820, 0.478210, 0.501716, 0.518794, 0.424823, 0.516979, 0.518748, 0.406667, 0.493747, 0.474318, 0.152841, 0.078498, 0.093689, 0.116672, 0.221712, 0.338377, 0.490263, 0.634938, 0.799205, 0.959357, 1.129288, 1.293343, 1.439294, 1.577386, 1.682324, 1.764988, 1.808702, 1.815745, 1.796433, 1.740682, 1.641873, 1.516890, 1.371593, 1.234657, 1.074368, 0.912048, 0.771064, 0.619044, 0.476362, 0.329607, 0.178991, 0.045780, 0.068753, 0.132605, 0.207276, 0.265278, 0.312166, 0.360141, 0.391721, 0.409667, 0.400313, 0.387545, 0.297165, 0.204887, 0.094651, 0.038860, 0.222936, 0.420542, 0.633452, 0.872878, 1.135530, 1.423074, 1.706178, 2.010040, 2.322867, 2.596421, 2.860315, 3.056162, 3.207017, 3.373872, 3.396530, 3.436553, 3.531838, 3.431253, 3.397155, 3.332414, 3.248443, 3.136857, 3.005363, 2.853237, 2.660846, 2.488006, 2.294125, 2.117489, 1.926231, 1.728866, 1.536039, 1.314617, 1.106852, 0.891255, 0.685616, 0.477758, 0.287221, 0.083974, 0.047415, 0.157765, 0.224911, 0.280430, 0.235456, 0.311306, 0.298417, 0.132660, 0.128613, 0.136439, 0.309682, 0.489478, 0.727634, 0.947042, 1.020688, 1.386042, 1.459880, 1.678456, 2.024605, 2.076235, 2.395203, 2.544224, 2.691074, 2.798514, 2.884030, 2.960368, 3.016637, 3.046549, 3.045557, 3.019000, 2.980154, 2.924782, 2.866279, 2.793393, 2.716881, 2.614381, 2.512573, 2.385794, 2.206886, 2.066833, 1.922043, 1.764553, 1.608902, 1.423064, 1.216575, 1.017574, 0.851751, 0.680063, 0.508206, 0.338047, 0.172864, 0.004900, 0.134023, 0.242182, 0.342912, 0.435042, 0.498167, 0.563566, 0.604629, 0.633749, 0.647912, 0.644973, 0.628510, 0.606517, 0.572659, 0.524671, 0.462602, 0.387501, 0.307622, 0.221234, 0.137901, 0.056665, 0.031901, 0.127362, 0.243532, 0.363501, 0.511131, 0.674654, 0.952974, 1.134217, 1.314470, 1.480455, 1.630512, 1.765714, 1.868047, 1.961505, 2.029771, 2.127593, 2.141111, 2.158758, 2.167850, 2.167718, 2.182032, 2.188089, 2.204323, 2.221559, 2.254643, 2.278406, 2.344652, 2.482851, 2.512662, 2.615719, 2.724709, 2.856410, 3.006769, 3.142187, 3.281909, 3.416230, 3.546724, 3.680057, 3.800284, 3.919616, 4.060890, 4.200302, 4.338578, 4.457276, 4.541568, 4.650769, 4.725920, 4.729420, 4.698710, 4.639796, 4.553162, 4.441887, 4.299917, 4.029397, 3.916773, 3.668054, 3.282377, 3.100534, 2.656018, 2.337532, 2.140929, 1.657555, 1.325984, 1.149403, 0.718734, 0.425903, 0.170933, 0.113928, 0.383330, 0.629174, 0.869096, 1.094840, 1.301608, 1.491430, 1.656806, 1.809239, 1.933498, 2.013150, 2.095920, 2.148321, 2.183215, 2.187891, 2.167925, 2.120815, 2.086309, 2.042928, 1.998271, 1.945621, 1.887287, 1.830638, 1.772364, 1.671766, 1.563012, 1.459815, 1.383099, 1.301061, 1.213774, 1.121258, 1.014370, 0.877500, 0.788649, 0.673721, 0.558823, 0.443308, 0.326638, 0.209654, 0.092084, 0.022861, 0.114495, 0.190444, 0.241203, 0.290438, 0.324376, 0.354182, 0.405763, 0.455936, 0.490771, 0.510725, 0.530899, 0.546508, 0.559714, 0.568199, 0.556211, 0.551757, 0.562960, 0.578493, 0.585542, 0.606312, 0.619489, 0.629223, 0.636674, 0.627648, 0.590443, 0.456982, 0.458264, 0.379539, 0.277185, 0.173394, 0.074222, 0.022808, 0.095545, 0.177679, 0.237761, 0.280788, 0.315978, 0.345833, 0.356189, 0.377680, 0.466337, 0.444978, 0.498210, 0.592367, 0.689645, 0.803089, 0.899574, 1.002431, 1.090951, 1.156491, 1.229330, 1.287467, 1.335919, 1.383176, 1.441323, 1.584575, 1.566784, 1.674814, 1.657884, 1.702101, 1.742928, 1.768521, 1.779323, 1.873232, 1.903561, 1.873585, 1.981562, 2.037755, 2.083195, 2.125180, 2.215960, 2.279741, 2.361672, 2.456119, 2.555305, 2.652706, 2.715179, 2.824748, 2.901961, 2.964408, 2.999230, 3.010690, 3.008241, 2.998264, 2.960254, 2.907462, 2.849154, 2.787456, 2.707324, 2.596694, 2.472355, 2.340990, 2.197684, 2.030370, 1.873870, 1.668971, 1.462446, 1.271982, 1.056361, 0.818090, 0.512292, 0.209090, 0.099000, 0.389574, 0.667813, 0.928903, 1.153693, 1.397986, 1.643484, 1.729418, 2.001408, 2.228595, 2.393630, 2.549923, 2.678159, 2.784373, 2.823858, 2.821939, 2.774165, 2.693300, 2.545946, 2.357595, 2.112847, 1.822436, 1.483870, 1.087664, 0.636744, 0.159182, 0.370105, 0.925861, 1.624459, 2.133769, 2.768684, 3.429276, 4.084866, 4.750636, 5.410449, 6.072458, 6.709507, 7.343724, 8.050839, 8.519530, 9.039724, 9.479412, 9.898867, 10.272641, 10.617973, 10.848604, 11.011301, 11.013381, 11.082137, 10.987405, 10.794486, 10.492278, 10.154623, 9.755500, 9.327236, 8.875286, 8.372608, 7.865771, 7.029786, 6.761573, 6.195238, 5.638656, 5.062886, 4.283653, 3.960842, 3.177133, 2.951603, 2.489555, 1.832036, 1.681566, 1.339543, 0.843997, 0.763528, 0.376204, 0.198602, 0.193088, 0.056221, 0.145250, 0.212222, 0.281489, 0.348732, 0.401470, 0.444392, 0.493597, 0.519784, 0.548837, 0.565296, 0.566730, 0.561587, 0.561426, 0.542088, 0.541662, 0.527699, 0.512571, 0.514356, 0.544690, 0.579877, 0.612669, 0.670428, 0.727213, 0.802154, 0.883768, 0.959548, 1.036462, 1.105779, 1.181514, 1.234970, 1.261994, 1.284045, 1.293257, 1.299238, 1.292294, 1.253817, 1.211702, 1.168568, 1.106063, 1.048066, 0.973737, 0.862518, 0.768727, 0.623376, 0.511978, 0.358563, 0.213695, 0.083402, 0.029149, 0.158443, 0.289916, 0.411772, 0.535496, 0.663577, 0.803100, 0.903991, 1.022323, 1.140277, 1.251852, 1.380341, 1.504867, 1.569258, 1.629469, 1.673082, 1.691312, 1.691549, 1.672708, 1.599217, 1.569866, 1.496979, 1.435890, 1.263510, 1.265502, 1.178092, 1.090724, 1.013421, 0.959653, 0.900396, 0.843668, 0.787544, 0.753606, 0.729852, 0.707197, 0.671610, 0.620887, 0.580550, 0.486082, 0.513702, 0.468849, 0.419256, 0.356777, 0.287703, 0.220855, 0.142725, 0.065009, 0.000855, 0.054884, 0.094245, 0.172652, 0.151519, 0.182523, 0.263094, 0.248012, 0.283298, 0.393611, 0.384304, 0.523171, 0.588664, 0.653228, 0.726040, 0.783237, 0.828959, 0.861386, 0.874902, 0.855465, 0.842371, 0.787406, 0.753804, 0.702118, 0.648823, 0.576275, 0.524022, 0.510087, 0.482048, 0.467964, 0.466970, 0.417040, 0.412340, 0.398504, 0.385589, 0.361643, 0.324433, 0.263254, 0.211176, 0.164361, 0.137457, 0.100256, 0.054069, 0.026302, 0.031369, 0.053630, 0.051351, 0.021091, 0.010672, 0.035010, 0.074915, 0.100507, 0.118279, 0.135086, 0.105790, 0.069210, 0.048978, 0.011269, 0.018757, 0.054421, 0.137049, 0.226520, 0.315342, 0.374303, 0.431307, 0.485593, 0.539611, 0.590829, 0.630331, 0.658605, 0.693074, 0.707216, 0.721249, 0.741593, 0.762560, 0.784232, 0.811943, 0.840915, 0.815547, 0.877048, 0.947095, 1.024729, 1.144359, 1.224167, 1.312340, 1.390584, 1.454255, 1.529489, 1.580638, 1.635510, 1.691354, 1.746992, 1.775196, 1.832622, 1.907036, 1.973031, 2.019519, 2.155045, 2.257057, 2.335456, 2.409431, 2.468408, 2.512335, 2.553827, 2.574527, 2.576459, 2.508524, 2.540280, 2.507189, 2.466509, 2.412259, 2.257527, 2.185282, 2.042342, 1.905090, 1.862850, 1.576145, 1.527690, 1.346790, 1.040568, 0.852706, 0.658592, 0.451613, 0.251141, 0.072968, 0.083604, 0.230409, 0.350668, 0.451738, 0.520073, 0.600204, 0.649831, 0.669705, 0.644136, 0.582008, 0.430084, 0.344029, 0.149969, 0.042844, 0.262131, 0.487190, 0.761245, 1.059202, 1.383190, 1.644613, 1.955927, 2.208345, 2.488964, 2.739124, 2.970307, 3.220159, 3.443681, 3.593863, 3.720198, 3.817432, 3.877975, 3.931839, 3.931895, 3.915894, 3.860308, 3.776747, 3.679992, 3.554575, 3.419772, 3.301224, 3.169734, 3.074415, 3.000012, 2.948409, 2.910938, 2.890924, 2.870345, 2.858981, 2.846890, 2.859732, 2.847260, 2.860343, 2.889080, 2.905262, 2.929674, 2.943631, 2.964928, 2.975731, 2.979009, 2.966617, 2.946106, 2.915586, 2.857132, 2.793949, 2.702308, 2.594579, 2.482653, 2.376398, 2.246887, 2.132748, 2.005518, 1.913671, 1.775745, 1.663942, 1.547886, 1.417966, 1.288509, 1.153102, 1.006715, 0.879939, 0.724778, 0.585814, 0.438079, 0.294615, 0.161135, 0.027066, 0.090567, 0.331999, 0.333801, 0.443592, 0.581127, 0.712972, 0.992190, 0.975995, 1.107958, 1.259868, 1.423705, 1.570199, 1.677982, 1.793534, 1.891335, 1.990560, 2.058740, 2.118487, 2.152847, 2.205535, 2.251242, 2.430062, 2.395672, 2.360344, 2.370107, 2.385223, 2.401977, 2.387572, 2.479063, 2.336278, 2.294700, 2.314584, 2.151559, 2.077579, 2.077353, 1.887630, 1.818125, 1.652641, 1.430225, 1.311004, 1.133194, 0.889788, 0.753314, 0.564718, 0.331959, 0.244922, 0.102697, 0.060785, 0.202367, 0.344977, 0.473987, 0.627511, 0.787999, 0.960464, 1.131147, 1.295137, 1.471115, 1.646951, 1.814543, 1.976898, 2.128924, 2.259438, 2.380220, 2.493050, 2.593830, 2.693395, 2.778278, 2.841183, 2.904603, 2.951151, 2.988538, 3.047915, 3.068911, 3.068087, 3.054541, 3.017362, 2.941001, 2.853127, 2.733134, 2.602582, 2.447948, 2.285678, 2.106795, 1.922804, 1.738569, 1.551869, 1.359263, 1.170559, 0.973522, 0.776602, 0.592683, 0.393003, 0.211009, 0.053071, 0.083771, 0.184341, 0.273457, 0.496860, 0.416176, 0.421864, 0.406875, 0.375816, 0.329693, 0.263915, 0.201011, 0.118934, 0.042716, 0.069362, 0.136730, 0.229271, 0.344857, 0.457889, 0.502350, 0.690898, 0.808174, 0.943375, 1.068317, 1.188271, 1.308361, 1.435395, 1.489589, 1.615765, 1.684660, 1.731342, 1.748889, 1.708225, 1.759342, 1.674412, 1.761701, 1.744687, 1.723728, 1.677029, 1.628603, 1.427856, 1.452315, 1.314780, 1.014072, 1.007230, 0.664151, 0.453419, 0.402296, 0.046462, 0.181695, 0.237181, 0.651149, 0.893896, 1.165322, 1.452119, 1.746433, 2.059464, 2.384928, 2.716076, 3.062800, 3.412428, 3.750264, 4.057683, 4.357331, 4.644190, 4.918292, 5.178109, 5.392976, 5.558820, 5.667563, 5.742200, 5.751872, 5.716829, 5.636594, 5.497419, 5.352748, 5.120254, 4.890811, 4.659650, 4.426153, 4.194897, 3.964956, 3.735722, 3.505822, 3.281002, 3.054322, 2.828445, 2.605819, 2.383335, 2.161653, 1.966035, 1.810550, 1.628396, 1.518165, 1.425805, 1.337877, 1.254343, 1.194187, 1.158229, 1.132857, 1.122697, 1.111412, 1.111870, 1.122407, 1.126877, 1.126232, 1.117465, 1.116215, 1.123372, 1.136009, 1.159793, 1.291491, 1.290435, 1.318963, 1.309363, 1.290133, 1.259199, 1.215532, 1.150183, 1.062079, 0.954847, 0.846845, 0.728809, 0.604061, 0.469851, 0.309938, 0.125619, 0.039305, 0.204459, 0.407711, 0.633706, 0.860818, 1.070966, 1.321573, 1.474797, 1.678229, 1.894174, 2.092813, 2.299698, 2.501633, 2.624321, 2.793714, 2.911778, 2.990887, 3.058498, 3.089794, 3.107870, 3.092736, 3.060623, 3.010482, 2.942128, 2.865366, 2.771936, 2.686256, 2.574817, 2.336389, 2.338307, 2.227244, 2.113852, 1.995183, 1.888018, 1.672398, 1.686025, 1.464382, 1.357550, 1.371082, 1.179946, 1.074379, 1.092546, 0.868884, 0.778915, 0.696484, 0.610203, 0.510261, 0.421897, 0.332584, 0.244044, 0.158867, 0.082424, 0.002071, 0.061513, 0.119360, 0.177429, 0.220926, 0.239825, 0.249066, 0.256711, 0.269465, 0.265397, 0.272845, 0.268170, 0.268390, 0.276229, 0.276287, 0.274692, 0.264024, 0.251827, 0.237218, 0.212188, 0.184489, 0.160728, 0.125543, 0.092114, 0.049584, 0.004127, 0.050987, 0.118308, 0.189089, 0.255821, 0.328986, 0.409661, 0.485750, 0.567061, 0.646395, 0.647497, 0.631983, 0.614666, 0.605099, 0.556555, 0.519584, 0.499517, 0.465996, 0.426028, 0.374459, 0.305402, 0.222498, 0.106432, 0.020868, 0.177827, 0.336565, 0.611182, 0.731948, 0.959834, 1.209137, 1.481812, 1.767781, 2.070692, 2.530189, 2.792373, 3.199338, 3.629705, 4.119626, 4.625928, 5.125283, 5.645155, 6.287789, 6.690864, 7.256962, 7.833967, 8.418033, 8.984166, 9.529390, 10.045056, 10.520062, 11.009678, 11.305358, 11.629470, 11.897802, 12.118641, 12.297465, 12.318569, 12.359408, 12.271894, 12.087851, 11.770327, 11.159549, 10.914398, 10.396299, 9.529409, 8.878474, 8.466983, 7.385808, 6.882894, 5.597782, 4.556822, 3.419564, 2.237388, 0.985806, 0.151515, 1.851985, 3.395854, 4.955047, 6.491453, 7.961815, 9.360557, 10.664723, 11.860351, 12.970096, 14.021414, 14.985091, 15.845167, 16.605427, 17.248030, 17.782211, 18.202906, 18.527271, 18.752665, 18.876181, 18.894276, 18.790857, 18.599610, 18.337319, 17.957035, 17.474585, 16.908746, 16.269981, 15.559663, 14.778947, 13.929238, 13.034091, 12.095746, 11.105917, 10.064927, 8.993763, 7.897776, 6.797763, 5.709733, 4.668379, 3.680953, 2.732665, 1.865382, 1.070483, 0.342970, 0.297958, 0.885142, 1.441819, 1.889467, 2.310939, 2.666187, 2.980098, 3.204294, 3.388655, 3.571349, 3.753750, 3.881043, 4.041519, 4.213448, 4.370298, 4.513426, 4.671753, 4.854613, 5.055917, 5.220432, 5.409020, 5.589957, 5.771835, 5.959243, 6.144199, 6.331408, 6.499676, 6.534696, 6.636957, 6.678465, 6.711351, 6.710480, 6.687846, 6.654426, 6.609770, 6.510839, 6.484065, 6.442458, 6.414391, 6.387637, 6.350975, 6.317552, 6.192720, 6.223920, 6.153275, 6.097638, 6.051412, 6.006815, 5.983239, 5.907077, 5.976669, 6.009687, 5.971538, 6.014713, 6.093417, 6.039007, 6.028789, 6.019656, 5.997189, 5.975439, 5.932692, 5.864756, 5.800841, 5.701668, 5.585624, 5.452634, 5.309797, 5.150511, 4.975873, 4.794424, 4.627093, 4.440911, 4.237801, 4.036223, 3.849461, 3.672098, 3.527793, 3.398028, 3.328624, 3.340484, 3.423304, 3.603569, 3.898342, 4.346381, 4.875603, 5.541869, 6.323489, 7.200802, 8.190149, 9.270014, 10.449772, 11.693686, 13.008262, 14.380866, 15.794855, 17.209540, 18.627075, 20.034585, 21.399007, 22.735903, 24.056561, 25.325714, 26.852305, 27.639827, 28.670999, 29.583544, 30.421475, 31.189169, 31.890562, 32.517836, 33.066006, 33.532498, 33.931931, 34.247574, 34.443766, 34.429237, 34.482196, 34.428985, 34.289465, 34.068657, 33.753421, 33.346325, 32.861980, 32.303294, 31.649079, 30.868369, 30.003148, 29.016417, 27.925817, 26.746446, 25.500057, 24.211881, 22.400740, 21.575082, 20.220039, 18.857995, 17.052616, 16.194125, 14.895132, 13.656771, 12.007888, 11.320233, 10.264587, 8.939687, 8.448097, 7.687576, 7.016219, 6.170415, 5.866740, 5.395040, 4.986908, 4.640299, 4.353198, 4.147517, 3.898990, 3.852023, 3.894517, 3.949609, 4.063201, 4.261448, 4.462832, 4.680033, 5.020868, 5.335136, 5.622976, 5.920554, 6.140822, 6.346820, 6.509732, 6.607863, 6.614541, 6.559617, 6.437970, 6.264211, 6.026377, 5.734186, 5.372149, 4.982144, 4.566784, 4.132488, 3.754593, 3.266916, 2.856060, 2.672812, 2.140565, 1.830247, 1.557330, 1.337392, 1.161292, 0.995913, 0.867009, 0.751083, 0.650738, 0.562625, 0.503644, 0.463004, 0.428643, 0.411528, 0.444383, 0.501470, 0.567915, 0.668064, 0.775519, 0.881325, 0.984562, 1.082731, 1.164893, 1.230822, 1.261449, 1.276217, 1.268970, 1.266305, 1.282573, 1.297593, 1.255238, 1.202057, 1.142417, 1.082493, 0.992272, 0.875773, 0.750582, 0.609060, 0.440825, 0.261356, 0.070373, 0.101081, 0.274336, 0.437568, 0.576605, 0.688950, 0.818762, 0.946800, 1.060715, 1.190523, 1.310755, 1.422264, 1.532114, 1.608766, 1.640668, 1.621085, 1.555314, 1.443677, 1.273455, 1.064343, 0.797218, 0.571197, 0.295468, 0.020875, 0.252357, 0.523393, 0.795299, 1.065855, 1.336513, 1.610044, 1.886215, 2.163053, 2.441290, 2.731872, 3.011150, 3.272988, 3.513272, 3.657376, 3.787926, 3.905207, 3.992064, 4.032693, 4.037266, 4.009950, 3.992593, 3.859817, 3.938394, 3.893915, 3.851735, 3.797289, 3.722143, 3.639444, 3.555141, 3.462573, 3.370164, 3.209662, 3.179089, 3.076338, 2.992335, 2.887920, 2.655035, 2.675595, 2.565178, 2.475553, 2.357907, 2.258130, 2.160702, 2.071254, 1.977005, 1.872700, 1.654163, 1.672857, 1.441404, 1.343102, 1.377116, 1.165786, 1.092461, 1.143932, 0.967567, 0.865977, 0.897069, 0.655040, 0.517379, 0.370857, 0.206494, 0.020171, 0.153654, 0.340681, 0.500425, 0.638940, 0.731418, 0.804197, 0.833110, 0.829908, 0.793303, 0.718165, 0.615474, 0.477042, 0.321403, 0.158930, 0.020279, 0.196825, 0.372751, 0.539230, 0.705457, 0.872040, 1.058429, 1.254430, 1.418363, 1.590512, 1.779638, 1.974370, 2.138853, 2.283565, 2.423863, 2.523879, 2.619924, 2.703588, 2.806526, 2.890229, 2.958958, 3.021343, 3.088404, 3.130665, 3.167494, 3.189745, 3.196489, 3.161282, 3.103143, 3.029591, 2.927137, 2.804956, 2.660380, 2.476671, 2.279399, 2.049259, 1.805970, 1.563227, 1.307073, 1.057999, 0.820262, 0.577539, 0.320872, 0.061788, 0.162359, 0.383077, 0.566682, 0.762532, 0.917422, 1.049726, 1.278370, 1.251644, 1.397349, 1.404677, 1.363325, 1.428797, 1.335758, 1.287200, 1.269418, 1.122715, 0.983224, 0.816588, 0.615476, 0.458478, 0.245997, 0.009251, 0.202445, 0.385584, 0.597296, 0.752519, 0.929965, 1.139229, 1.312757, 1.506317, 1.710545, 1.886482, 2.058464, 2.192780, 2.307735, 2.410153, 2.498081, 2.570459, 2.640416, 2.707825, 2.768761, 2.826725, 2.913620, 2.967903, 3.039641, 3.046822, 3.037104, 2.994904, 2.915333, 2.811342, 2.652940, 2.485224, 2.309548, 2.102367, 1.892199, 1.667692, 1.440874, 1.228216, 1.021643, 0.830431, 0.627707, 0.430538, 0.226242, 0.029975, 0.158068, 0.336705, 0.499195, 0.646348, 0.797434, 0.934811, 1.071062, 1.175171, 1.264771, 1.324773, 1.368993, 1.383715, 1.390104, 1.370051, 1.364034, 1.338133, 1.319256, 1.297017, 1.314680, 1.252468, 1.249746, 1.240875, 1.226681, 1.230342, 1.239488, 1.238852, 1.224508, 1.212631, 1.197421, 1.182595, 1.142038, 1.103079, 1.046990, 0.988855, 0.945643, 0.859752, 0.819394, 0.781058, 0.757847, 0.733547, 0.711197, 0.705907, 0.716151, 0.713777, 0.704662, 0.691919, 0.676210, 0.640568, 0.618655, 0.636708, 0.572702, 0.561209, 0.552115, 0.526342, 0.503212, 0.463672, 0.425497, 0.396538, 0.357444, 0.312648, 0.293438, 0.213549, 0.146585, 0.074897, 0.038278, 0.000485, 0.068180, 0.142301, 0.176465, 0.211775, 0.277287, 0.259354, 0.277817, 0.175391, 0.242537, 0.354610, 0.415833, 0.522175, 0.665152, 0.805676, 0.914135, 1.024846, 0.992957, 1.000051, 1.051272, 1.084509, 1.113807, 1.135561, 1.153557, 1.171847, 1.200324, 1.222239, 1.227323, 1.257276, 1.284593, 1.308853, 1.321154, 1.331946, 1.331987, 1.297334, 1.248998, 1.212732, 1.155462, 1.084050, 1.010041, 0.933742, 0.836260, 0.731055, 0.627422, 0.529313, 0.419309, 0.307895, 0.189163, 0.069084, 0.049100, 0.159638, 0.272195, 0.393857, 0.527574, 0.659932, 0.773035, 0.865690, 0.950080, 1.025864, 1.098235, 1.172509, 1.229879, 1.269315, 1.306947, 1.332461, 1.362147, 1.391345, 1.408951, 1.418407, 1.552321, 1.552716, 1.573338, 1.598774, 1.621105, 1.645599, 1.679933, 1.751898, 1.835178, 1.933669, 2.048513, 2.174564, 2.341787, 2.545074, 2.758564, 2.988218, 3.250374, 3.535732, 3.845229, 4.154608, 4.579678, 4.884546, 5.277873, 5.707631, 6.179900, 6.792602, 7.182450, 7.712339, 8.239088, 8.770313, 9.317780, 9.883568, 10.431637, 10.983964, 11.524741, 12.178908, 12.618247, 13.328697, 13.732671, 14.287251, 14.825543, 15.387146, 15.914508, 16.434104, 16.942674, 17.439256, 17.925465, 18.491865, 18.850207, 19.273385, 19.680618, 20.141604, 20.482880, 20.876177, 21.257655, 21.627593, 21.989879, 22.394605, 22.724306, 23.078611, 23.489209, 23.809472, 24.185348, 24.620576, 24.955708, 25.344538, 25.803650, 26.144805, 26.646440, 27.012260, 27.466378, 28.023738, 28.479583, 28.825048, 29.209527, 29.460353, 29.579392, 29.577438, 29.447510, 29.157897, 28.707114, 28.020095, 27.081930, 25.884618, 24.472236, 22.876383, 21.127063, 19.262853, 17.337649, 15.377614, 13.448359, 11.578247, 9.821383, 8.170913, 6.673579, 5.274685, 3.975436, 2.735547, 1.592480, 0.564024, 0.353504, 1.178137, 1.905381, 2.560076, 3.182756, 3.742093, 4.301298, 4.792294, 5.233970, 5.629336, 5.969133, 6.251646, 6.484504, 6.660828, 6.778311, 6.839939, 6.830021, 6.750111, 6.621693, 6.397863, 6.103585, 5.848116, 5.539136, 5.133699, 4.696027, 4.235345, 3.757204, 3.254976, 2.753511, 2.262983, 1.785393, 1.321729, 0.862289, 0.428772, 0.015644, 0.354977, 0.698051, 1.017641, 1.300181, 1.574650, 1.827294, 1.961363, 2.099045, 2.182885, 2.240182, 2.240407, 2.195583, 2.106372, 1.989792, 1.839068, 1.680127, 1.482139, 1.291403, 1.082613, 0.888940, 0.710668, 0.433760, 0.387640, 0.369935, 0.295294, 0.240743, 0.178967, 0.138630, 0.089897, 0.039183, 0.007920, 0.057063, 0.256329, 0.359889, 0.456484, 0.529740, 0.689445, 0.652212, 0.710479, 0.764642, 0.896719, 0.866825, 0.918704, 1.038506, 1.028937, 1.096321, 1.273852, 1.307296, 1.449647, 1.687781, 1.731326, 1.946893, 2.073260, 2.105153, 2.307286, 2.416688, 2.433116, 2.623998, 2.704664, 2.765327, 2.820989, 2.878764, 2.875506, 2.844618, 2.800206, 2.694580, 2.610820, 2.486688, 2.327975, 2.168864, 2.008513, 1.848785, 1.687869, 1.512271, 1.289485, 1.060149, 0.799232, 0.515736, 0.234934, 0.043376, 0.318073, 0.582231, 0.843561, 1.040829, 1.265448, 1.447567, 1.626803, 1.806325, 1.939736, 2.031667, 2.105633, 2.155160, 2.192190, 2.196138, 2.182955, 2.150021, 2.120185, 2.083748, 2.048902, 2.001210, 1.941541, 1.868974, 1.792703, 1.722800, 1.661995, 1.592428, 1.520026, 1.451871, 1.388270, 1.309936, 1.244244, 1.178230, 1.125866, 1.048442, 0.988461, 0.915424, 0.840275, 0.756525, 0.675652, 0.602204, 0.531510, 0.473950, 0.411529, 0.372889, 0.342313, 0.315109, 0.232182, 0.302731, 0.283856, 0.139003, 0.245742, 0.361765, 0.497556, 0.623125, 0.761207, 0.903832, 1.047970, 1.175726, 1.312688, 1.418752, 1.546031, 1.585789, 1.771185, 1.891607, 1.983397, 2.071788, 2.158220, 2.236396, 2.292858, 2.327043, 2.338388, 2.323038, 2.311339, 2.257834, 2.178490, 2.070841, 1.794299, 1.812091, 1.484699, 1.301627, 1.289975, 0.933340, 0.743292, 0.569659, 0.373524, 0.208716, 0.205743, 0.118888, 0.286242, 0.430252, 0.568981, 0.703137, 0.807586, 0.897539, 0.950580, 0.991195, 0.985972, 0.956889, 0.878030, 0.815958, 0.716340, 0.595619, 0.465349, 0.294678, 0.165893, 0.025934, 0.102226, 0.237322, 0.335196, 0.412321, 0.465242, 0.510367, 0.550138, 0.592183, 0.614990, 0.634238, 0.651544, 0.662710, 0.665651, 0.660597, 0.657213, 0.642938, 0.623599, 0.576167, 0.502349, 0.433300, 0.354944, 0.284851, 0.144048, 0.036082, 0.066378, 0.161714, 0.256456, 0.337897, 0.413539, 0.494576, 0.584621, 0.674911, 0.741468, 0.822019, 0.905103, 0.971274, 1.022185, 1.131113, 1.148886, 1.183445, 1.218971, 1.259568, 1.308971, 1.338924, 1.363229, 1.461123, 1.397703, 1.392096, 1.370237, 1.335650, 1.294336, 1.241485, 1.183782, 1.115843, 1.050203, 0.988177, 0.918737, 0.850489, 0.775171, 0.708040, 0.668554, 0.545748, 0.477313, 0.404679, 0.353490, 0.294905, 0.310174, 0.215064, 0.186888, 0.171967, 0.165127, 0.166100, 0.183724, 0.199718, 0.297547, 0.347529, 0.325717, 0.457853, 0.421578, 0.476490, 0.628365, 0.621801, 0.815360, 0.934887, 0.951709, 1.175381, 1.309971, 1.339292, 1.559389, 1.674101, 1.783949, 1.881073, 1.945448, 1.995993, 2.029950, 2.041254, 2.038241, 2.006356, 1.973526, 1.925197, 1.865367, 1.808659, 1.718122, 1.599454, 1.486262, 1.379395, 1.276225, 1.185431, 1.098294, 1.005635, 0.907640, 0.835961, 0.845630, 0.829965, 0.800141, 0.816332, 0.815575, 0.861351, 0.912428, 0.989799, 1.103691, 1.236149, 1.389117, 1.562898, 1.770379, 2.012408, 2.267291, 2.543876, 2.835476, 3.129075, 3.409536, 3.670939, 3.917013, 4.148319, 4.357124, 4.503628, 4.680991, 4.818641, 4.964660, 5.088656, 5.185597, 5.230709, 5.244172, 5.222722, 5.158729, 5.058594, 4.912712, 4.759420, 4.561343, 4.360468, 4.014002, 3.886741, 3.652631, 3.381359, 3.134574, 2.884618, 2.635231, 2.398476, 2.172449, 1.953529, 1.743746, 1.544631, 1.362051, 1.193614, 1.032213, 0.788653, 0.714136, 0.591141, 0.472798, 0.359203, 0.207403, 0.157081, 0.085157, 0.016952, 0.058554, 0.177388, 0.218036, 0.317886, 0.396839, 0.467239, 0.580651, 0.591210, 0.662145, 0.726694, 0.854628, 0.885356, 0.950489, 1.054624, 1.075534, 1.142039, 1.259846, 1.274406, 1.379133, 1.428408, 1.423208, 1.492423, 1.514410, 1.489820, 1.490379, 1.481888, 1.408004, 1.400246, 1.350981, 1.265041, 1.183646, 1.128863, 1.052524, 0.963509, 0.873981, 0.783261, 0.692344, 0.600491, 0.507689, 0.414760, 0.320775, 0.226051, 0.130185, 0.034244, 0.062233, 0.159185, 0.257288, 0.356421, 0.455732, 0.469033, 0.538401, 0.595273, 0.638285, 0.647357, 0.629556, 0.591819, 0.525038, 0.444002, 0.336551, 0.221517, 0.100029, 0.036697, 0.186372, 0.363616, 0.549118, 0.768122, 0.989902, 1.228161, 1.463091, 1.703919, 1.945863, 2.163429, 2.349058, 2.541931, 2.756852, 2.965004, 3.163542, 3.314797, 3.476729, 3.637141, 3.797049, 3.833155, 3.764745, 3.765195, 3.651371, 3.479109, 3.272560, 3.065301, 2.818156, 2.558579, 2.288083, 2.013652, 1.712583, 1.407663, 1.097931, 0.796013, 0.496015, 0.226453, 0.168093, 0.264914, 0.564979, 0.662452, 0.809407, 0.926046, 1.024409, 1.112121, 1.167019, 1.184130, 1.175711, 1.124232, 1.045572, 0.920308, 0.806838, 0.705792, 0.570396, 0.423120, 0.254030, 0.113559, 0.022416, 0.162571, 0.295826, 0.437121, 0.587706, 0.715842, 0.822821, 0.915734, 0.993008, 1.054016, 1.107945, 1.153045, 1.168842, 1.160333, 1.136704, 1.062038, 0.982157, 0.889356, 0.777479, 0.658831, 0.537086, 0.413698, 0.278348, 0.152767, 0.037469, 0.077067, 0.175164, 0.277671, 0.352280, 0.400372, 0.466657, 0.509570, 0.542725, 0.567720, 0.587473, 0.569077, 0.566274, 0.546006, 0.525896, 0.507164, 0.489755, 0.454461, 0.444734, 0.427157, 0.413213, 0.396459, 0.379511, 0.357476, 0.336309, 0.312343, 0.292544, 0.277651, 0.274386, 0.252365, 0.222616, 0.228331, 0.288459, 0.227808, 0.225657, 0.221169, 0.220877, 0.220514, 0.215749, 0.226138, 0.221917, 0.223672, 0.218107, 0.213186, 0.183051, 0.171940, 0.168480, 0.230361, 0.141497, 0.095494, 0.065575, 0.032209, 0.017254, 0.063801, 0.101514, 0.123131, 0.143530, 0.158539, 0.160069, 0.136262, 0.100365, 0.115258, 0.107671, 0.062371, 0.154660, 0.200457, 0.268917, 0.331172, 0.402299, 0.470281, 0.528006, 0.583385, 0.615014, 0.637192, 0.663027, 0.598018, 0.659579, 0.513518, 0.437598, 0.461613, 0.260757, 0.272702, 0.173066, 0.058542, 0.043854, 0.253641, 0.239124, 0.340906, 0.555306, 0.530401, 0.718617, 0.816872, 0.794369, 0.882082, 1.092055, 1.073845, 1.280771, 1.366457, 1.341012, 1.528271, 1.603904, 1.557873, 1.705663, 1.750544, 1.800609, 1.828385, 1.858754, 1.875714, 1.881215, 1.884265, 1.867905, 1.851829, 1.821717, 1.796758, 1.764192, 1.719121, 1.688983, 1.653451, 1.595472, 1.541448, 1.485221, 1.415563, 1.366600, 1.289050, 1.202311, 1.091426, 0.981702, 0.878584, 0.765470, 0.650026, 0.531377, 0.432155, 0.334861, 0.201944, 0.143518, 0.057947, 0.028359, 0.097631, 0.164095, 0.207832, 0.252794, 0.296573, 0.287558, 0.320107, 0.326012, 0.302441, 0.273860, 0.245230, 0.229581, 0.199716, 0.163217, 0.122885, 0.076737, 0.060065, 0.037739, 0.043593, 0.057236, 0.093736, 0.152109, 0.211229, 0.291620, 0.382276, 0.472801, 0.548172, 0.636233, 0.684414, 0.746466, 0.802937, 0.848842, 0.896827, 0.917856, 0.949887, 0.969210, 0.989851, 0.997071, 1.013548, 1.027474, 1.019251, 1.016339, 1.014880, 1.013040, 0.994920, 0.968274, 0.932395, 0.885565, 0.724860, 0.755712, 0.676966, 0.595497, 0.507096, 0.428759, 0.347513, 0.281915, 0.225267, 0.205918, 0.196354, 0.224968, 0.252479, 0.290160, 0.332077, 0.302111, 0.391481, 0.400228, 0.394026, 0.383525, 0.358992, 0.334481, 0.307739, 0.282897, 0.267160, 0.248686, 0.216789, 0.172285, 0.101421, 0.092172, 0.189026, 0.186889, 0.397303, 0.518662, 0.529212, 0.783078, 0.936157, 0.969706, 1.267142, 1.440658, 1.628056, 1.807838, 1.987431, 2.145395, 2.272564, 2.366351, 2.417658, 2.429638, 2.427496, 2.407832, 2.359909, 2.293221, 2.204702, 2.086087, 1.932359, 1.724348, 1.500283, 1.311166, 1.105926, 0.902914, 0.700308, 0.499050, 0.299581, 0.099002, 0.099303, 0.297472, 0.494044, 0.689809, 0.891180, 1.078348, 1.255636, 1.408208, 1.574708, 1.653310, 1.737624, 1.812197, 1.868775, 1.897864, 1.905107, 1.889950, 1.853740, 1.806906, 1.753187, 1.696624, 1.630064, 1.575623, 1.526088, 1.475690, 1.431640, 1.376394, 1.270379, 1.246879, 1.181169, 1.107724, 1.050013, 0.985944, 0.912526, 0.829733, 0.764465, 0.689019, 0.612376, 0.542937, 0.471442, 0.430911, 0.398521, 0.365881, 0.347002, 0.319448, 0.316837, 0.291380, 0.276573, 0.264591, 0.255477, 0.243030, 0.211067, 0.179615, 0.147349, 0.130722, 0.109111, 0.093300, 0.055730, 0.030605, 0.002485, 0.026210, 0.052778, 0.062289, 0.078302, 0.080467, 0.085380, 0.095366, 0.084367, 0.080329, 0.078879, 0.075306, 0.064567, 0.047678, 0.066155, 0.008537, 0.047890, 0.073216, 0.179918, 0.293699, 0.382975, 0.486551, 0.594398, 0.673044, 0.762295, 0.865614, 0.930903, 1.007127, 1.083940, 1.176814, 1.256755, 1.337527, 1.411751, 1.484367, 1.540813, 1.590469, 1.633852, 1.669121, 1.690715, 1.711168, 1.713960, 1.700585, 1.680843, 1.664947, 1.640930, 1.641996, 1.638789, 1.638925, 1.624821, 1.605887, 1.577078, 1.541821, 1.493641, 1.449782, 1.386869, 1.305782, 1.229615, 1.149043, 1.063588, 0.966332, 0.875002, 0.760865, 0.653490, 0.547025, 0.441592, 0.328515, 0.210156, 0.089760, 0.015390, 0.107104, 0.200770, 0.288302, 0.351404, 0.420214, 0.488020, 0.548571, 0.607683, 0.682668, 
,,,0.013551, 0.029320, 0.043293, 0.058242, 0.074837, 0.088519, 0.099205, 0.109299, 0.119677, 0.130199, 0.140203, 0.150584, 0.166008, 0.182719, 0.199421, 0.216054, 0.232773, 0.250951, 0.266121, 0.282399, 0.299172, 0.315802, 0.337157, 0.349108, 0.365956, 0.382627, 0.399193, 0.415891, 0.432555, 0.449169, 0.465835, 0.482561, 0.499167, 0.515880, 0.532540, 0.549195, 0.565872, 0.582517, 0.600952, 0.616385, 0.632959, 0.649251, 0.665929, 0.682556, 0.699284, 0.715969, 0.732638, 0.749289, 0.765826, 0.782582, 0.799059, 0.816032, 0.834719, 0.850930, 0.865903, 0.882639, 0.899245, 0.915988, 0.932650, 0.949376, 0.966134, 0.982766, 1.005385, 1.016228, 1.033936, 1.049581, 1.066226, 1.082959, 1.100934, 1.116350, 1.133107, 1.149651, 1.166351, 1.183105, 1.199692, 1.216341, 1.232986, 1.249683, 1.266398, 1.283042, 1.299760, 1.316397, 1.333185, 1.351960, 1.366749, 1.383532, 1.400115, 1.416853, 1.433535, 1.450250, 1.466914, 1.483909, 1.500405, 1.517019, 1.533959, 1.550474, 1.567103, 1.583783, 1.602021, 1.617505, 1.633791, 1.650725, 1.667672, 1.684907, 1.700630, 1.717275, 1.733980, 1.750566, 1.767287, 1.783976, 1.800639, 1.817391, 1.834395, 1.850793, 1.869020, 1.885512, 1.900679, 1.917382, 1.934043, 1.950656, 1.967419, 1.984357, 2.000837, 2.017411, 2.038056, 2.052826, 2.067703, 2.084211, 2.101351, 2.118932, 2.134189, 2.150875, 2.167578, 2.184227, 2.201172, 2.217684, 2.234272, 2.250977, 2.267619, 2.284273, 2.302340, 2.317892, 2.335408, 2.351414, 2.369951, 2.384677, 2.401267, 2.417920, 2.434627, 2.451347, 2.468014, 2.484790, 2.501913, 2.518158, 2.534871, 2.551644, 2.568202, 2.584872, 2.601974, 2.619905, 2.634899, 2.651543, 2.668206, 2.684906, 2.701581, 2.718536, 2.735067, 2.751650, 2.768307, 2.785027, 2.801708, 2.818373, 2.835072, 2.852518, 2.870043, 2.885250, 2.902159, 2.918585, 2.935291, 2.951854, 2.968497, 2.985315, 3.002235, 3.018715, 3.035455, 3.052064, 3.070303, 3.085690, 3.102535, 3.120310, 3.135602, 3.152207, 3.168849, 3.185583, 3.202204, 3.218814, 3.237063, 3.252196, 3.268845, 3.285668, 3.302264, 3.319290, 3.335975, 3.352496, 3.371119, 3.385687, 3.402401, 3.419022, 3.435757, 3.452426, 3.469045, 3.485850, 3.506028, 3.519103, 3.535784, 3.552381, 3.569327, 3.586278, 3.602343, 3.620930, 3.635743, 3.652451, 3.669123, 3.685745, 3.702452, 3.719103, 3.736120, 3.752627, 3.769196, 3.785964, 3.802660, 3.819710, 3.836003, 3.852600, 3.870926, 3.885984, 3.902670, 3.919321, 3.936008, 3.952646, 3.969292, 3.986038, 4.002948, 4.019431, 4.036191, 4.052755, 4.069877, 4.086354, 4.102779, 4.120895, 4.136498, 4.153018, 4.169745, 4.186449, 4.203105, 4.219720, 4.236554, 4.253308, 4.270027, 4.289071, 4.304331, 4.320884, 4.336969, 4.353606, 4.371887, 4.388563, 4.403851, 4.424471, 4.437225, 4.453943, 4.470578, 4.487363, 4.504419, 4.521100, 4.537385, 4.554075, 4.571327, 4.587353, 4.604005, 4.621892, 4.637517, 4.654171, 4.670693, 4.687405, 4.704174, 4.720862, 4.737460, 4.754193, 4.770908, 4.787606, 4.804302, 4.821359, 4.837512, 4.854269, 4.872892, 4.887596, 4.905859, 4.921294, 4.937798, 4.954413, 4.971424, 4.989690, 5.004618, 5.021138, 5.038686, 5.054652, 5.071706, 5.088142, 5.104582, 5.123060, 5.137988, 5.158238, 5.171399, 5.187988, 5.210669, 5.222601, 5.239135, 5.254828, 5.271430, 5.288679, 5.304858, 5.321896, 5.338188, 5.354843, 5.372840, 5.388165, 5.406324, 5.421522, 5.438208, 5.454870, 5.471537, 5.489782, 5.505018, 5.522021, 5.538660, 5.555640, 5.571922, 5.588368, 5.605087, 5.622908, 5.638469, 5.655348, 5.671914, 5.688447, 5.705198, 5.721806, 5.738532, 5.755176, 5.771946, 5.788977, 5.805364, 5.822267, 5.838674, 5.855225, 5.873864, 5.888568, 5.905264, 5.921958, 5.938551, 5.955290, 5.971932, 5.988728, 6.005394, 6.022363, 6.039169, 6.055709, 6.071913, 6.088696, 6.105361, 6.123722, 6.138673, 6.155278, 6.171929, 6.188596, 6.205333, 6.221969, 6.238777, 6.255344, 6.272402, 6.289362, 6.305447, 6.322084, 6.338720, 6.359711, 6.373994, 6.388840, 6.405405, 6.422482, 6.438913, 6.455569, 6.472215, 6.489117, 6.505713, 6.522822, 6.539601, 6.555809, 6.572465, 6.588926, 6.607165, 6.623861, 6.638914, 6.655748, 6.673867, 6.689044, 6.705803, 6.724510, 6.739668, 6.756011, 6.772629, 6.789797, 6.805868, 6.822631, 6.839261, 6.856069, 6.873909, 6.889313, 6.906016, 6.922689, 6.939638, 6.956076, 6.972678, 6.989358, 7.006095, 7.022691, 7.039937, 7.056315, 7.072910, 7.089507, 7.106227, 7.123881, 7.139848, 7.156573, 7.172908, 7.189604, 7.206309, 7.222872, 7.239904, 7.256416, 7.272940, 7.290101, 7.306311, 7.322999, 7.339616, 7.356300, 7.374815, 7.389766, 7.406302, 7.423027, 7.439670, 7.456673, 7.473306, 7.489731, 7.506364, 7.523105, 7.540044, 7.556212, 7.572961, 7.589775, 7.606337, 7.624791, 7.643496, 7.656597, 7.673019, 7.689577, 7.706263, 7.722971, 7.739548, 7.756243, 7.773049, 7.789643, 7.806273, 7.822799, 7.839546, 7.856482, 7.873243, 7.890921, 7.906211, 7.922951, 7.939657, 7.957971, 7.973420, 7.989734, 8.006409, 8.023593, 8.040025, 8.057825, 8.072923, 8.089612, 8.106161, 8.122833, 8.140676, 8.156019, 8.172699, 8.189345, 8.206066, 8.222812, 8.239995, 8.256404, 8.273403, 8.289681, 8.306218, 8.322966, 8.339630, 8.356260, 8.376846, 8.390785, 8.406275, 8.423058, 8.439629, 8.456366, 8.473232, 8.489873, 8.507045, 8.523170, 8.539841, 8.556509, 8.573238, 8.590058, 8.606639, 8.623405, 8.642001, 8.657206, 8.673848, 8.690596, 8.707318, 8.723987, 8.740437, 8.757263, 8.774260, 8.790873, 8.807598, 8.824316, 8.841070, 8.857605, 8.874648, 8.892962, 8.909873, 8.924848, 8.941537, 8.958207, 8.976955, 8.991498, 9.008805, 9.024827, 9.041590, 9.058240, 9.074891, 9.091495, 9.108058, 9.125157, 9.146935, 9.158885, 9.174960, 9.191730, 9.208375, 9.225071, 9.241557, 9.258684, 9.275018, 9.291514, 9.308100, 9.324811, 9.341377, 9.357956, 9.374675, 9.391589, 9.412009, 9.424772, 9.441465, 9.458135, 9.476908, 9.492068, 9.508244, 9.524968, 9.541536, 9.558146, 9.574842, 9.591476, 9.608209, 9.624838, 9.641536, 9.658214, 9.676683, 9.691661, 9.708460, 9.725013, 9.742203, 9.758360, 9.774974, 9.791677, 9.808324, 9.825069, 9.841978, 9.858550, 9.875103, 9.891851, 9.908430, 9.926772, 9.941903, 9.958548, 9.975698, 9.992063, 10.008510, 10.025190, 10.041801, 10.058488, 10.075406, 10.092018, 10.108647, 10.125181, 10.142050, 10.158581, 10.176991, 10.192038, 10.208927, 10.225406, 10.242559, 10.258708, 10.275423, 10.292036, 10.308618, 10.325397, 10.342057, 10.358717, 10.375386, 10.392149, 10.412705, 10.426946, 10.442089, 10.458750, 10.475975, 10.492038, 10.509052, 10.525837, 10.542313, 10.558639, 10.575223, 10.591754, 10.608436, 10.625135, 10.641777, 10.658777, 10.675327, 10.693829, 10.708635, 10.725720, 10.741923, 10.758650, 10.775215, 10.791949, 10.808648, 10.825294, 10.841957, 10.860135, 10.875277, 10.891933, 10.908697, 10.925292, 10.943692, 10.958710, 10.975811, 10.993891, 11.008887, 11.025382, 11.042171, 11.058752, 11.075522, 11.092194, 11.108783, 11.125509, 11.146296, 11.158709, 11.175297, 11.191898, 11.209930, 11.225379, 11.242403, 11.258565, 11.275262, 11.293902, 11.308603, 11.325249, 11.341848, 11.358524, 11.375174, 11.391829, 11.408481, 11.425218, 11.441941, 11.460630, 11.475428, 11.492112, 11.508543, 11.525204, 11.541893, 11.558541, 11.575240, 11.592196, 11.608747, 11.625331, 11.641991, 11.658694, 11.675300, 11.692118, 11.711130, 11.726125, 11.742582, 11.758723, 11.775371, 11.792381, 11.808813, 11.825423, 11.842018, 11.858699, 11.875440, 11.892069, 11.908664, 11.925357, 11.942025, 11.960621, 11.975456, 11.992157, 12.008641, 12.025285, 12.041976, 12.058642, 12.075298, 12.092061, 12.108720, 12.125376, 12.142067, 12.158983, 12.175499, 12.192448, 12.210732, 12.227684, 12.242229, 12.258901, 12.275512, 12.292295, 12.308954, 12.325606, 12.342284, 12.358929, 12.375592, 12.392268, 12.408981, 12.427309, 12.442402, 12.460620, 12.475914, 12.492306, 12.509066, 12.525699, 12.542386, 12.559114, 12.575823, 12.596370, 12.609144, 12.625738, 12.642513, 12.659182, 12.675910, 12.692604, 12.710875, 12.726503, 12.742593, 12.759600, 12.775851, 12.792497, 12.809076, 12.825777, 12.842397, 12.859031, 12.875700, 12.892429, 12.909378, 12.926001, 12.942620, 12.960765, 12.976865, 12.992802, 13.009392, 13.026089, 13.042758, 13.059449, 13.076114, 13.092817, 13.109411, 13.126068, 13.142785, 13.159420, 13.176582, 13.193303, 13.211604, 13.226174, 13.243149, 13.259644, 13.276245, 13.292940, 13.309707, 13.326434, 13.343315, 13.359989, 13.376616, 13.393407, 13.410065, 13.426842, 13.443468, 13.461464, 13.476892, 13.493507, 13.510270, 13.526925, 13.543606, 13.560255, 13.576928, 13.593855, 13.610687, 13.627141, 13.643740, 13.660477, 13.677437, 13.694032, 13.712882, 13.728838, 13.743899, 13.760588, 13.777340, 13.793878, 13.810582, 13.827242, 13.843867, 13.860532, 13.878808, 13.893883, 13.910507, 13.927348, 13.944382, 13.960480, 13.978553, 13.993902, 14.010617, 14.027242, 14.044175, 14.060910, 14.077582, 14.094239, 14.111029, 14.128258, 14.145044, 14.161438, 14.182060, 14.195387, 14.211553, 14.229663, 14.244788, 14.261447, 14.278171, 14.294742, 14.311421, 14.328112, 14.344666, 14.361317, 14.378055, 14.394714, 14.411470, 14.428068, 14.445158, 14.461262, 14.477822, 14.496514, 14.511209, 14.527832, 14.544594, 14.561204, 14.577834, 14.594572, 14.611304, 14.627932, 14.644652, 14.661472, 14.677974, 14.695220, 14.711661, 14.728215, 14.746568, 14.761488, 14.779740, 14.794917, 14.811525, 14.828090, 14.844834, 14.861402, 14.878152, 14.895047, 14.911595, 14.928147, 14.946477, 14.961657, 14.978424, 14.996527, 15.011816, 15.028600, 15.045094, 15.062074, 15.078614, 15.095276, 15.111832, 15.128552, 15.145266, 15.161996, 15.179018, 15.195606, 15.211990, 15.228715, 15.247528, 15.261951, 15.278739, 15.295303, 15.312256, 15.328846, 15.345454, 15.362061, 15.378693, 15.395515, 15.412257, 15.428794, 15.445877, 15.462108, 15.478843, 15.497556, 15.512257, 15.528831, 15.545551, 15.562166, 15.578770, 15.595488, 15.612208, 15.628931, 15.645630, 15.662483, 15.679417, 15.695598, 15.712214, 15.729003, 15.747432, 15.762262, 15.778916, 15.795688, 15.812300, 15.828988, 15.845778, 15.862446, 15.879110, 15.896190, 15.912746, 15.929212, 15.945837, 15.962290, 15.979051, 15.997334, 16.012224, 16.028881, 16.049596, 16.062603, 16.079226, 16.095964, 16.112454, 16.129424, 16.146037, 16.163159, 16.179679, 16.196302, 16.212815, 16.229368, 16.247593, 16.262725, 16.279395, 16.296264, 16.312730, 16.329245, 16.345868, 16.362641, 16.379411, 16.395907, 16.412971, 16.429090, 16.445806, 16.462406, 16.479241, 16.496093, 16.514739, 16.529602, 16.546095, 16.562678, 16.579414, 16.596052, 16.612667, 16.629372, 16.646114, 16.663352, 16.679463, 16.696157, 16.713144, 16.729665, 16.746238, 16.764567, 16.779589, 16.796260, 16.812906, 16.829577, 16.846321, 16.863011, 16.879740, 16.898135, 16.913680, 16.929751, 16.946342, 16.962999, 16.979789, 16.996381, 17.014453, 17.029664, 17.046385, 17.063018, 17.081273, 17.096464, 17.113053, 17.129900, 17.146947, 17.163814, 17.179869, 17.196528, 17.213181, 17.229877, 17.246560, 17.264477, 17.279919, 17.296872, 17.313614, 17.330027, 17.346585, 17.363336, 17.379829, 17.396511, 17.413453, 17.429850, 17.450229, 17.462993, 17.479784, 17.496401, 17.514317, 17.529719, 17.546375, 17.563291, 17.579880, 17.596396, 17.613077, 17.629783, 17.647084, 17.663592, 17.679843, 17.696805, 17.713314, 17.729934, 17.746538, 17.764471, 17.779914, 17.796611, 17.813265, 17.829969, 17.846639, 17.863361, 17.880098, 17.896803, 17.913818, 17.930096, 17.946761, 17.963460, 17.980248, 17.996860, 18.015436, 18.030169, 18.046855, 18.063495, 18.080075, 18.096830, 18.113490, 18.130310, 18.147144, 18.163540, 18.180135, 18.196935, 18.213479, 18.230279, 18.246965, 18.265385, 18.280572, 18.297102, 18.313732, 18.330387, 18.347074, 18.363827, 18.380481, 18.397164, 18.414058, 18.430578, 18.447185, 18.463892, 18.480539, 18.497241, 18.515430, 18.530537, 18.548795, 18.563888, 18.580583, 18.597251, 18.614276, 18.630930, 18.647552, 18.664409, 18.681008, 18.697830, 18.714348, 18.731262, 18.749236, 18.765441, 18.780957, 18.797706, 18.814374, 18.831011, 18.847735, 18.867958, 18.881573, 18.898152, 18.914472, 18.931064, 18.947798, 18.964462, 18.981172, 18.997790, 19.016343, 19.031440, 19.048272, 19.064686, 19.081333, 19.097976, 19.114712, 19.131420, 19.148410, 19.164712, 19.181439, 19.198056, 19.214704, 19.231398, 19.248033, 19.266346, 19.281379, 19.298128, 19.314719, 19.331415, 19.348203, 19.364806, 19.381483, 19.398513, 19.415247, 19.431564, 19.448368, 19.465004, 19.481766, 19.498349, 19.516353, 19.531716, 19.548410, 19.565096, 19.581812, 19.598553, 19.615620, 19.631862, 19.648551, 19.665229, 19.681815, 19.698540, 19.715239, 19.731924, 19.748494, 19.767361, 19.781841, 19.798554, 19.815269, 19.831959, 19.848724, 19.865819, 19.882564, 19.898741, 19.915313, 19.933649, 19.948763, 19.965382, 19.982477, 19.999017, 20.017424, 20.032294, 20.048945, 20.065656, 20.083898, 20.099051, 20.115752, 20.132558, 20.149081, 20.166058, 20.182527, 20.199073, 20.215739, 20.232353, 20.249008, 20.267356, 20.282311, 20.299071, 20.315695, 20.332362, 20.352596, 20.365665, 20.382584, 20.399038, 20.416004, 20.432573, 20.449158, 20.465827, 20.482580, 20.499129, 20.517364, 20.532496, 20.549173, 20.565892, 20.582599, 20.599325, 20.615947, 20.632688, 20.649284, 20.665901, 20.682638, 20.699526, 20.716111, 20.732729, 20.749432, 20.767333, 20.782732, 20.799414, 20.816049, 20.832817, 20.849541, 20.866640, 20.882694, 20.899352, 20.915981, 20.932664, 20.949338, 20.966003, 20.982702, 20.999334, 21.017269, 21.032751, 21.049440, 21.066062, 21.082847, 21.101543, 21.116841, 21.132837, 21.149510, 21.166183, 21.182858, 21.199506, 21.216152, 21.233130, 21.249985, 21.268515, 21.283356, 21.301539, 21.316496, 21.333119, 21.350574, 21.367077, 21.383184, 21.399885, 21.416521, 21.433186, 21.449848, 21.466436, 21.484666, 21.499862, 21.518306, 21.533284, 21.550150, 21.566853, 21.583548, 21.600162, 21.617351, 21.633531, 21.650156, 21.666874, 21.683615, 21.704167, 21.716770, 21.733543, 21.750152, 21.768300, 21.783512, 21.800018, 21.816904, 21.833487, 21.850789, 21.866907, 21.883392, 21.900155, 21.916917, 21.933700, 21.950406, 21.967089, 21.983759, 22.000442, 22.018270, 22.033671, 22.050393, 22.067015, 22.083799, 22.100925, 22.117086, 22.133783, 22.150484, 22.167144, 22.183867, 22.200556, 22.217261, 22.233973, 22.250632, 22.269271, 22.283948, 22.300804, 22.317490, 22.334041, 22.351171, 22.367345, 22.384187, 22.400795, 22.417455, 22.434183, 22.450759, 22.467898, 22.484485, 22.500902, 22.519336, 22.534256, 22.551015, 22.567957, 22.584514, 22.601781, 22.618202, 22.634636, 22.652678, 22.667952, 22.684517, 22.701231, 22.717869, 22.734489, 22.751396, 22.769518, 22.784554, 22.801214, 22.819779, 22.835061, 22.851089, 22.867858, 22.884790, 22.901318, 22.917861, 22.934566, 22.951312, 22.967901, 22.984645, 23.001340, 23.019320, 23.034530, 23.051367, 23.072580, 23.084611, 23.101522, 23.117940, 23.134557, 23.151277, 23.168426, 23.184922, 23.201423, 23.218042, 23.234878, 23.251470, 23.270416, 23.284916, 23.301444, 23.318370, 23.335482, 23.351418, 23.368089, 23.384985, 23.401520, 23.418136, 23.434770, 23.451456, 23.468554, 23.484907, 23.501494, 23.520320, 23.535210, 23.551883, 23.569179, 23.585291, 23.602086, 23.618617, 23.635103, 23.651816, 23.668530, 23.685495, 23.702384, 23.718939, 23.735593, 23.752386, 23.770520, 23.785640, 23.802339, 23.819566, 23.835575, 23.852191, 23.868897, 23.885524, 23.902350, 23.918833, 23.937106, 23.952254, 23.968919, 23.985705, 24.002347, 24.020400, 24.037676, 24.052390, 24.069546, 24.085688, 24.102392, 24.118958, 24.135699, 24.152404, 24.169133, 24.185643, 24.202443, 24.219086, 24.235729, 24.252434, 24.271184, 24.285872, 24.302495, 24.320051, 24.335904, 24.352356, 24.368915, 24.385580, 24.402304, 24.422492, 24.435642, 24.452301, 24.468891, 24.485652, 24.502282, 24.518976, 24.537216, 24.552309, 24.569697, 24.585831, 24.602426, 24.619113, 24.635709, 24.652413, 24.669139, 24.685788, 24.702418, 24.719090, 24.735741, 24.752475, 24.769128, 24.787140, 24.802982, 24.819604, 24.835801, 24.852458, 24.869152, 24.885791, 24.902544, 24.919164, 24.935825, 24.952496, 24.969176, 24.985952, 25.002508, 25.019363, 25.037149, 25.052540, 25.069594, 25.085774, 25.102510, 25.119194, 25.135877, 25.152549, 25.169468, 25.186148, 25.202606, 25.219305, 25.235947, 25.252808, 25.269428, 25.287188, 25.303095, 25.319651, 25.335879, 25.352542, 25.369248, 25.385916, 25.402611, 25.419241, 25.437584, 25.452629, 25.469317, 25.486073, 25.502594, 25.519645, 25.537541, 25.552808, 25.569855, 25.585980, 25.602662, 25.619367, 25.636054, 25.652761, 25.669422, 25.686080, 25.704417, 25.719467, 25.736084, 25.752800, 25.769433, 25.788168, 25.802799, 25.819475, 25.836161, 25.852850, 25.869428, 25.886171, 25.902896, 25.919490, 25.936166, 25.952893, 25.969530, 25.986280, 26.002951, 26.019586, 26.038143, 26.056785, 26.069775, 26.086363, 26.103067, 26.119673, 26.136612, 26.153148, 26.169656, 26.186377, 26.203132, 26.219673, 26.236422, 26.253452, 26.269857, 26.288156, 26.303242, 26.319833, 26.336572, 26.353270, 26.369866, 26.386614, 26.403316, 26.419882, 26.436654, 26.453628, 26.470060, 26.486742, 26.503438, 26.520036, 26.539111, 26.553841, 26.570063, 26.586722, 26.603877, 26.620364, 26.637095, 26.653801, 26.670519, 26.687669, 26.704173, 26.720683, 26.737347, 26.754127, 26.771024, 26.789397, 26.804147, 26.820890, 26.837428, 26.854113, 26.870859, 26.887415, 26.904029, 26.920705, 26.937445, 26.954019, 26.970708, 26.987511, 27.004078, 27.020805, 27.037587, 27.056095, 27.070748, 27.087446, 27.104174, 27.120758, 27.137480, 27.154161, 27.170923, 27.187500, 27.204185, 27.220917, 27.237510, 27.254546, 27.271120, 27.288089, 27.306210, 27.320988, 27.337708, 27.354348, 27.370976, 27.387695, 27.404475, 27.420979, 27.437716, 27.454513, 27.473004, 27.487873, 27.504513, 27.521784, 27.538259, 27.556085, 27.571300, 27.587904, 27.604662, 27.621304, 27.638083, 27.654904, 27.671495, 27.689709, 27.704753, 27.721469, 27.738215, 27.754992, 27.774651, 27.788245, 27.806111, 27.821492, 27.838221, 27.854923, 27.871666, 27.888182, 27.904960, 27.921606, 27.938238, 27.954980, 27.971585, 27.988812, 28.005158, 28.021695, 28.038872, 28.056069, 28.071719, 28.088493, 28.105178, 28.121731, 28.138433, 28.155209, 28.171769, 28.188502, 28.205158, 28.221631, 28.238334, 28.255028, 28.271675, 28.288542, 28.307030, 28.321982, 28.338860, 28.355710, 28.372180, 28.388852, 28.405375, 28.422103, 28.438870, 28.455437, 28.472532, 28.488876, 28.506077, 28.522342, 28.538834, 28.557063, 28.572101, 28.589042, 28.605546, 28.622250, 28.638767, 28.655474, 28.672230, 28.688814, 28.705522, 28.722245, 28.739075, 28.755538, 28.772681, 28.788985, 28.807011, 28.822275, 28.838940, 28.855718, 28.872224, 28.889009, 28.905690, 28.922290, 28.938994, 28.955701, 28.972526, 28.989085, 29.005737, 29.022897, 29.039336, 29.057112, 29.072517, 29.089617, 29.107396, 29.122882, 29.139473, 29.156290, 29.172855, 29.189540, 29.206505, 29.222844, 29.239620, 29.256243, 29.273086, 29.289549, 29.309278, 29.323001, 29.339502, 29.356230, 29.372905, 29.389443, 29.406037, 29.422730, 29.439319, 29.460407, 29.472999, 29.489385, 29.506542, 29.522568, 29.539280, 29.556154, 29.574180, 29.589316, 29.606032, 29.622627, 29.639355, 29.656002, 29.672684, 29.689342, 29.706059, 29.722817, 29.739420, 29.756630, 29.772748, 29.789427, 29.806125, 29.824019, 29.839442, 29.856179, 29.872818, 29.889494, 29.906211, 29.922958, 29.939575, 29.956260, 29.973319, 29.989666, 30.006718, 30.023015, 30.039651, 30.056319, 30.074952, 30.089661, 30.106361, 30.123030, 30.139718, 30.156503, 30.173095, 30.189776, 30.206543, 30.223208, 30.239899, 30.256929, 30.273116, 30.289860, 30.306507, 30.324944, 30.339924, 30.356594, 30.373306, 30.390241, 30.406775, 30.423342, 30.440318, 30.456944, 30.473894, 30.490709, 30.506891, 30.523498, 30.540204, 30.556862, 30.575028, 30.590287, 30.606893, 30.623565, 30.640172, 30.656756, 30.673454, 30.690108, 30.706903, 30.723458, 30.740854, 30.757015, 30.773571, 30.790206, 30.807199, 30.824994, 30.840304, 30.858538, 30.873634, 30.890342, 30.907006, 30.923693, 30.940374, 30.957161, 30.974584, 30.991411, 31.007216, 31.023945, 31.040932, 31.058973, 31.076106, 31.090919, 31.107527, 31.124099, 31.140737, 31.157598, 31.174418, 31.195365, 31.207713, 31.224202, 31.241281, 31.257526, 31.274729, 31.291183, 31.307955, 31.326308, 31.340995, 31.357712, 31.374426, 31.391032, 31.408009, 31.424545, 31.441221, 31.457767, 31.475157, 31.491129, 31.507676, 31.524628, 31.541225, 31.557720, 31.576351, 31.591254, 31.607910, 31.624490, 31.641145, 31.657957, 31.674449, 31.691178, 31.707995, 31.725284, 31.741605, 31.758095, 31.774604, 31.791291, 31.808083, 31.826057, 31.841481, 31.858117, 31.874794, 31.891452, 31.908115, 31.924741, 31.941395, 31.958041, 31.975387, 31.991382, 32.008071, 32.024723, 32.041336, 32.057932, 32.076061, 32.091092, 32.107595, 32.124313, 32.140953, 32.157651, 32.174296, 32.191011, 32.207750, 32.224673, 32.241088, 32.258263, 32.274847, 32.291532, 32.308171, 32.326975, 32.341621, 32.358291, 32.374949, 32.391620, 32.408245, 32.424883, 32.441545, 32.458229, 32.474810, 32.491644, 32.508187, 32.524798, 32.541471, 32.558100, 32.576889, 32.591465, 32.608165, 32.625065, 32.641653, 32.659846, 32.675058, 32.691712, 32.708381, 32.725631, 32.741820, 32.758402, 32.775053, 32.791722, 32.808399, 32.826951, 32.841795, 32.858410, 32.875077, 32.892067, 32.908620, 32.926791, 32.941857, 32.959009, 32.975545, 32.992137, 33.009141, 33.025725, 33.042561, 33.059259, 33.077946, 33.092666, 33.109309, 33.126013, 33.142905, 33.159437, 33.176176, 33.192852, 33.213684, 33.226276, 33.242804, 33.259449, 33.276180, 33.292842, 33.309487, 33.327973, 33.342841, 33.359785, 33.376370, 33.392917, 33.409710, 33.426350, 33.443459, 33.459578, 33.476351, 33.493173, 33.509903, 33.526595, 33.543556, 33.559985, 33.578842, 33.593399, 33.609981, 33.626727, 33.643329, 33.660034, 33.676729, 33.693455, 33.710100, 33.726714, 33.743410, 33.760128, 33.776813, 33.793449, 33.810128, 33.828842, 33.843509, 33.860145, 33.876846, 33.895324, 33.910435, 33.927039, 33.944058, 33.960253, 33.977202, 33.993650, 34.011823, 34.026988, 34.043988, 34.060605, 34.078972, 34.093876, 34.110618, 34.127390, 34.144072, 34.160986, 34.178150, 34.195296, 34.211401, 34.228211, 34.244784, 34.261429, 34.277940, 34.294670, 34.311252, 34.330010, 34.344489, 34.361124, 34.377649, 34.394348, 34.411105, 34.427926, 34.444407, 34.460980, 34.477833, 34.494532, 34.511238, 34.527712, 34.544782, 34.560951, 34.579726, 34.594241, 34.610970, 34.627619, 34.644544, 34.661228, 34.677930, 34.695135, 34.711424, 34.728135, 34.745125, 34.761628, 34.778130, 34.794883, 34.811361, 34.829878, 34.844919, 34.861751, 34.878401, 34.899358, 34.912197, 34.928570, 34.945456, 34.961744, 34.978455, 34.995144, 35.011823, 35.028452, 35.045021, 35.061613, 35.080864, 35.094573, 35.111293, 35.127933, 35.144504, 35.161127, 35.177949, 35.194857, 35.212538, 35.227630, 35.244266, 35.260928, 35.278049, 35.294617, 35.311113, 35.327934, 35.345909, 35.361103, 35.377849, 35.394526, 35.411462, 35.428018, 35.445515, 35.461872, 35.478442, 35.495072, 35.511636, 35.528321, 35.544979, 35.561394, 35.577998, 35.595884, 35.611271, 35.632306, 35.644552, 35.661181, 35.677545, 35.694365, 35.710932, 35.727514, 35.744471, 35.760993, 35.777760, 35.794323, 35.810879, 35.827467, 35.844122, 35.862872, 35.877767, 35.894397, 35.910977, 35.927582, 35.944309, 35.960847, 35.977594, 35.994221, 36.010809, 36.027558, 36.044186, 36.061158, 36.077690, 36.094243, 36.112807, 36.127654, 36.144371, 36.161003, 36.178178, 36.194344, 36.210982, 36.227711, 36.244404, 36.261003, 36.277695, 36.294411, 36.311346, 36.327883, 36.344481, 36.362850, 36.377865, 36.394650, 36.411714, 36.428054, 36.444608, 36.461303, 36.478030, 36.494622, 36.511290, 36.528150, 36.544685, 36.561281, 36.577922, 36.594556, 36.612880, 36.627897, 36.644558, 36.661328, 36.678360, 36.696218, 36.711593, 36.728115, 36.744655, 36.761308, 36.777962, 36.794763, 36.811463, 36.828171, 36.844892, 36.862799, 36.878261, 36.895062, 36.912353, 36.928689, 36.945146, 36.963284, 36.978482, 36.995085, 37.012059, 37.028516, 37.045136, 37.061768, 37.078437, 37.095535, 37.114074, 37.128680, 37.145340, 37.162433, 37.179001, 37.195254, 37.211888, 37.228540, 37.245098, 37.262124, 37.282399, 37.295202, 37.311810, 37.328506, 37.345117, 37.364093, 37.379021, 37.395502, 37.412517, 37.428684, 37.445375, 37.462011, 37.478752, 37.495380, 37.512073, 37.528794, 37.545315, 37.562071, 37.578679, 37.595249, 37.613742, 37.628682, 37.645346, 37.662506, 37.678641, 37.695627, 37.712253, 37.728789, 37.745401, 37.762386, 37.778929, 37.795509, 37.812423, 37.829039, 37.845625, 37.863851, 37.879011, 37.895791, 37.912674, 37.929018, 37.945670, 37.962355, 37.979089, 37.995697, 38.012284, 38.028947, 38.045640, 38.062286, 38.079235, 38.095777, 38.113734, 38.129274, 38.146219, 38.162443, 38.179096, 38.195800, 38.212424, 38.229382, 38.245990, 38.262581, 38.279169, 38.295871, 38.312549, 38.329254, 38.345853, 38.364765, 38.379349, 38.396492, 38.412679, 38.429317, 38.445960, 38.462611, 38.479348, 38.495971, 38.512656, 38.529300, 38.545954, 38.562659, 38.579362, 38.596045, 38.614659, 38.629446, 38.646698, 38.662913, 38.679654, 38.696706, 38.713503, 38.730215, 38.746829, 38.763660, 38.780282, 38.798412, 38.813756, 38.830417, 38.847148, 38.865701, 38.880786, 38.897784, 38.915618, 38.931061, 38.947714, 38.964415, 38.981142, 38.997680, 39.014179, 39.031024, 39.047766, 39.064408, 39.081179, 39.097749, 39.118788, 39.131720, 39.147682, 39.164397, 39.181125, 39.197808, 39.214409, 39.231100, 39.247842, 39.264385, 39.281370, 39.298237, 39.314568, 39.331227, 39.348137, 39.364716, 39.383789, 39.398016, 39.414666, 39.431397, 39.448032, 39.464770, 39.481431, 39.499514, 39.514758, 39.531355, 39.547991, 39.564725, 39.582835, 39.598292, 39.614925, 39.633647, 39.648292, 39.664934, 39.681670, 39.698295, 39.714905, 39.731778, 39.748347, 39.764995, 39.781648, 39.798363, 39.814920, 39.831793, 39.848547, 39.865089, 39.883607, 39.898400, 39.915115, 39.931720, 39.948451, 39.965166, 39.981848, 39.998477, 40.015172, 40.031868, 40.048622, 40.065156, 40.081902, 40.098599, 40.115698, 40.134649, 40.148517, 40.165683, 40.182124, 40.198785, 40.215453, 40.232412, 40.249000, 40.265702, 40.282354, 40.298881, 40.315568, 40.332335, 40.348997, 40.365992, 40.382530, 40.400886, 40.415388, 40.432074, 40.448684, 40.468894, 40.482072, 40.498595, 40.515410, 40.532065, 40.548701, 40.565491, 40.582133, 40.598943, 40.615968, 40.632068, 40.650659, 40.665544, 40.682273, 40.698877, 40.715459, 40.732215, 40.748875, 40.765495, 40.782254, 40.798946, 40.815674, 40.834301, 40.849011, 40.865739, 40.882341, 40.900608, 40.915689, 40.933880, 40.949358, 40.965895, 40.982591, 40.999141, 41.015895, 41.032677, 41.049495, 41.065917, 41.082850, 41.099388, 41.115750, 41.132309, 41.150663, 41.165682, 41.182340, 41.202906, 41.215715, 41.232699, 41.249047, 41.265682, 41.282418, 41.299026, 41.315746, 41.332394, 41.349538, 41.365787, 41.382233, 41.400558, 41.415484, 41.432130, 41.448835, 41.465545, 41.482191, 41.498828, 41.515524, 41.532183, 41.548894, 41.565578, 41.582204, 41.599522, 41.615590, 41.632279, 41.650796, 41.665842, 41.682413, 41.699074, 41.715800, 41.732450, 41.749079, 41.765860, 41.782487, 41.799144, 41.815975, 41.832541, 41.849725, 41.865873, 41.882530, 41.900551, 41.915898, 41.932609, 41.949312, 41.966226, 41.982921, 41.999458, 42.016384, 42.032974, 42.049512, 42.066631, 42.083014, 42.099686, 42.116364, 42.132934, 42.151653, 42.166335, 42.182931, 42.199691, 42.216350, 42.232932, 42.249640, 42.266312, 42.282964, 42.301378, 42.316471, 42.333125, 42.350464, 42.366539, 42.383151, 42.401658, 42.416442, 42.433203, 42.449810, 42.466452, 42.484789, 42.499877, 42.516489, 42.533224, 42.550056, 42.566873, 42.583908, 42.599995, 42.616634, 42.633365, 42.651609, 42.666640, 42.687151, 42.700179, 42.716806, 42.733471, 42.750428, 42.767011, 42.783499, 42.800258, 42.816927, 42.833783, 42.850748, 42.866808, 42.883548, 42.900266, 42.918828, 42.933333, 42.950008, 42.966708, 42.983338, 43.000016, 43.016712, 43.033324, 43.050341, 43.066919, 43.083416, 43.100135, 43.116708, 43.133303, 43.149935, 43.168609, 43.183157, 43.199882, 43.216418, 43.233420, 43.250007, 43.266585, 43.283569, 43.300045, 43.316924, 43.333316, 43.349979, 43.366639, 43.383301, 43.399983, 43.418606, 43.433455, 43.450242, 43.467226, 43.484036, 43.500648, 43.517495, 43.534230, 43.551080, 43.568072, 43.584176, 43.600820, 43.617335, 43.633980, 43.650659, 43.668539, 43.683865, 43.700492, 43.717207, 43.733911, 43.750525, 43.767236, 43.783953, 43.800597, 43.817836, 43.834452, 43.850825, 43.867473, 43.884072, 43.900798, 43.919765, 43.934264, 43.950901, 43.967471, 43.984235, 44.000972, 44.017622, 44.034331, 44.051267, 44.069453, 44.084323, 44.100896, 44.117556, 44.134145, 44.150683, 44.169429, 44.183836, 44.200524, 44.217203, 44.233934, 44.250596, 44.267246, 44.283914, 44.300630, 44.317717, 44.334107, 44.350603, 44.367327, 44.384006, 44.402358, 44.419337, 44.434005, 44.450756, 44.467389, 44.484126, 44.500796, 44.517450, 44.534299, 44.551017, 44.568004, 44.584192, 44.600879, 44.617508, 44.634227, 44.650799, 44.669414, 44.687620, 44.700763, 44.717465, 44.734145, 44.750845, 44.767488, 44.784227, 44.800932, 44.818061, 44.834256, 44.851289, 44.867628, 44.884324, 44.900976, 44.919781, 44.934758, 44.951516, 44.967962, 44.984678, 45.001190, 45.017916, 45.035120, 45.051267, 45.068394, 45.084909, 45.101437, 45.118001, 45.134652, 45.151281, 45.169543, 45.184620, 45.201284, 45.217981, 45.234650, 45.251331, 45.268000, 45.284665, 45.301308, 45.318405, 45.334676, 45.351337, 45.368012, 45.384721, 45.401361, 45.419430, 45.434765, 45.451386, 45.468047, 45.484776, 45.501403, 45.518129, 45.534865, 45.551486, 45.568193, 45.584811, 45.601507, 45.618189, 45.634848, 45.651535, 45.669458, 45.684858, 45.701565, 45.718275, 45.734898, 45.751888, 45.768443, 45.785056, 45.802172, 45.818428, 45.834998, 45.851718, 45.868380, 45.885062, 45.901804, 45.920418, 45.935114, 45.952042, 45.968621, 45.985544, 46.001950, 46.018684, 46.035201, 46.051814, 46.068514, 46.085139, 46.101822, 46.118478, 46.135185, 46.151848, 46.170472, 46.185164, 46.201805, 46.218718, 46.235281, 46.251842, 46.268529, 46.285254, 46.302415, 46.318588, 46.335254, 46.351930, 46.368673, 46.385298, 46.401949, 46.420449, 46.435279, 46.451963, 46.469125, 46.485418, 46.502162, 46.518836, 46.535483, 46.552173, 46.568918, 46.585567, 46.602432, 46.619056, 46.635660, 46.652334, 46.670697, 46.686019, 46.702602, 46.719188, 46.735830, 46.752565, 46.769546, 46.786110, 46.802692, 46.819385, 46.836277, 46.852866, 46.869419, 46.886082, 46.902749, 46.920586, 46.936050, 46.952791, 46.969416, 46.986379, 47.002975, 47.019520, 47.036912, 47.052959, 47.069532, 47.086639, 47.103133, 47.119616, 47.136475, 47.152970, 47.171551, 47.186321, 47.202920, 47.219576, 47.236531, 47.253078, 47.269641, 47.286911, 47.303021, 47.319641, 47.336305, 47.353006, 47.371173, 47.386416, 47.403126, 47.421472, 47.436361, 47.453032, 47.469658, 47.486360, 47.503077, 47.519729, 47.536844, 47.553337, 47.569936, 47.586490, 47.603179, 47.619866, 47.636526, 47.653481, 47.671569, 47.686630, 47.703315, 47.720016, 47.736649, 47.753309, 47.772082, 47.787097, 47.803306, 47.819938, 47.836656, 47.853263, 47.869977, 47.886773, 47.903314, 47.921340, 47.936733, 47.953385, 47.970147, 47.986928, 48.003705, 48.021082, 48.041113, 48.053602, 48.070260, 48.087216, 48.103821, 48.120401, 48.137064, 48.154101, 48.172635, 48.187121, 48.203881, 48.220508, 48.237171, 48.253937, 48.270758, 48.287223, 48.303876, 48.320612, 48.337220, 48.354000, 48.370669, 48.387323, 48.404106, 48.422369, 48.437340, 48.454058, 48.470718, 48.487569, 48.504129, 48.521363, 48.537471, 48.554149, 48.570871, 48.587450, 48.604159, 48.620824, 48.637581, 48.654234, 48.672304, 48.687560, 48.704308, 48.720951, 48.737624, 48.754404, 48.770940, 48.787991, 48.804431, 48.821061, 48.837779, 48.854445, 48.871099, 48.888039, 48.904613, 48.922429, 48.937934, 48.954659, 48.971636, 48.988366, 49.005378, 49.021849, 49.038433, 49.055076, 49.071761, 49.088442, 49.105002, 49.121715, 49.138690, 49.155157, 49.173412, 49.188560, 49.205096, 49.221766, 49.238466, 49.255715, 49.271817, 49.288834, 49.305188, 49.321870, 49.338455, 49.355161, 49.371815, 49.388463, 49.405200, 49.423316, 49.438561, 49.455211, 49.472316, 49.488855, 49.505960, 49.521986, 49.538736, 49.555329, 49.572329, 49.588808, 49.605376, 49.622055, 49.638764, 49.655376, 49.673349, 49.688803, 49.705519, 49.723866, 49.738879, 49.755418, 49.772134, 49.788798, 49.805493, 49.822216, 49.838852, 49.855908, 49.872347, 49.888991, 49.905952, 49.924584, 49.939033, 49.957450, 49.972631, 49.989711, 50.005756, 50.022279, 50.038994, 50.055714, 50.072331, 50.088993, 50.105672, 50.122308, 50.139021, 50.155685, 50.174340, 50.189044, 50.205775, 50.222396, 50.239653, 50.256295, 50.272617, 50.289185, 50.305840, 50.322821, 50.342895, 50.356250, 50.372812, 50.389404, 50.406365, 50.424666, 50.439473, 50.456236, 50.472881, 50.490031, 50.506184, 50.522770, 50.539499, 50.556103, 50.572760, 50.589487, 50.606059, 50.623099, 50.639575, 50.656127, 50.674432, 50.689504, 50.706298, 50.722907, 50.739486, 50.756173, 50.772746, 50.789439, 50.805952, 50.822687, 50.839252, 50.855856, 50.872506, 50.889178, 50.905865, 50.922515, 50.941291, 50.955971, 50.973037, 50.989365, 51.006067, 51.022861, 51.039579, 51.056255, 51.073164, 51.089765, 51.106412, 51.123104, 51.140297, 51.156687, 51.173488, 51.191401, 51.207171, 51.223826, 51.240237, 51.257169, 51.273746, 51.290303, 51.306926, 51.323638, 51.340421, 51.356968, 51.373673, 51.390281, 51.406946, 51.423686, 51.442356, 51.457059, 51.474056, 51.490729, 51.506925, 51.523634, 51.540362, 51.557017, 51.573745, 51.590367, 51.607353, 51.624071, 51.640550, 51.658894, 51.673865, 51.692351, 51.707515, 51.724270, 51.741314, 51.757843, 51.775902, 51.791174, 51.807657, 51.824303, 51.840818, 51.857467, 51.873942, 51.890611, 51.907102, 51.923812, 51.940391, 51.958329, 51.974198, 51.994178, 52.006998, 52.023767, 52.040658, 52.057610, 52.074443, 52.090892, 52.107462, 52.124172, 52.140800, 52.157517, 52.174270, 52.190998, 52.209392, 52.224337, 52.241132, 52.257802, 52.274529, 52.291096, 52.307989, 52.324759, 52.341384, 52.358034, 52.374832, 52.391420, 52.408229, 52.425033, 52.441570, 52.460209, 52.475438, 52.491642, 52.508408, 52.525178, 52.541754, 52.558377, 52.575073, 52.592020, 52.608647, 52.625209, 52.641819, 52.658626, 52.675287, 52.691977, 52.710282, 52.725613, 52.742139, 52.758786, 52.776813, 52.792055, 52.808785, 52.825304, 52.841984, 52.858734, 52.876847, 52.892142, 52.909150, 52.925538, 52.942550, 52.964448, 52.976089, 52.992126, 53.008896, 53.025558, 53.042269, 53.058903, 53.075538, 53.092307, 53.108917, 53.125799, 53.142379, 53.159082, 53.175988, 53.193163, 53.209566, 53.228317, 53.242670, 53.259414, 53.276145, 53.292665, 53.309422, 53.326093, 53.342776, 53.359576, 53.376013, 53.392839, 53.409533, 53.427656, 53.443366, 53.459879, 53.478242, 53.492729, 53.510771, 53.526268, 53.542985, 53.559323, 53.576106, 53.592675, 53.609267, 53.625996, 53.642814, 53.659359, 53.675950, 53.696518, 53.709212, 53.725860, 53.744319, 53.759410, 53.776033, 53.792879, 53.809431, 53.825999, 53.842676, 53.859279, 53.875954, 53.892574, 53.909700, 53.926188, 53.943294, 53.959835, 53.976300, 53.994222, 54.009506, 54.026160, 54.042664, 54.059378, 54.075830, 54.092573, 54.109282, 54.125869, 54.142880, 54.159723, 54.176223, 54.193275, 54.209393, 54.226099, 54.242776, 54.261257, 54.276065, 54.292830, 54.309362, 54.326003, 54.342680, 54.359363, 54.375989, 54.392710, 54.409415, 54.426160, 54.443172, 54.459344, 54.476036, 54.492647, 54.511084, 54.526042, 54.542603, 54.559333, 54.576031, 54.592688, 54.609341, 54.626029, 54.642741, 54.659414, 54.676165, 54.693199, 54.711005, 54.726225, 54.742830, 54.761122, 54.776223, 54.792886, 54.809524, 54.826218, 54.842847, 54.859536, 54.876247, 54.892944, 54.911680, 54.926464, 54.943400, 54.959649, 54.976330, 54.993320, 55.011215, 55.026430, 55.043079, 55.063661, 55.076417, 55.093109, 55.109795, 55.126483, 55.143190, 55.159911, 55.177334, 55.193281, 55.209866, 55.226831, 55.243186, 55.261033, 55.276300, 55.292950, 55.309607, 55.326355, 55.342983, 55.359692, 55.376318, 55.393101, 55.409778, 55.426948, 55.443071, 55.459599, 55.476315, 55.492969, 55.509607, 55.528375, 55.543079, 55.559694, 55.576425, 55.593041, 55.609694, 55.626470, 55.643112, 55.659859, 55.676491, 55.693169, 55.709791, 55.726790, 55.743239, 55.759882, 55.778156, 55.793169, 55.809905, 55.826599, 55.843211, 55.859972, 55.876616, 55.893472, 55.910049, 55.926821, 55.943651, 55.960186, 55.976841, 55.993458, 56.010109, 56.028183, 56.043419, 56.060144, 56.076845, 56.093532, 56.110162, 56.127288, 56.143729, 56.160614, 56.176997, 56.193914, 56.210455, 56.227060, 56.243694, 56.260433, 56.278226, 56.294040, 56.310566, 56.327151, 56.343791, 56.360474, 56.377114, 56.393794, 56.410520, 56.427126, 56.443726, 56.460386, 56.477152, 56.493716, 56.510380, 56.529073, 56.543671, 56.560385, 56.576965, 56.593729, 56.610381, 56.627031, 56.643774, 56.660905, 56.677045, 56.693803, 56.711966, 56.727169, 56.743820, 56.760444, 56.779036, 56.793839, 56.810451, 56.827190, 56.843828, 56.861031, 56.877523, 56.894045, 56.911264, 56.927383, 56.944018, 56.960760, 56.978977, 56.994140, 57.010743, 57.029155, 57.044125, 57.061019, 57.077534, 57.094133, 57.111055, 57.127851, 57.144323, 57.161447, 57.177716, 57.194348, 57.210964, 57.227757, 57.244357, 57.261037, 57.283157, 57.294362, 57.311006, 57.327666, 57.344288, 57.361028, 57.377670, 57.394456, 57.411568, 57.427690, 57.444402, 57.461066, 57.477742, 57.494472, 57.511077, 57.527758, 57.545982, 57.561130, 57.577800, 57.594465, 57.611141, 57.627877, 57.644620, 57.661716, 57.677871, 57.694616, 57.711264, 57.727904, 57.744614, 57.761365, 57.777987, 57.796516, 57.811598, 57.828170, 57.844849, 57.861587, 57.878282, 57.895555, 57.911727, 57.928268, 57.944983, 57.961620, 57.978369, 57.994967, 58.011598, 58.028326, 58.047051, 58.061660, 58.078360, 58.095063, 58.111758, 58.128524, 58.145733, 58.162008, 58.178672, 58.195325, 58.211966, 58.228628, 58.245294, 58.262019, 58.278695, 58.296978, 58.312053, 58.328968, 58.345550, 58.362151, 58.378879, 58.395542, 58.412231, 58.428842, 58.445511, 58.462144, 58.478902, 58.495560, 58.512175, 58.528893, 58.546955, 58.562235, 58.578926, 58.595560, 58.612283, 58.629017, 58.645626, 58.662363, 58.679033, 58.695686, 58.712412, 58.729052, 58.745748, 58.762697, 58.779235, 58.797999, 58.814054, 58.829265, 58.845968, 58.862628, 58.879803, 58.896248, 58.912772, 58.929355, 58.946023, 58.962672, 58.979393, 58.996359, 59.012909, 59.031014, 59.048091, 59.062821, 59.079562, 59.100420, 
12, 20, 2, 0.256968, 0.256968, 0.256968, 0.256968, 0.269515, 0.298379, 0.337583, 0.389295, 0.475874, 0.613203, 0.780959, 0.997535, 1.252996, 1.541052, 1.861899, 2.228062, 2.599006, 2.986099, 3.383491, 3.815212, 4.234727, 4.632979, 5.043977, 5.433205, 5.829113, 6.238870, 6.655515, 7.052227, 7.434050, 7.811581, 8.061444, 8.336893, 8.464956, 8.588475, 8.772486, 8.667790, 8.627656, 8.696190, 8.423931, 8.246639, 8.215659, 7.762874, 7.472210, 7.163164, 6.834435, 6.486186, 6.117459, 5.734298, 5.365065, 5.000677, 4.614199, 4.226311, 3.849075, 3.478604, 3.124172, 2.782615, 2.470914, 2.175338, 1.911733, 1.628460, 1.389687, 1.147256, 0.938775, 0.771952, 0.648355, 0.483955, 0.378165, 0.306565, 0.239287, 0.202964, 0.180771, 0.196804, 0.218970, 0.258062, 0.259068, 0.271755, 0.281289, 0.186300, 0.272664, 0.260636, 0.242798, 0.234615, 0.202833, 0.230897, 0.239080, 0.265719, 0.277164, 0.291583, 0.312643, 0.326275, 0.352750, 0.351216, 0.268596, 0.329504, 0.292152, 0.234362, 0.160901, 0.093098, 0.014543, 0.061434, 0.135189, 0.185907, 0.199346, 0.176461, 0.150447, 0.084868, 0.015380, 0.098743, 0.276990, 0.386631, 0.501857, 0.614163, 0.696765, 0.744159, 0.767115, 0.695329, 0.733441, 0.567878, 0.453162, 0.438733, 0.329108, 0.095078, 0.017289, 0.112398, 0.196034, 0.187416, 0.373930, 0.485037, 0.605609, 0.756906, 0.916069, 1.094145, 1.251598, 1.381600, 1.502155, 1.608414, 1.667668, 1.744100, 1.774856, 1.779223, 1.748451, 1.709709, 1.679665, 1.643837, 1.600604, 1.589796, 1.560581, 1.526631, 1.501560, 1.460865, 1.418112, 1.369119, 1.306289, 1.222654, 1.109815, 0.971736, 0.849104, 0.701269, 0.600741, 0.471258, 0.366813, 0.295775, 0.216941, 0.164906, 0.092633, 0.075974, 0.036295, 0.029117, 0.009727, 0.001892, 0.016815, 0.028407, 0.034810, 0.031969, 0.033359, 0.036171, 0.030461, 0.007259, 0.004190, 0.022289, 0.055675, 0.079214, 0.123738, 0.157909, 0.195755, 0.231285, 0.254882, 0.282090, 0.302408, 0.315483, 0.319253, 0.328535, 0.352857, 0.360561, 0.363011, 0.348449, 0.352424, 0.339277, 0.356412, 0.296558, 0.227921, 0.189423, 0.146477, 0.101130, 0.053337, 0.002692, 0.047595, 0.090434, 0.140865, 0.189822, 0.240293, 0.292965, 0.343335, 0.381341, 0.443396, 0.493275, 0.543816, 0.587176, 0.635443, 0.677348, 0.717932, 0.775311, 0.811022, 0.857392, 0.894774, 0.924272, 0.989145, 1.014936, 1.024412, 1.005070, 1.034339, 1.095183, 1.133540, 1.134983, 1.190202, 1.214132, 1.235663, 1.241619, 1.284801, 1.206471, 1.233138, 1.293366, 1.318350, 1.376891, 1.435922, 1.492469, 1.548474, 1.600367, 1.656561, 1.703566, 1.771907, 1.841709, 1.901296, 1.958694, 2.019421, 2.069819, 2.125204, 2.180272, 2.285577, 2.352688, 2.433127, 2.514849, 2.595668, 2.656144, 2.709165, 2.744694, 2.764872, 2.753420, 2.721693, 2.670245, 2.594131, 2.494772, 2.363628, 2.200389, 2.009334, 1.771758, 1.423609, 1.225385, 0.897230, 0.542504, 0.137500, 0.273956, 0.705150, 1.159320, 1.623544, 2.072399, 2.530094, 2.966761, 3.366253, 3.765713, 4.248750, 4.485817, 4.778858, 5.053381, 5.270705, 5.428881, 5.568050, 5.692094, 5.726871, 5.734667, 5.727324, 5.696230, 5.512382, 5.359404, 5.198760, 4.996680, 4.757722, 4.506585, 4.236135, 3.939854, 3.618057, 3.294935, 2.959280, 2.614571, 2.268164, 1.912586, 1.552483, 1.191816, 0.835508, 0.414300, 0.149204, 0.163211, 0.479407, 0.783776, 1.126059, 1.358170, 1.608693, 1.844113, 2.049889, 2.270067, 2.452037, 2.632572, 2.822660, 2.956170, 3.008198, 3.110338, 3.161730, 3.183524, 3.163161, 3.082006, 3.038746, 2.948263, 2.955765, 2.740836, 2.605125, 2.569053, 2.269229, 2.108850, 1.862641, 1.800700, 1.780817, 1.775830, 1.803101, 1.844147, 1.885719, 1.947803, 2.020396, 2.106166, 2.194451, 2.297454, 2.410239, 2.552962, 2.701418, 2.876883, 3.028377, 3.162600, 3.306616, 3.414180, 3.514589, 3.573579, 3.623215, 3.667870, 3.700140, 3.719882, 3.714241, 3.694018, 3.653598, 3.614694, 3.563885, 3.501441, 3.432360, 3.380892, 3.339135, 3.292292, 3.259071, 3.224070, 3.198550, 3.148236, 3.096570, 3.056826, 3.025843, 3.023771, 3.040455, 3.119163, 3.272393, 3.487123, 3.766362, 4.103940, 4.473655, 4.882427, 5.376190, 5.928206, 6.519074, 7.147605, 7.824475, 8.551975, 9.315077, 10.105184, 10.936846, 11.784160, 12.960220, 13.481357, 14.555467, 15.047957, 15.751861, 16.412561, 16.997148, 17.519608, 17.971379, 18.355983, 18.698818, 18.963039, 19.142474, 19.236612, 19.216774, 19.054928, 18.823756, 18.425452, 17.899211, 17.234180, 16.461918, 15.563384, 14.541895, 13.404993, 12.135874, 10.770363, 9.320194, 7.799969, 6.228100, 4.627251, 2.505049, 1.393737, 0.696158, 1.752535, 3.257269, 5.103141, 6.035048, 7.334782, 8.926108, 9.724611, 10.820287, 11.868340, 12.881140, 14.100344, 14.776216, 15.664581, 16.736355, 17.556962, 18.336745, 19.109734, 19.894982, 20.660982, 21.431414, 22.185806, 22.902191, 23.609062, 24.293755, 24.963082, 25.604829, 26.073302, 26.834332, 27.403975, 27.944785, 28.482717, 28.983263, 29.458250, 29.929602, 30.268854, 30.785324, 31.120208, 31.401167, 31.584098, 31.745300, 31.859195, 31.857656, 31.820773, 31.728970, 31.618654, 31.501809, 31.378823, 31.270381, 31.170072, 31.081972, 31.084314, 31.069443, 31.174165, 31.334693, 31.611456, 31.983332, 32.464474, 33.014281, 33.628695, 34.302391, 35.041298, 35.819815, 36.637894, 37.458928, 38.276603, 39.088601, 39.883275, 40.644456, 41.367952, 42.058353, 42.698997, 43.300940, 43.843466, 44.335077, 44.762179, 45.127866, 45.441688, 45.675382, 45.873656, 46.035644, 46.191320, 46.295143, 46.393331, 46.489080, 46.592041, 46.700205, 46.828204, 46.998343, 47.164375, 47.312888, 47.477168, 47.651697, 47.827418, 48.004063, 48.195671, 48.423197, 48.662617, 48.899423, 49.141130, 49.387023, 49.640213, 49.891075, 50.117927, 50.357939, 50.570164, 50.752081, 50.940374, 51.129799, 51.318511, 51.497048, 51.651177, 51.830139, 51.931256, 52.003985, 52.043264, 52.053115, 52.031648, 52.003014, 51.939346, 51.739292, 51.710275, 51.547128, 51.361618, 51.136468, 50.885662, 50.601551, 50.288752, 49.948380, 49.579211, 49.184344, 48.785702, 48.362075, 47.903090, 47.429203, 46.727433, 46.456068, 45.701112, 45.176197, 44.892931, 44.098301, 43.542234, 43.256709, 42.457972, 41.941722, 41.688437, 40.973490, 40.541513, 40.170073, 39.788057, 39.489159, 39.232526, 39.073707, 38.874117, 38.758009, 38.708666, 38.701476, 38.742413, 38.803641, 38.914645, 39.075907, 39.281165, 39.543754, 39.810849, 40.088954, 40.474361, 40.931955, 41.469066, 42.083644, 42.759012, 43.524320, 44.340729, 45.200583, 46.130061, 47.098743, 48.097939, 49.138650, 50.213547, 51.294628, 52.362198, 53.420778, 54.463970, 55.457315, 56.395987, 57.252114, 58.039135, 58.740818, 59.356964, 59.888155, 60.353037, 60.743576, 61.063018, 61.367092, 61.627841, 61.801681, 61.943548, 62.080204, 62.136885, 62.180795, 62.239521, 62.294289, 62.364352, 62.425636, 62.505344, 62.577709, 62.641111, 62.701752, 62.729574, 62.739986, 62.710119, 62.644801, 62.552650, 62.303479, 62.270983, 62.082995, 61.815959, 61.289050, 61.076276, 60.684984, 60.496329, 60.074413, 59.653411, 59.213405, 58.528872, 58.305118, 57.828261, 57.339343, 56.566176, 56.053613, 55.797681, 55.279110, 54.492671, 54.242226, 53.753550, 53.043769, 52.603657, 52.419835, 51.807600, 51.456061, 51.135311, 50.826686, 50.549291, 50.289815, 50.040189, 49.813849, 49.612620, 49.452999, 49.333098, 49.264440, 49.240666, 49.238629, 49.282000, 49.372943, 49.448348, 49.557358, 49.678138, 49.819955, 49.984023, 50.145532, 50.308547, 50.465617, 50.609573, 50.742027, 50.841937, 50.926769, 50.996560, 51.071970, 51.159503, 51.264170, 51.371490, 51.490487, 51.640492, 51.805461, 51.977905, 52.175831, 52.329243, 52.459689, 52.603354, 52.745494, 52.861771, 52.941885, 52.998816, 52.988110, 53.024046, 52.975241, 52.934342, 52.888010, 52.838325, 52.795347, 52.794819, 52.850339, 52.974741, 53.179785, 53.467193, 53.809777, 54.271635, 54.821239, 55.473937, 56.232116, 57.119882, 58.141026, 59.308436, 60.617072, 62.022648, 63.527726, 65.100122, 66.717026, 68.338668, 69.957830, 71.571373, 73.129402, 74.643813, 76.079019, 77.455220, 78.749864, 79.986530, 81.160502, 82.281080, 83.343757, 84.377210, 85.340826, 86.242480, 87.101822, 87.912452, 88.667158, 89.385801, 90.062532, 90.696660, 91.305401, 91.882063, 92.440963, 92.987860, 93.510564, 94.033084, 94.635412, 95.064882, 95.568400, 96.057648, 96.529468, 96.996941, 97.443279, 97.882503, 98.305963, 98.735568, 99.153758, 99.577757, 99.999167, 100.433355, 100.858523, 101.388185, 101.787658, 102.396612, 102.809836, 103.340409, 103.898368, 104.468283, 105.041293, 105.745066, 106.229467, 106.834777, 107.440178, 108.049772, 108.644379, 109.225593, 109.915438, 110.478051, 110.918006, 111.456223, 112.127778, 112.489877, 112.981745, 113.525913, 113.903721, 114.350880, 114.852691, 115.216824, 115.675300, 116.057738, 116.384476, 116.784664, 117.130929, 117.469217, 117.796774, 118.123371, 118.402801, 118.670845, 118.937398, 119.245922, 119.567819, 119.887646, 120.151382, 120.369433, 120.586778, 120.732915, 120.809959, 120.822396, 120.759242, 120.604061, 120.390010, 120.118012, 119.800044, 119.429477, 118.982108, 118.504030, 117.988832, 117.424403, 116.809240, 116.171322, 115.484221, 114.772864, 114.024212, 113.250579, 112.459100, 111.615416, 110.750593, 109.854276, 108.946175, 108.007017, 107.085242, 106.142274, 105.215958, 104.302509, 103.429489, 102.591614, 101.772220, 100.973371, 100.206253, 99.456064, 98.743389, 98.059573, 97.404692, 96.803564, 96.229151, 95.700119, 95.199937, 94.737305, 94.298054, 93.895530, 93.536170, 93.058094, 92.917734, 92.643460, 92.389759, 92.139124, 91.776180, 91.661458, 91.439061, 91.208903, 90.968965, 90.730397, 90.499342, 90.177699, 89.889771, 89.826807, 89.571554, 89.569868, 89.367693, 89.409246, 89.377012, 89.297532, 89.390278, 89.429320, 89.461185, 89.617745, 89.748929, 89.857036, 90.050888, 90.199478, 90.416856, 90.638031, 90.852612, 91.055741, 91.312976, 91.471569, 91.681569, 92.003400, 92.329751, 92.706529, 93.118049, 93.554568, 94.034307, 94.544571, 95.080235, 95.659188, 96.279924, 96.955207, 97.659889, 98.413953, 99.213764, 100.048560, 100.946412, 101.868671, 102.848481, 103.850446, 104.896259, 105.966438, 107.055363, 108.165658, 109.267201, 110.389314, 111.515438, 112.639103, 113.760705, 114.899799, 116.021612, 117.168042, 118.319819, 119.466345, 120.608651, 121.735230, 122.852987, 123.953261, 125.034310, 126.084427, 127.091394, 128.076772, 129.021760, 129.925438, 130.803665, 131.641504, 132.446582, 133.201655, 133.937613, 134.577765, 135.185523, 135.726657, 136.217582, 136.679351, 137.081147, 137.456703, 137.765152, 138.028154, 138.292170, 138.557136, 138.842474, 139.026918, 139.203289, 139.365693, 139.516595, 139.664448, 139.810201, 139.951290, 140.103037, 140.235302, 140.359704, 140.484466, 140.595413, 140.694838, 140.768015, 140.829898, 140.851138, 140.847711, 140.821470, 140.765129, 140.675844, 140.577243, 140.432286, 140.271163, 140.067710, 139.665644, 139.606828, 139.364809, 139.105600, 138.868657, 138.640821, 138.400203, 138.210302, 138.044625, 137.929428, 137.870543, 137.875039, 137.966207, 138.086768, 138.352197, 138.628439, 139.042523, 139.470756, 140.080062, 140.670323, 141.328944, 142.018267, 142.751867, 143.370168, 144.314792, 145.126493, 145.939201, 146.753119, 147.403307, 148.387388, 149.200115, 150.004244, 150.802950, 151.592580, 152.384441, 153.165085, 153.950281, 154.724452, 155.492231, 156.266770, 157.047241, 157.820448, 158.594256, 159.384757, 160.171999, 160.953325, 161.738507, 162.538116, 163.256339, 163.985823, 164.703455, 165.415014, 166.094523, 166.758910, 167.412079, 168.028266, 168.651531, 169.234847, 169.788571, 170.265590, 170.742624, 171.095690, 171.438417, 171.711167, 171.919577, 172.081814, 172.221284, 172.314313, 172.361253, 172.399569, 172.481145, 172.391768, 172.360168, 172.305277, 172.241850, 172.181205, 172.122914, 172.053420, 171.999911, 171.931004, 171.841123, 171.761198, 171.681151, 171.595284, 171.522188, 171.447193, 171.386141, 171.323021, 171.278665, 171.249390, 171.213054, 171.184059, 171.156528, 171.138776, 171.096212, 171.040354, 170.972242, 170.889366, 170.806098, 170.720497, 170.604796, 170.481717, 170.344412, 170.204238, 170.041570, 169.875381, 169.710788, 169.550083, 169.420870, 169.278462, 169.161283, 169.051594, 168.960984, 168.884110, 168.825203, 168.786510, 168.728567, 168.653420, 168.589397, 168.522986, 168.466333, 168.379122, 168.190226, 168.142475, 168.194849, 168.028105, 167.981015, 167.925703, 167.882005, 167.861982, 167.814307, 167.790598, 167.759587, 167.722151, 167.696091, 167.657680, 167.639334, 167.562532, 167.489642, 167.390351, 167.277334, 167.148035, 167.009194, 166.839445, 166.635568, 166.395654, 166.119344, 165.827932, 165.530720, 165.218551, 164.904809, 164.575327, 164.269849, 163.956893, 163.637798, 163.354699, 163.073389, 162.787183, 162.511321, 162.225289, 161.731515, 161.481265, 161.249097, 161.027333, 160.818526, 160.600404, 160.406570, 160.213002, 160.038040, 159.840362, 159.620284, 159.385890, 159.111165, 158.806176, 158.440440, 158.034839, 157.590759, 157.083173, 156.512206, 155.894809, 155.205229, 154.453324, 153.643941, 152.798972, 151.894941, 150.963836, 150.022357, 149.065028, 148.102564, 147.145320, 146.207273, 145.288420, 144.389093, 143.507291, 142.657065, 141.817485, 140.988693, 140.172511, 139.165478, 138.603886, 137.864770, 137.142043, 136.424233, 135.714286, 134.996979, 134.268479, 133.555826, 132.834320, 132.136731, 131.438388, 130.756841, 130.092113, 129.464823, 128.860837, 128.295706, 127.669758, 127.237304, 126.744588, 126.281709, 125.806710, 125.336236, 124.901678, 124.447377, 123.994665, 123.544737, 123.125472, 122.701268, 122.293203, 121.893052, 121.501637, 121.075207, 120.731502, 120.357772, 119.995137, 119.665310, 119.335389, 119.060644, 118.789391, 118.516166, 118.236497, 117.955886, 117.679920, 117.404386, 117.124098, 116.846097, 116.560868, 116.279260, 115.995333, 115.711140, 115.429176, 115.184748, 114.993901, 114.767572, 114.540232, 114.406880, 114.185987, 114.033485, 113.858575, 113.673669, 113.516851, 113.425079, 113.221597, 113.131950, 112.992310, 112.835820, 112.680051, 112.495242, 112.321800, 112.130202, 111.895728, 111.617104, 111.296904, 111.035154, 110.743875, 110.454338, 110.162765, 109.849575, 109.493548, 109.112457, 108.719695, 108.310559, 107.907050, 107.504288, 107.091054, 106.682636, 106.286878, 105.891134, 105.487638, 105.090457, 104.667793, 104.212473, 103.734964, 103.237339, 102.724780, 102.194059, 101.640028, 101.053788, 100.451677, 99.813252, 98.960653, 98.461649, 97.758335, 97.048247, 96.314378, 95.584758, 94.846435, 94.098869, 93.349737, 92.595343, 91.847817, 91.088920, 90.351694, 89.608976, 88.870964, 88.137409, 87.420195, 86.708044, 86.007367, 85.319529, 84.640758, 83.955894, 83.281307, 82.617887, 81.963722, 81.315087, 80.647435, 79.987857, 79.306805, 78.594534, 77.866430, 77.104344, 76.309841, 75.491381, 74.634046, 73.730727, 72.539464, 71.779526, 70.763780, 69.700857, 68.603383, 67.486981, 66.340116, 65.159956, 63.958570, 62.732487, 61.151969, 60.230894, 58.968714, 57.710931, 56.465618, 54.930117, 54.049917, 52.875233, 51.424529, 50.585773, 49.500880, 48.206853, 47.223608, 46.514315, 45.469161, 44.740500, 44.105899, 43.561247, 43.105282, 42.748643, 42.462608, 42.214886, 42.098161, 42.053073, 42.045207, 42.098998, 42.200560, 42.342569, 42.560200, 42.827240, 43.167043, 43.590016, 44.081935, 44.621248, 45.223161, 45.839928, 46.517163, 47.171748, 47.828255, 48.483434, 49.135667, 49.784874, 50.414638, 51.000725, 51.540399, 52.051320, 52.482811, 52.909727, 53.278517, 53.576906, 53.858328, 54.116014, 54.351929, 54.559621, 54.744678, 54.911868, 55.075737, 55.217711, 55.430765, 55.463208, 55.582681, 55.700298, 55.821250, 55.955963, 56.094769, 56.221737, 56.339005, 56.460989, 56.570194, 56.679694, 56.785768, 56.895235, 56.984385, 57.062755, 57.117290, 57.179622, 57.228619, 57.257440, 57.265782, 57.256227, 57.233088, 57.188254, 57.122046, 57.035694, 56.910059, 56.773997, 56.716355, 56.591516, 56.475876, 56.320427, 56.186993, 56.070733, 55.955920, 55.853166, 55.726960, 55.564410, 55.365141, 55.238068, 55.084715, 54.927967, 54.763996, 54.602423, 54.437438, 54.268360, 54.112659, 53.949244, 53.776428, 53.582493, 53.430881, 53.275955, 53.135178, 52.991569, 52.746145, 52.716416, 52.584702, 52.451565, 52.308199, 52.174965, 52.042619, 51.908665, 51.757359, 51.587454, 51.400238, 51.187497, 50.952159, 50.680476, 50.375576, 49.894790, 49.734398, 49.387758, 49.023390, 48.638780, 48.247061, 47.843190, 47.229914, 47.002217, 46.585402, 45.958263, 45.739258, 45.306458, 44.692227, 44.483409, 43.884932, 43.509383, 43.333299, 42.828455, 42.479370, 42.160297, 41.862951, 41.574251, 41.309521, 41.074581, 40.839041, 40.613786, 40.419149, 40.243341, 40.091838, 39.962467, 39.852403, 39.733233, 39.670822, 39.621114, 39.593977, 39.599147, 39.610004, 39.641373, 39.695432, 39.762350, 39.839526, 39.939499, 40.035020, 40.140445, 40.251993, 40.367181, 40.497138, 40.684823, 40.832274, 40.928436, 41.058060, 41.164006, 41.271102, 41.365657, 41.458826, 41.551927, 41.635981, 41.718911, 41.803752, 41.896135, 41.973475, 42.068995, 42.168095, 42.273003, 42.379796, 42.484323, 42.587341, 42.704212, 42.833048, 42.967647, 43.101803, 43.229548, 43.368880, 43.527555, 43.676865, 43.870519, 44.056616, 44.285126, 44.497805, 44.744640, 45.051181, 45.396203, 45.775649, 46.174049, 46.621465, 47.113130, 47.636433, 48.186919, 48.743672, 49.446324, 49.945450, 50.598552, 51.306468, 52.067110, 52.873871, 53.715873, 54.631535, 55.568463, 56.518820, 57.492270, 58.456099, 59.425066, 60.351624, 61.240969, 62.289580, 62.898339, 63.653570, 64.371868, 65.209925, 65.878167, 66.363277, 67.102144, 67.569607, 68.145878, 68.832297, 69.296509, 70.022588, 70.588119, 71.054110, 71.764843, 72.367994, 72.860012, 73.615113, 74.269439, 74.914326, 75.551069, 76.196203, 76.874179, 77.563886, 78.277635, 79.013737, 79.713027, 80.421609, 81.158454, 81.915737, 82.742625, 83.456415, 84.232248, 85.038236, 85.847916, 86.656701, 87.491887, 88.341821, 89.199181, 90.070948, 90.959724, 91.848832, 92.743838, 93.650418, 94.555375, 95.468636, 96.376020, 97.298496, 98.203692, 99.086057, 99.958399, 100.814982, 101.657692, 102.496049, 103.321101, 104.121836, 104.911600, 105.688455, 106.481229, 107.290189, 108.132856, 108.991583, 109.873761, 110.780294, 111.720226, 112.685584, 113.678781, 114.696886, 115.733637, 116.768505, 117.807519, 118.829168, 119.829879, 120.826471, 121.803075, 122.777635, 123.743999, 124.712749, 125.686226, 126.672116, 127.680990, 128.696985, 129.704334, 130.700909, 131.676966, 132.639934, 133.579145, 134.490105, 135.396127, 136.503960, 137.163643, 138.030547, 138.885975, 139.705790, 140.490844, 141.256082, 142.000072, 142.730277, 143.438120, 144.119386, 144.820277, 145.527217, 146.432032, 146.971011, 147.895495, 148.668057, 149.460642, 150.085006, 151.114190, 151.979548, 152.882386, 153.769154, 154.712976, 155.666880, 156.640818, 157.611640, 158.563512, 159.490991, 160.398411, 161.272379, 162.123606, 162.949524, 163.780881, 164.595846, 165.410853, 166.232776, 167.076588, 167.931090, 168.800656, 169.663988, 170.526646, 171.412725, 172.256946, 173.150705, 174.046080, 174.949418, 175.843087, 176.735970, 177.619123, 178.502046, 179.400176, 179.715162, 178.835137, 177.939254, 177.042868, 176.144578, 175.249699, 174.361892, 173.492344, 172.638102, 171.800756, 170.997104, 170.219165, 169.467729, 168.743714, 168.045196, 167.363173, 166.707245, 166.076559, 165.463898, 164.872147, 164.291231, 163.688954, 163.084637, 162.450585, 161.783667, 161.088371, 160.345708, 159.566116, 158.748810, 157.897078, 157.030343, 156.124183, 155.249047, 154.365017, 153.480000, 152.634997, 151.853345, 151.145706, 150.537472, 150.026855, 149.584132, 149.221176, 148.905931, 148.594279, 148.302054, 147.987943, 147.676972, 147.317213, 146.933272, 146.519788, 146.068528, 145.578318, 145.055169, 144.480744, 143.870162, 143.200643, 142.266528, 141.766760, 140.982229, 140.168333, 139.334984, 138.502841, 137.670234, 136.841036, 136.004270, 135.165993, 134.328264, 133.492271, 132.646303, 131.591418, 131.002633, 130.217748, 129.464974, 128.742713, 128.068706, 127.422018, 126.830979, 126.290899, 125.783114, 125.318353, 124.907211, 124.523741, 124.178589, 123.864755, 123.498614, 123.249650, 122.948922, 122.618257, 122.373736, 122.075270, 121.717089, 121.457806, 121.128300, 120.707587, 120.449696, 120.103072, 119.656643, 119.301989, 118.934718, 118.549230, 118.157676, 117.748789, 117.338270, 116.922369, 116.496886, 116.064615, 115.630697, 115.186153, 114.738212, 114.280713, 113.816324, 113.340653, 112.871203, 112.403946, 111.969314, 111.553012, 111.150180, 110.780652, 110.449311, 110.133940, 109.836309, 109.547017, 109.260500, 108.978482, 108.698052, 108.429409, 108.159735, 107.871544, 107.583439, 107.289174, 106.977918, 106.672177, 106.357615, 106.017753, 105.667744, 105.315649, 104.938090, 104.562591, 104.176383, 103.785826, 103.362499, 102.938385, 102.477406, 102.031084, 101.591998, 101.145077, 100.683644, 100.233691, 99.773300, 99.313393, 98.864607, 98.410747, 97.955340, 97.526214, 97.068943, 96.621143, 96.205536, 95.799147, 95.403602, 94.882505, 94.692868, 94.368544, 94.073078, 93.829331, 93.619304, 93.470919, 93.376342, 93.330070, 93.351456, 93.422980, 93.535827, 93.672497, 93.894384, 94.161758, 94.483203, 94.850728, 95.265790, 95.760961, 96.311561, 96.892326, 97.649266, 98.034775, 98.557681, 99.038867, 99.461689, 99.831484, 100.159227, 100.421212, 100.669466, 100.861511, 101.027764, 101.211250, 101.403439, 101.640054, 101.905303, 102.214332, 102.564316, 102.941665, 103.324630, 103.717646, 104.116025, 104.518053, 104.905610, 105.253526, 105.623927, 105.891286, 106.110005, 106.345551, 106.573818, 106.740925, 106.940286, 107.235844, 107.471925, 107.682675, 107.964850, 108.182437, 108.340688, 108.468495, 108.593606, 108.723003, 108.850596, 108.982224, 109.079264, 109.123580, 109.131904, 109.123532, 109.079403, 108.984707, 108.827374, 108.636678, 108.384370, 108.082394, 107.733466, 107.335328, 106.908806, 106.459675, 105.994083, 105.535743, 105.056524, 104.588000, 104.120467, 103.644290, 103.174861, 102.732274, 102.314809, 101.924500, 101.584302, 101.279159, 101.021261, 100.799156, 100.615004, 100.481928, 100.383105, 100.291092, 100.206607, 100.160743, 100.146110, 100.158041, 100.180976, 100.219127, 100.275648, 100.334727, 100.389309, 100.483720, 100.559486, 100.652472, 100.766352, 100.866358, 100.976729, 101.136248, 101.303751, 101.465689, 101.602654, 101.752609, 101.921535, 102.106282, 102.262808, 102.436701, 102.606744, 102.779114, 102.951263, 103.123316, 103.295584, 103.463586, 103.633284, 103.803651, 103.973861, 104.141806, 104.310212, 104.479691, 104.653953, 104.852452, 104.994344, 105.143889, 105.297243, 105.440003, 105.567660, 105.698669, 105.846520, 106.005133, 106.187904, 106.369952, 106.551855, 106.733738, 106.916201, 107.151030, 107.320568, 107.580909, 107.808185, 108.063229, 108.264520, 108.479107, 108.718242, 108.973668, 109.224411, 109.476386, 109.683502, 109.869855, 110.086098, 110.286593, 110.476114, 110.551949, 110.626674, 110.675541, 110.593202, 110.532215, 110.447985, 110.321050, 110.155504, 109.931205, 109.673326, 109.380254, 109.085349, 108.795865, 108.500610, 108.198636, 107.916617, 107.652791, 107.406392, 107.199222, 107.045262, 106.922995, 106.838269, 106.813108, 106.844359, 106.925342, 107.078208, 107.223522, 107.409356, 107.604389, 107.799659, 107.995634, 108.195479, 108.437648, 108.687386, 108.986661, 109.301156, 109.621684, 109.949285, 110.295758, 110.656963, 111.026841, 111.407089, 111.818516, 112.232474, 112.653185, 113.095800, 113.531807, 113.967868, 114.410928, 114.843960, 115.265995, 115.671220, 116.064713, 116.432153, 116.785635, 117.137312, 117.486481, 117.842526, 118.195919, 118.557715, 118.945611, 119.357914, 119.806002, 120.376439, 120.784369, 121.334407, 121.909155, 122.547066, 123.243159, 123.987582, 124.771916, 125.612397, 126.503423, 127.429590, 128.393794, 129.399659, 130.422120, 131.469754, 132.819199, 133.599193, 134.667031, 135.733978, 136.729734, 137.595896, 138.492882, 139.319359, 140.043114, 140.677959, 141.211858, 141.649224, 142.007959, 142.302839, 142.570333, 142.776810, 142.986073, 143.227900, 143.520105, 143.896663, 144.165828, 144.512991, 144.908489, 145.348026, 145.835830, 146.370553, 147.069970, 147.529917, 148.167569, 148.999496, 149.696895, 150.233602, 151.156859, 151.724175, 152.486284, 153.483415, 154.289494, 155.111384, 155.965193, 156.723000, 157.518383, 158.318724, 159.086627, 159.858116, 160.617146, 161.364792, 162.091503, 162.814907, 163.521297, 164.228488, 164.917718, 165.580834, 166.230376, 166.835168, 167.401852, 167.937801, 168.434237, 168.898444, 169.335407, 169.753696, 170.140973, 170.509642, 170.849902, 171.182506, 171.510075, 171.839053, 172.174043, 172.508818, 172.831673, 173.163113, 173.503959, 173.857289, 174.230453, 174.595099, 174.954682, 175.322293, 175.680331, 176.045111, 176.379721, 176.687894, 176.948610, 177.201510, 177.418941, 177.562620, 177.620510, 177.625010, 177.559694, 177.408506, 177.148591, 176.767107, 176.260839, 175.622337, 174.878887, 174.033574, 173.104671, 172.100016, 171.054256, 169.955055, 168.841050, 167.710438, 166.575534, 165.437474, 164.282757, 163.146446, 162.029666, 160.504027, 159.866041, 158.800806, 157.769476, 156.762238, 155.808907, 154.942357, 154.088543, 153.327589, 152.637759, 152.033869, 151.475930, 150.973564, 150.513760, 150.086308, 149.682647, 149.119211, 148.963749, 148.634088, 148.305636, 147.970859, 147.647518, 147.164971, 147.003455, 146.679234, 146.364114, 146.052821, 145.772269, 145.536680, 145.335339, 145.180179, 144.971704, 145.010999, 144.950400, 144.839594, 144.922721, 144.928940, 144.870137, 144.971165, 144.935203, 145.032805, 145.035837, 144.948456, 145.023390, 144.997883, 144.859495, 144.892360, 144.695319, 144.632636, 144.589122, 144.346707, 144.210211, 144.207320, 143.938379, 143.804066, 143.795870, 143.514643, 143.343933, 143.162035, 142.936380, 142.702653, 142.439301, 142.089981, 141.967860, 141.403875, 141.006367, 140.816209, 140.114380, 139.615123, 139.046408, 138.435786, 137.773768, 137.070486, 136.327657, 135.541526, 134.733929, 133.897955, 133.062229, 132.218673, 131.366556, 130.513427, 129.678179, 128.854029, 128.018749, 127.180724, 126.357983, 125.513179, 124.666207, 123.834321, 123.011594, 122.201575, 121.383987, 120.561479, 119.753631, 118.935638, 118.130608, 117.324752, 116.521099, 115.730642, 114.966951, 114.217870, 113.462998, 112.734167, 112.007630, 111.299336, 110.598149, 109.909250, 109.220830, 108.550803, 107.885076, 107.205228, 106.534206, 105.881425, 105.197514, 104.523059, 103.858095, 103.214048, 102.584313, 101.962378, 101.366453, 100.806521, 100.268725, 99.533628, 99.317301, 98.904639, 98.513952, 98.161402, 97.836586, 97.551301, 97.298489, 97.051648, 96.854235, 96.687689, 96.583578, 96.524165, 96.528840, 96.583107, 96.657255, 96.861637, 97.099584, 97.381193, 97.685614, 98.077923, 98.508637, 98.976200, 99.460695, 99.972489, 100.505932, 101.088194, 101.683335, 102.285286, 102.914859, 103.709905, 104.288734, 105.024523, 105.792305, 106.553179, 107.467000, 108.077895, 108.981240, 109.697004, 110.285202, 110.965991, 111.703134, 112.289678, 112.767578, 113.342136, 113.818601, 114.279076, 114.720523, 115.097803, 115.439418, 115.782763, 116.130668, 116.485932, 116.853055, 117.196577, 117.544023, 117.891143, 118.241188, 118.594720, 118.953754, 119.328399, 119.692823, 120.057578, 120.462650, 120.898441, 121.329655, 121.799929, 122.271591, 122.786330, 123.312994, 123.848952, 124.400967, 124.965603, 125.509559, 126.026182, 126.524077, 126.983641, 127.388839, 127.774996, 128.097147, 128.335870, 128.505118, 128.620624, 128.695209, 128.664751, 128.619021, 128.548695, 128.448134, 128.320245, 128.189952, 128.042613, 127.879533, 127.694505, 127.510397, 127.322365, 127.123256, 126.914980, 126.673372, 126.438636, 126.220769, 125.979169, 125.729675, 125.446387, 125.156159, 124.841898, 124.528111, 124.210907, 123.865744, 123.487853, 123.099111, 122.694526, 122.289833, 121.889268, 121.400333, 120.935556, 120.466926, 119.989331, 119.522414, 119.061121, 118.619713, 117.906704, 117.758208, 117.346220, 116.988566, 116.537146, 116.165850, 115.811623, 115.494603, 115.204020, 114.942491, 114.711930, 114.510655, 114.358403, 114.246221, 114.146931, 113.941602, 114.066584, 114.071675, 114.103173, 114.163199, 114.160643, 114.340097, 114.453586, 114.582110, 114.732464, 114.831852, 115.086931, 115.299245, 115.488066, 115.797877, 116.050374, 116.359255, 116.707728, 117.040676, 117.380838, 117.770531, 118.132726, 118.505991, 118.876147, 119.247373, 119.615755, 119.980646, 120.345226, 120.708612, 121.069631, 121.428787, 121.793648, 122.193319, 122.568197, 122.933313, 123.292079, 123.632766, 123.979377, 124.344594, 124.691600, 125.032614, 125.372450, 125.677252, 125.968427, 126.231954, 126.506170, 126.742718, 126.965441, 127.192587, 127.409962, 127.598013, 127.777689, 127.934864, 128.092250, 128.249999, 128.384069, 128.498373, 128.599179, 128.700844, 128.778462, 128.836899, 128.883722, 128.882706, 128.854185, 128.836003, 128.757951, 128.681596, 128.601486, 128.517397, 128.426648, 128.337815, 128.251151, 128.134556, 128.046649, 127.990375, 127.932215, 127.866554, 127.808443, 127.750481, 127.690738, 127.635613, 127.577243, 127.500160, 127.434829, 127.368922, 127.284984, 127.199035, 127.121076, 127.035437, 126.963088, 126.803660, 126.851454, 126.829740, 126.811297, 126.804503, 126.826741, 126.857783, 126.903580, 126.991055, 127.047258, 127.160929, 127.263631, 127.375401, 127.470108, 127.548694, 127.547157, 127.641580, 127.662114, 127.654718, 127.640145, 127.618504, 127.600113, 127.585098, 127.590624, 127.584398, 127.675158, 127.757352, 127.841101, 127.930484, 128.040655, 128.159993, 128.324421, 128.474530, 128.667741, 128.861386, 129.054957, 129.265229, 129.558610, 129.832239, 130.239124, 130.601160, 131.002722, 131.440266, 131.904493, 132.387213, 133.050067, 133.426250, 133.969734, 134.534883, 135.087923, 135.651985, 136.216322, 136.782577, 137.362426, 137.933223, 138.532926, 139.127614, 139.715449, 140.289901, 140.837695, 141.342236, 141.797506, 142.236606, 142.610261, 142.957999, 143.132096, 143.429840, 143.722940, 143.996553, 144.268228, 144.502252, 144.764441, 145.029063, 145.267244, 145.472089, 145.707903, 145.918700, 146.137412, 146.348992, 146.562314, 146.776589, 146.995055, 147.209154, 147.384039, 147.495836, 147.596096, 147.639219, 147.651689, 147.637196, 147.595593, 147.499155, 147.364075, 147.190301, 146.971107, 146.684497, 146.347832, 145.943311, 145.503286, 144.988935, 144.405932, 143.770046, 143.050079, 142.268214, 141.446604, 140.570567, 139.652595, 138.326029, 137.762668, 136.796421, 135.830018, 134.881793, 133.943150, 133.016883, 132.131581, 131.268499, 130.431356, 129.624171, 128.857987, 128.126673, 127.427628, 126.778201, 125.893228, 125.593378, 125.050134, 124.567546, 124.115360, 123.508368, 123.291092, 122.898837, 122.518354, 122.137019, 121.765810, 121.170833, 120.975081, 120.581081, 119.962681, 119.576821, 119.344338, 118.697238, 118.264696, 117.827957, 117.366817, 116.922751, 116.507210, 115.997264, 115.513433, 115.015016, 114.499406, 113.951259, 113.388710, 112.811796, 112.218595, 111.630406, 111.050921, 110.483291, 109.964110, 109.467525, 109.021242, 108.610288, 108.283942, 108.030627, 107.849718, 107.751631, 107.719402, 107.755544, 107.878546, 108.080809, 108.280436, 108.508491, 108.786117, 109.113355, 109.448672, 109.797392, 110.156169, 110.527807, 110.904195, 111.278164, 111.649914, 112.011845, 112.367705, 112.703870, 113.031614, 113.331133, 113.611732, 113.869953, 114.068339, 114.267472, 114.466586, 114.667883, 114.872455, 115.048599, 115.215606, 115.317789, 115.421579, 115.516647, 115.578634, 115.623857, 115.658002, 115.693524, 115.718040, 115.747497, 115.761188, 115.787790, 115.819601, 115.872519, 115.921787, 115.979295, 116.050058, 116.144713, 116.242234, 116.375729, 116.513968, 116.671979, 116.865499, 117.054720, 117.242551, 117.419222, 117.614005, 117.807608, 118.013017, 118.234386, 118.461976, 118.689691, 118.914149, 119.132457, 119.333604, 119.518413, 119.725520, 119.897614, 120.064816, 120.194399, 120.317647, 120.452549, 120.633697, 120.670548, 120.981105, 121.305154, 121.840416, 122.177781, 122.749463, 123.327215, 123.835090, 124.589577, 125.285554, 125.862535, 126.733972, 127.340789, 128.100787, 129.045397, 129.679339, 130.642181, 131.460584, 132.103391, 133.066174, 133.717181, 134.524972, 135.440608, 136.021828, 136.869580, 137.550572, 138.192738, 138.773982, 139.315817, 139.811285, 140.243191, 140.628224, 140.945150, 141.249381, 141.552751, 141.834314, 142.056144, 142.246332, 142.409774, 142.561304, 142.676263, 142.791990, 142.885108, 142.962083, 143.025186, 143.070127, 143.113286, 143.155896, 143.185584, 143.213988, 143.254827, 143.315093, 143.371059, 143.433181, 143.500134, 143.574254, 143.658393, 143.759685, 143.881758, 144.016880, 144.180383, 144.368226, 144.593119, 144.813129, 145.072339, 145.345110, 145.609457, 145.863823, 146.124051, 146.383817, 146.666393, 146.974176, 147.290823, 147.636730, 147.984520, 148.333871, 148.707904, 149.090297, 149.482015, 149.874643, 150.260265, 150.668565, 151.070352, 151.492886, 151.885539, 152.279315, 152.651466, 153.015298, 153.372211, 153.742397, 154.062734, 154.382993, 154.718942, 155.056534, 155.406284, 155.780872, 156.179585, 156.621807, 157.109591, 157.707917, 158.117431, 158.679661, 159.212449, 159.772794, 160.326317, 160.880585, 161.442600, 161.978601, 162.677293, 163.053099, 163.566536, 164.064770, 164.543527, 164.989665, 165.487161, 165.813687, 166.162560, 166.486323, 166.778717, 167.027077, 167.237378, 167.436391, 167.613456, 167.752856, 167.863389, 167.913434, 167.932513, 167.997346, 167.991767, 167.907183, 167.955179, 167.916028, 167.797785, 167.762063, 167.719543, 167.696225, 167.688727, 167.662293, 167.623099, 167.574734, 167.507967, 167.387780, 167.230457, 167.041856, 166.824689, 166.584736, 166.329269, 166.045600, 165.746764, 165.455045, 165.148061, 164.849055, 164.566157, 164.291342, 164.028981, 163.783585, 163.550598, 163.341200, 163.129667, 162.926934, 162.759944, 162.595504, 162.438092, 162.269835, 162.105938, 161.946714, 161.773387, 161.620199, 161.471713, 161.322873, 161.170104, 161.020519, 160.870646, 160.707478, 160.545322, 160.388974, 160.221474, 160.055566, 159.890272, 159.695125, 159.510330, 159.327161, 159.135548, 158.945040, 158.771553, 158.584026, 158.416530, 158.273453, 158.129815, 157.921269, 157.879158, 157.751658, 157.644352, 157.527253, 157.416590, 157.298452, 157.203914, 157.117047, 157.034497, 156.950330, 156.855593, 156.753210, 156.649273, 156.492285, 156.337941, 156.168645, 155.963562, 155.655171, 155.519383, 155.264184, 154.988208, 154.718619, 154.445277, 154.161986, 153.873042, 153.560231, 153.229042, 152.890174, 152.561613, 152.230744, 151.906126, 151.601122, 151.316492, 151.013623, 150.729872, 150.461369, 150.197969, 149.958869, 149.715949, 149.464811, 149.224195, 148.939306, 148.643663, 148.354349, 148.052634, 147.602043, 147.486778, 147.216207, 146.937826, 146.681113, 146.425824, 146.182461, 145.945044, 145.701636, 145.465972, 145.230688, 144.993292, 144.755359, 144.500151, 144.261767, 143.857132, 143.770106, 143.371959, 143.285744, 143.043745, 142.665770, 142.595448, 142.371569, 142.013140, 141.818947, 141.767090, 141.460514, 141.272893, 141.098263, 140.925385, 140.749868, 140.588124, 140.421136, 140.261999, 140.094728, 139.925986, 139.761927, 139.583657, 139.389452, 139.194315, 138.987515, 138.766174, 138.524628, 138.272944, 138.001340, 137.710453, 137.420479, 137.128776, 136.868558, 136.598673, 136.340137, 136.106157, 135.866553, 135.633329, 135.387165, 135.139574, 134.903881, 134.674648, 134.441218, 134.210047, 134.001771, 133.797376, 133.579227, 133.366043, 133.164220, 132.978635, 132.795776, 132.634371, 132.487850, 132.333942, 132.199072, 132.089848, 131.998190, 131.929696, 131.904019, 131.910878, 131.942652, 132.001840, 132.065768, 132.154528, 132.236973, 132.318829, 132.402376, 132.555734, 132.694415, 132.894499, 133.142357, 133.478271, 133.820285, 134.208835, 134.759275, 135.248440, 135.886809, 136.629380, 137.465820, 138.669242, 139.459883, 140.629924, 141.874786, 143.216339, 145.079132, 146.112940, 147.655462, 149.266485, 150.910250, 152.601715, 154.784980, 156.056710, 157.812786, 159.592340, 161.370745, 163.168795, 164.954566, 166.759136, 168.542472, 170.321471, 172.077156, 173.817679, 175.517226, 177.190301, 178.827795, 179.564538, 177.625984, 176.511405, 175.038714, 173.598098, 172.204273, 170.823810, 169.445226, 168.082392, 166.752855, 165.450224, 164.187372, 162.947457, 161.753371, 160.565458, 159.409999, 158.054188, 157.235390, 156.501885, 155.477145, 154.508372, 153.630300, 152.804772, 151.935881, 151.346707, 150.620491, 150.011788, 149.509722, 148.873083, 148.310685, 147.840798, 147.181805, 146.651533, 146.233403, 145.665819, 145.269878, 144.914888, 144.596687, 144.283338, 143.976765, 143.679993, 143.389842, 143.082060, 142.771406, 142.428979, 142.077471, 141.686925, 141.283353, 140.846259, 140.387361, 139.882738, 139.327799, 138.716004, 138.045180, 137.325967, 136.534826, 135.697423, 134.806257, 133.861061, 132.877012, 131.834507, 130.730218, 129.573361, 128.362723, 127.097608, 125.789835, 124.491057, 123.188489, 121.893520, 120.640177, 119.431150, 118.269639, 117.154786, 116.077806, 115.028483, 114.014407, 112.776624, 112.092684, 111.156033, 110.203485, 109.208400, 108.214362, 107.180586, 106.126108, 105.022867, 103.879889, 102.682212, 101.429143, 100.155045, 98.857980, 97.538215, 95.947782, 94.569430, 93.547768, 92.235038, 90.982939, 89.775228, 88.605370, 87.493155, 86.435035, 85.434019, 84.500413, 83.647570, 82.896629, 82.221314, 81.646063, 81.168744, 80.772858, 80.577270, 80.406982, 80.240203, 80.355403, 80.260997, 80.316494, 80.558004, 80.518292, 80.670002, 81.070683, 81.131890, 81.702927, 82.142515, 82.661878, 83.261473, 83.933560, 84.305593, 85.479246, 86.351471, 87.261056, 88.204260, 89.123876, 90.208880, 91.249671, 92.321663, 93.412520, 94.482966, 95.546776, 96.586317, 97.553001, 98.476997, 99.355457, 100.174879, 100.914164, 101.569762, 102.147215, 102.646586, 103.063603, 103.427504, 103.705368, 103.883341, 103.982886, 103.977913, 103.894496, 103.706409, 103.482485, 103.230891, 102.893688, 102.524896, 102.126105, 101.685671, 101.235595, 100.786707, 100.332956, 99.880387, 99.427993, 98.966157, 98.504194, 98.062833, 97.645910, 97.271073, 96.897558, 96.557354, 96.260129, 95.991254, 95.733896, 95.489391, 95.249892, 95.048264, 94.850867, 94.628048, 94.412700, 94.215904, 94.031274, 93.846320, 93.661735, 93.475974, 93.288018, 93.054037, 92.792098, 92.515400, 92.213847, 91.903438, 91.588871, 91.251640, 90.919365, 90.588627, 90.255816, 89.930301, 89.544775, 89.266561, 88.945481, 88.627633, 88.288019, 87.970094, 87.663029, 87.361053, 87.052670, 86.753556, 86.452971, 86.150033, 85.808588, 85.581735, 85.320514, 85.011221, 84.808136, 84.572304, 84.376327, 84.215947, 84.033576, 83.881668, 83.733810, 83.600292, 83.442734, 83.303367, 83.145981, 82.977320, 82.820763, 82.668417, 82.520525, 82.373764, 82.282682, 82.166507, 82.061958, 82.015396, 81.974336, 81.958222, 81.906036, 81.859080, 81.842530, 81.810558, 81.775141, 81.747401, 81.739777, 81.690483, 81.661629, 81.625906, 81.587900, 81.532904, 81.438257, 81.359179, 81.302005, 81.242718, 81.182097, 81.126711, 81.069766, 81.010162, 80.947329, 80.882190, 80.822163, 80.753275, 80.672791, 80.581625, 80.491376, 80.401523, 80.312261, 80.216356, 80.135506, 80.048923, 79.962553, 79.876855, 79.781531, 79.706414, 79.623067, 79.568457, 79.517496, 79.471917, 79.433051, 79.399774, 79.394550, 79.365612, 79.322340, 79.281731, 79.225793, 79.148213, 79.101558, 79.060469, 79.018478, 78.973726, 78.942695, 78.902564, 78.875238, 78.852789, 78.849765, 78.830773, 78.786723, 78.746921, 78.726834, 78.713484, 78.700751, 78.688212, 78.677713, 78.654946, 78.627263, 78.603384, 78.594405, 78.576180, 78.551087, 78.534650, 78.520878, 78.507175, 78.509270, 78.490652, 78.495702, 78.503319, 78.529137, 78.567158, 78.698892, 78.785800, 78.897123, 79.030345, 79.123079, 79.370067, 79.576810, 79.741375, 80.058743, 80.270536, 80.558040, 80.969300, 81.308084, 81.677163, 82.033341, 82.411810, 82.770922, 83.124699, 83.456420, 83.775106, 84.091700, 84.385072, 84.666893, 84.944284, 85.216839, 85.493944, 85.759086, 86.013716, 86.244345, 86.395913, 86.568273, 86.727543, 86.896460, 87.073320, 87.233734, 87.388508, 87.526745, 87.657975, 87.782610, 87.890711, 88.017504, 88.121552, 88.235838, 88.357830, 88.459863, 88.548334, 88.635846, 88.718062, 88.803737, 88.885871, 88.960046, 89.009277, 89.065231, 89.116314, 89.160204, 89.241028, 89.294443, 89.329393, 89.353171, 89.335625, 
,,,0.010113, 0.025316, 0.038293, 0.052829, 0.066298, 0.076605, 0.086609, 0.096685, 0.110062, 0.126744, 0.143481, 0.160100, 0.176848, 0.193520, 0.210222, 0.227056, 0.243535, 0.261993, 0.276549, 0.293213, 0.309883, 0.326526, 0.343327, 0.359909, 0.376619, 0.393241, 0.409939, 0.427155, 0.443375, 0.460081, 0.476692, 0.493255, 0.511602, 0.526660, 0.543303, 0.560000, 0.576692, 0.593284, 0.610092, 0.626675, 0.643372, 0.660062, 0.676945, 0.693431, 0.710112, 0.726817, 0.743488, 0.761447, 0.776818, 0.793468, 0.810149, 0.826852, 0.843514, 0.860191, 0.876927, 0.893528, 0.910322, 0.927012, 0.945343, 0.960951, 0.978388, 0.994310, 1.012505, 1.027835, 1.046093, 1.061282, 1.077957, 1.094585, 1.111266, 1.127921, 1.144586, 1.161331, 1.178029, 1.195086, 1.212282, 1.228033, 1.244677, 1.263449, 1.277964, 1.294631, 1.311290, 1.328047, 1.348650, 1.361764, 1.378162, 1.394770, 1.411593, 1.428230, 1.445016, 1.461446, 1.478184, 1.494973, 1.513471, 1.528240, 1.544989, 1.561601, 1.578533, 1.595608, 1.612101, 1.628734, 1.645422, 1.662182, 1.678861, 1.695887, 1.712074, 1.728808, 1.745512, 1.763487, 1.778785, 1.795444, 1.812112, 1.828874, 1.845534, 1.862185, 1.878818, 1.895622, 1.912297, 1.929440, 1.945974, 1.962156, 1.978885, 1.995659, 2.013394, 2.028948, 2.045566, 2.062231, 2.079323, 2.096120, 2.112565, 2.129074, 2.145886, 2.162683, 2.179344, 2.196300, 2.212513, 2.229561, 2.247559, 2.264547, 2.279297, 2.295858, 2.312525, 2.329273, 2.345925, 2.362904, 2.381014, 2.396390, 2.413065, 2.429969, 2.446168, 2.462643, 2.479295, 2.495843, 2.512762, 2.530629, 2.545820, 2.562835, 2.579269, 2.595898, 2.612486, 2.629094, 2.645952, 2.662909, 2.679269, 2.695922, 2.716414, 2.729289, 2.745838, 2.762555, 2.780394, 2.795841, 2.812602, 2.829236, 2.845903, 2.862589, 2.879236, 2.896013, 2.913142, 2.929374, 2.946572, 2.962972, 2.979543, 2.996147, 3.012865, 3.031510, 3.046275, 3.062948, 3.079612, 3.096304, 3.112924, 3.129622, 3.146321, 3.163384, 3.179613, 3.196308, 3.212968, 3.229743, 3.246645, 3.263094, 3.281468, 3.296362, 3.313064, 3.330130, 3.346676, 3.363149, 3.380039, 3.397167, 3.414010, 3.430344, 3.446746, 3.463428, 3.481047, 3.496718, 3.513427, 3.531567, 3.546656, 3.563383, 3.580068, 3.596745, 3.613380, 3.629963, 3.648536, 3.664028, 3.680278, 3.696611, 3.713271, 3.729855, 3.746469, 3.763135, 3.779834, 3.798794, 3.813289, 3.830068, 3.846709, 3.863975, 3.880345, 3.897157, 3.917228, 3.930431, 3.947001, 3.964152, 3.980449, 3.997106, 4.013795, 4.030478, 4.048464, 4.063836, 4.080394, 4.097071, 4.113872, 4.130479, 4.147659, 4.164332, 4.180557, 4.197186, 4.213793, 4.230596, 4.247220, 4.263939, 4.280587, 4.299344, 4.313967, 4.330548, 4.347242, 4.363942, 4.380792, 4.398300, 4.414565, 4.431107, 4.447533, 4.464067, 4.480872, 4.497480, 4.514139, 4.530853, 4.549396, 4.567384, 4.585769, 4.598240, 4.614937, 4.631052, 4.648260, 4.664970, 4.682683, 4.697838, 4.714513, 4.731228, 4.747897, 4.764524, 4.781160, 4.799344, 4.818512, 4.831219, 4.847951, 4.864635, 4.881303, 4.897943, 4.914695, 4.931236, 4.947999, 4.964597, 4.981292, 4.997990, 5.015085, 5.031411, 5.049356, 5.064821, 5.081548, 5.098205, 5.114888, 5.132204, 5.148238, 5.164973, 5.181547, 5.198169, 5.214875, 5.231615, 5.248275, 5.264927, 5.281562, 5.300672, 5.315046, 5.331652, 5.348408, 5.365283, 5.382558, 5.398397, 5.415410, 5.431893, 5.448498, 5.465166, 5.481889, 5.498505, 5.515155, 5.531802, 5.550420, 5.565167, 5.581833, 5.598584, 5.615183, 5.632365, 5.650109, 5.665347, 5.681897, 5.698661, 5.715298, 5.731998, 5.748660, 5.765329, 5.783983, 5.800400, 5.815632, 5.832150, 5.848814, 5.865555, 5.882209, 5.898957, 5.915567, 5.932189, 5.948887, 5.965500, 5.982448, 5.999023, 6.015576, 6.032254, 6.050385, 6.065891, 6.082479, 6.099142, 6.118899, 6.132430, 6.149116, 6.165825, 6.182416, 6.199084, 6.216055, 6.232728, 6.249223, 6.266007, 6.282623, 6.301496, 6.316026, 6.333192, 6.349629, 6.366500, 6.383101, 6.399884, 6.416740, 6.433328, 6.449768, 6.466407, 6.483113, 6.499783, 6.516801, 6.533314, 6.551432, 6.566581, 6.583388, 6.599914, 6.617109, 6.635207, 6.649993, 6.666591, 6.683557, 6.699924, 6.716513, 6.733118, 6.749764, 6.767786, 6.782899, 6.799598, 6.818471, 6.832959, 6.854613, 6.866649, 6.883589, 6.899759, 6.916338, 6.933081, 6.949899, 6.966629, 6.983177, 6.999951, 7.016662, 7.033323, 7.049934, 7.068437, 7.083342, 7.100425, 7.116724, 7.133767, 7.150342, 7.166790, 7.183356, 7.200018, 7.216576, 7.233317, 7.250102, 7.266901, 7.283933, 7.300482, 7.318430, 7.333589, 7.350624, 7.367111, 7.384120, 7.400915, 7.417039, 7.433676, 7.450346, 7.466788, 7.483510, 7.500408, 7.516835, 7.533496, 7.550155, 7.567217, 7.585504, 7.600725, 7.617542, 7.633654, 7.650328, 7.667033, 7.683668, 7.700448, 7.717316, 7.733864, 7.751313, 7.766867, 7.783470, 7.799913, 7.816774, 7.833447, 7.851350, 7.867173, 7.883321, 7.899964, 7.916653, 7.933113, 7.951358, 7.966817, 7.983339, 7.999870, 8.016611, 8.033307, 8.049966, 8.066633, 8.083284, 8.101314, 8.117235, 8.133312, 8.149974, 8.167025, 8.183482, 8.203730, 8.216857, 8.233646, 8.250608, 8.267096, 8.283607, 8.300264, 8.316853, 8.333869, 8.351342, 8.366650, 8.383073, 8.399706, 8.416415, 8.433201, 8.449806, 8.466460, 8.483186, 8.499834, 8.516515, 8.533553, 8.550026, 8.566639, 8.583332, 8.602204, 8.616639, 8.633363, 8.649961, 8.666675, 8.683324, 8.700054, 8.716731, 8.733687, 8.750180, 8.766732, 8.783409, 8.800102, 8.816774, 8.833528, 8.852207, 8.867355, 8.883764, 8.900287, 8.916982, 8.933657, 8.950321, 8.967295, 8.983803, 9.000409, 9.017453, 9.033907, 9.050507, 9.067167, 9.083739, 9.102298, 9.117063, 9.133756, 9.150503, 9.167105, 9.183833, 9.200530, 9.217149, 9.233923, 9.250650, 9.267649, 9.284180, 9.300720, 9.317440, 9.334116, 9.353261, 9.367419, 9.384081, 9.400805, 9.417476, 9.434170, 9.451157, 9.467663, 9.484283, 9.500962, 9.517657, 9.534341, 9.551084, 9.567956, 9.584732, 9.604446, 9.617824, 9.634508, 9.651286, 9.667830, 9.684545, 9.701249, 9.717854, 9.734649, 9.751351, 9.768015, 9.784742, 9.801674, 9.820560, 9.835327, 9.852150, 9.870217, 9.888750, 9.902026, 9.918704, 9.935549, 9.952253, 9.968949, 9.985667, 10.002346, 10.019016, 10.035704, 10.052341, 10.069155, 10.085967, 10.102396, 10.121157, 10.135781, 10.152399, 10.169083, 10.185752, 10.202371, 10.219071, 10.235820, 10.252420, 10.269072, 10.285784, 10.302699, 10.319462, 10.335922, 10.352230, 10.368806, 10.387274, 10.402161, 10.418833, 10.435523, 10.452232, 10.468856, 10.485558, 10.502493, 10.518980, 10.535612, 10.552253, 10.569209, 10.585586, 10.602215, 10.618865, 10.637591, 10.652345, 10.668981, 10.685716, 10.702406, 10.718928, 10.735727, 10.752407, 10.769394, 10.785855, 10.802485, 10.819662, 10.836172, 10.852799, 10.869276, 10.888294, 10.902906, 10.921127, 10.936376, 10.961166, 10.972400, 10.987450, 11.003148, 11.019911, 11.036577, 11.053166, 11.070470, 11.086533, 11.103207, 11.119931, 11.138175, 11.153414, 11.169987, 11.186716, 11.203377, 11.219953, 11.237044, 11.253516, 11.270141, 11.286917, 11.303493, 11.320674, 11.336994, 11.353496, 11.370224, 11.389156, 11.403519, 11.420187, 11.436836, 11.453594, 11.470082, 11.486793, 11.503795, 11.520374, 11.537066, 11.554061, 11.570382, 11.586957, 11.603653, 11.620649, 11.639172, 11.653728, 11.670523, 11.687202, 11.703915, 11.720639, 11.737744, 11.754547, 11.770886, 11.787615, 11.804155, 11.821240, 11.837401, 11.854136, 11.870743, 11.889205, 11.904212, 11.922434, 11.938927, 11.954143, 11.971126, 11.987607, 12.004295, 12.020921, 12.037720, 12.058584, 12.071744, 12.087536, 12.104306, 12.120891, 12.139198, 12.154173, 12.170836, 12.187415, 12.204090, 12.220689, 12.237386, 12.254055, 12.270894, 12.287617, 12.304104, 12.320854, 12.337616, 12.354185, 12.370848, 12.388982, 12.404630, 12.421086, 12.437768, 12.454600, 12.471119, 12.487792, 12.504460, 12.521069, 12.537830, 12.554077, 12.570881, 12.587418, 12.603991, 12.620649, 12.637342, 12.655394, 12.670628, 12.687167, 12.703877, 12.720496, 12.737163, 12.753799, 12.770558, 12.787313, 12.803946, 12.820618, 12.837203, 12.853808, 12.870327, 12.886807, 12.903412, 12.922098, 12.936703, 12.953449, 12.970084, 12.986832, 13.003518, 13.020156, 13.037271, 13.053695, 13.070293, 13.086970, 13.103936, 13.120413, 13.136994, 13.154001, 13.172276, 13.187042, 13.205310, 13.220429, 13.237121, 13.253781, 13.271007, 13.287414, 13.304399, 13.320586, 13.337315, 13.353887, 13.370544, 13.387508, 13.403976, 13.422185, 13.437218, 13.453789, 13.470497, 13.490999, 13.503970, 13.520606, 13.537276, 13.553803, 13.570545, 13.587247, 13.603860, 13.620574, 13.637270, 13.653884, 13.672077, 13.687310, 13.703988, 13.720627, 13.737386, 13.754048, 13.770738, 13.787620, 13.804466, 13.820863, 13.837426, 13.854195, 13.870825, 13.887498, 13.904156, 13.922093, 13.937502, 13.954172, 13.970909, 13.987500, 14.004424, 14.021499, 14.038434, 14.054500, 14.071149, 14.087800, 14.104515, 14.121149, 14.137859, 14.154883, 14.173170, 14.188116, 14.204741, 14.221466, 14.238171, 14.254839, 14.271570, 14.288634, 14.304805, 14.321573, 14.338186, 14.354816, 14.371514, 14.388550, 14.405351, 14.423206, 14.438470, 14.455274, 14.472088, 14.488815, 14.505776, 14.522354, 14.539509, 14.555795, 14.572705, 14.589278, 14.605991, 14.622683, 14.639423, 14.656042, 14.674070, 14.689278, 14.706332, 14.723165, 14.739495, 14.758138, 14.772741, 14.789603, 14.806142, 14.822772, 14.839429, 14.855965, 14.873045, 14.890983, 14.906017, 14.924094, 14.939333, 14.956051, 14.972672, 14.989332, 15.006454, 15.022683, 15.039768, 15.056300, 15.072699, 15.089396, 15.106130, 15.122682, 15.139434, 15.156020, 15.174023, 15.189365, 15.206377, 15.227594, 15.239648, 15.256203, 15.273322, 15.289875, 15.306571, 15.323068, 15.339715, 15.356257, 15.373269, 15.389826, 15.406337, 15.424122, 15.439553, 15.456029, 15.472586, 15.489413, 15.506107, 15.523153, 15.539312, 15.556335, 15.572849, 15.589380, 15.606083, 15.622912, 15.639707, 15.656434, 15.675038, 15.689840, 15.706602, 15.723419, 15.740005, 15.756619, 15.773775, 15.790348, 15.806893, 15.823488, 15.840099, 15.856828, 15.873472, 15.890143, 15.906834, 15.925008, 15.940202, 15.956768, 15.973408, 15.990056, 16.006597, 16.023391, 16.039829, 16.058009, 16.073218, 16.089857, 16.106555, 16.123173, 16.139911, 16.156568, 16.174837, 16.189929, 16.206644, 16.223463, 16.240107, 16.258791, 16.273383, 16.290067, 16.306699, 16.323308, 16.339948, 16.356659, 16.373293, 16.389962, 16.406644, 16.424874, 16.440059, 16.457047, 16.477638, 16.490203, 16.507332, 16.523851, 16.540428, 16.556963, 16.573839, 16.590529, 16.607188, 16.623772, 16.640457, 16.657107, 16.675055, 16.690390, 16.707157, 16.724045, 16.740484, 16.757756, 16.773816, 16.790505, 16.807189, 16.823902, 16.840568, 16.857334, 16.874004, 16.890922, 16.907533, 16.925931, 16.941003, 16.957759, 16.974614, 16.991059, 17.008158, 17.024420, 17.041032, 17.057670, 17.074465, 17.090954, 17.107529, 17.124222, 17.140696, 17.157421, 17.174048, 17.191965, 17.207414, 17.224521, 17.240812, 17.257459, 17.274113, 17.290792, 17.307463, 17.324443, 17.340999, 17.357549, 17.374287, 17.390948, 17.407752, 17.424390, 17.443023, 17.459868, 17.474514, 17.491465, 17.507989, 17.524344, 17.540887, 17.557626, 17.574210, 17.590731, 17.607386, 17.624065, 17.640836, 17.657389, 17.676200, 17.691005, 17.709062, 17.724557, 17.741008, 17.757482, 17.774228, 17.790821, 17.807489, 17.824305, 17.844915, 17.857875, 17.874567, 17.891214, 17.907894, 17.924581, 17.941254, 17.959916, 17.974640, 17.991793, 18.008297, 18.024785, 18.041441, 18.058394, 18.075292, 18.091628, 18.108352, 18.125020, 18.141690, 18.158691, 18.175352, 18.191883, 18.210052, 18.225786, 18.241682, 18.258289, 18.274947, 18.291666, 18.308380, 18.324994, 18.341695, 18.358429, 18.375494, 18.392209, 18.408577, 18.425271, 18.442010, 18.459043, 18.475823, 18.492001, 18.509165, 18.525633, 18.542397, 18.559057, 18.575744, 18.592433, 18.609167, 18.625770, 18.642422, 18.661585, 18.675904, 18.692521, 18.710973, 18.726717, 18.742678, 18.759594, 18.776138, 18.793338, 18.809738, 18.827815, 18.843033, 18.859652, 18.876294, 18.892861, 18.909648, 18.926280, 18.944581, 18.961898, 18.976833, 18.993075, 19.009758, 19.026875, 19.043313, 19.060001, 19.076633, 19.093239, 19.109883, 19.126594, 19.143214, 19.159980, 19.176713, 19.193309, 19.211896, 19.226791, 19.243273, 19.259838, 19.276854, 19.293524, 19.310258, 19.326944, 19.344026, 19.360185, 19.376667, 19.393357, 19.410082, 19.426839, 19.443905, 19.460183, 19.478876, 19.493573, 19.510254, 19.526866, 19.543519, 19.560228, 19.576843, 19.593585, 19.610253, 19.626871, 19.643628, 19.660250, 19.676954, 19.693605, 19.710653, 19.726861, 19.745158, 19.760558, 19.776877, 19.793470, 19.810105, 19.826782, 19.843522, 19.860139, 19.876866, 19.893521, 19.910230, 19.927098, 19.943662, 19.960296, 19.978932, 19.995118, 20.010281, 20.026629, 20.043196, 20.059688, 20.076417, 20.092954, 20.109640, 20.126210, 20.143299, 20.160193, 20.176512, 20.193210, 20.209747, 20.226472, 20.243441, 20.262128, 20.276470, 20.293141, 20.309727, 20.326814, 20.343247, 20.359705, 20.376301, 20.392883, 20.409700, 20.426498, 20.443066, 20.459740, 20.476273, 20.493266, 20.512001, 20.526386, 20.543038, 20.559692, 20.576417, 20.593081, 20.609772, 20.626419, 20.643114, 20.659760, 20.676456, 20.693116, 20.709724, 20.726535, 20.743458, 20.762016, 20.776560, 20.793248, 20.809917, 20.826593, 20.843261, 20.859975, 20.876555, 20.893241, 20.910008, 20.926666, 20.943840, 20.960466, 20.976570, 20.993294, 21.011781, 21.026636, 21.043402, 21.059993, 21.076717, 21.093362, 21.110056, 21.126742, 21.143456, 21.160117, 21.176901, 21.195287, 21.210203, 21.226933, 21.243546, 21.261759, 21.276967, 21.293689, 21.310355, 21.327040, 21.343702, 21.360697, 21.377182, 21.393807, 21.410872, 21.427574, 21.444457, 21.462124, 21.477255, 21.493891, 21.511857, 21.527228, 21.544250, 21.560736, 21.577647, 21.594213, 21.610963, 21.627481, 21.644040, 21.665040, 21.678242, 21.694638, 21.710743, 21.727529, 21.744116, 21.762850, 21.777444, 21.794056, 21.810746, 21.827379, 21.844076, 21.860676, 21.877334, 21.894048, 21.910924, 21.927651, 21.944968, 21.961065, 21.977749, 21.994680, 22.012904, 22.027851, 22.044471, 22.061135, 22.077887, 22.094522, 22.111287, 22.127881, 22.144694, 22.161393, 22.178678, 22.195417, 22.211843, 22.228472, 22.244960, 22.263008, 22.278376, 22.295086, 22.311817, 22.328457, 22.345121, 22.361733, 22.378381, 22.395082, 22.411719, 22.428867, 22.445097, 22.461689, 22.478375, 22.495073, 22.513803, 22.528484, 22.545164, 22.561978, 22.578641, 22.595290, 22.612306, 22.628863, 22.645447, 22.662582, 22.679132, 22.695512, 22.712182, 22.728848, 22.745507, 22.763842, 22.778812, 22.795370, 22.812012, 22.828723, 22.845328, 22.861983, 22.878806, 22.895367, 22.912460, 22.929185, 22.945390, 22.962117, 22.978961, 22.995583, 23.015792, 23.029026, 23.045555, 23.062179, 23.078824, 23.095481, 23.112160, 23.128922, 23.145681, 23.162499, 23.179138, 23.197164, 23.212537, 23.229274, 23.245893, 23.262559, 23.280708, 23.295774, 23.312512, 23.329154, 23.345743, 23.362426, 23.379338, 23.399061, 23.412968, 23.429894, 23.445960, 23.462550, 23.479193, 23.495836, 23.512614, 23.531030, 23.546006, 23.562488, 23.579231, 23.595797, 23.612448, 23.629119, 23.646206, 23.663095, 23.679241, 23.695889, 23.712548, 23.729346, 23.745924, 23.762579, 23.780678, 23.795965, 23.812606, 23.829316, 23.845897, 23.863215, 23.879341, 23.896148, 23.913297, 23.929324, 23.946040, 23.963056, 23.979548, 23.996489, 24.013043, 24.031234, 24.046719, 24.063118, 24.079745, 24.096456, 24.113060, 24.129617, 24.146224, 24.162687, 24.179261, 24.195952, 24.212635, 24.229298, 24.245926, 24.262546, 24.279214, 24.297777, 24.312836, 24.329354, 24.346025, 24.362690, 24.379497, 24.396120, 24.413194, 24.429495, 24.446089, 24.462749, 24.479424, 24.496049, 24.512691, 24.529232, 24.547732, 24.562415, 24.579131, 24.595807, 24.612841, 24.629659, 24.646014, 24.663040, 24.679241, 24.695972, 24.712609, 24.729279, 24.745988, 24.762656, 24.779319, 24.797757, 24.812804, 24.829451, 24.847798, 24.862927, 24.879796, 24.896947, 24.913383, 24.930037, 24.946749, 24.963476, 24.980069, 24.996820, 25.013482, 25.030112, 25.048640, 25.065063, 25.080246, 25.096855, 25.113634, 25.130484, 25.147123, 25.163720, 25.180402, 25.197086, 25.213736, 25.230461, 25.247110, 25.263783, 25.280432, 25.298616, 25.313744, 25.330447, 25.347478, 25.368431, 25.380695, 25.397999, 25.413902, 25.430587, 25.447278, 25.463924, 25.480701, 25.497259, 25.513996, 25.530707, 25.548640, 25.564034, 25.580706, 25.597399, 25.614160, 25.630745, 25.647875, 25.664495, 25.680901, 25.697563, 25.714209, 25.731341, 25.747705, 25.764293, 25.781001, 25.799765, 25.814880, 25.831299, 25.847905, 25.864527, 25.881716, 25.897857, 25.914545, 25.931207, 25.947879, 25.964541, 25.981241, 25.997889, 26.014513, 26.031169, 26.049672, 26.064489, 26.081486, 26.098036, 26.114603, 26.131745, 26.147941, 26.164694, 26.181296, 26.197994, 26.214711, 26.231331, 26.248038, 26.264667, 26.281334, 26.299661, 26.314559, 26.331708, 26.348470, 26.364967, 26.382110, 26.398521, 26.415092, 26.431669, 26.448344, 26.465019, 26.481654, 26.499898, 26.514953, 26.531572, 26.549754, 26.564806, 26.581559, 26.598238, 26.614795, 26.631958, 26.648118, 26.664890, 26.681448, 26.698218, 26.714865, 26.733107, 26.748282, 26.764809, 26.781408, 26.799589, 26.819224, 26.831491, 26.848135, 26.865293, 26.881422, 26.898094, 26.914844, 26.931586, 26.948584, 26.965166, 26.981848, 26.998733, 27.015410, 27.031960, 27.050715, 27.065301, 27.081976, 27.098632, 27.115626, 27.131941, 27.148480, 27.165162, 27.181841, 27.198481, 27.215124, 27.231884, 27.248464, 27.265120, 27.281872, 27.300640, 27.315162, 27.331982, 27.348583, 27.366039, 27.382046, 27.398862, 27.415424, 27.432068, 27.448801, 27.465619, 27.482361, 27.499059, 27.515812, 27.532541, 27.550644, 27.565956, 27.582566, 27.599236, 27.616502, 27.632783, 27.649368, 27.666171, 27.682965, 27.699643, 27.716459, 27.733250, 27.749833, 27.766436, 27.783005, 27.801715, 27.816489, 27.833065, 27.850410, 27.866494, 27.883257, 27.899832, 27.916503, 27.933223, 27.950191, 27.966733, 27.983321, 28.000012, 28.018261, 28.033436, 28.051629, 28.066899, 28.083496, 28.100274, 28.116841, 28.133628, 28.151739, 28.166920, 28.183663, 28.200277, 28.216977, 28.233696, 28.250388, 28.267127, 28.283785, 28.302551, 28.317109, 28.333694, 28.350825, 28.366774, 28.383442, 28.400209, 28.416878, 28.433586, 28.450256, 28.467308, 28.483720, 28.502288, 28.517067, 28.533786, 28.552576, 28.567378, 28.584058, 28.601080, 28.617210, 28.633823, 28.650527, 28.667240, 28.683864, 28.700591, 28.717199, 28.733975, 28.750543, 28.767502, 28.784044, 28.802640, 28.817253, 28.834240, 28.850364, 28.866904, 28.883503, 28.900267, 28.917010, 28.933656, 28.950170, 28.966839, 28.983400, 29.000020, 29.016710, 29.033373, 29.050148, 29.068559, 29.083466, 29.100638, 29.116713, 29.133323, 29.149955, 29.166854, 29.184967, 29.200000, 29.216633, 29.233379, 29.250019, 29.266766, 29.283724, 29.300264, 29.318516, 29.333596, 29.350158, 29.366854, 29.383520, 29.400223, 29.418440, 29.433609, 29.450268, 29.466928, 29.483705, 29.500305, 29.516957, 29.533644, 29.550482, 29.568530, 29.583789, 29.604707, 29.617065, 29.633855, 29.650484, 29.667206, 29.683889, 29.700476, 29.717139, 29.733789, 29.750327, 29.767036, 29.783702, 29.800339, 29.818483, 29.833626, 29.850425, 29.867004, 29.884026, 29.900494, 29.917064, 29.933733, 29.950744, 29.967182, 29.984082, 30.000552, 30.017094, 30.033858, 30.050594, 30.068599, 30.084080, 30.100834, 30.117563, 30.134200, 30.150966, 30.167633, 30.184228, 30.200926, 30.217694, 30.234770, 30.251061, 30.267744, 30.284457, 30.301044, 30.319524, 30.334538, 30.351430, 30.367938, 30.384537, 30.401214, 30.417843, 30.434648, 30.451246, 30.467973, 30.484592, 30.501241, 30.517931, 30.534666, 30.551341, 30.569499, 30.584966, 30.601244, 30.617914, 30.634561, 30.651328, 30.667919, 30.684961, 30.701467, 30.718078, 30.734796, 30.751736, 30.768260, 30.784882, 30.801613, 30.820609, 30.834891, 30.851549, 30.868289, 30.884930, 30.901720, 30.918355, 30.935046, 30.951724, 30.968320, 30.986570, 31.001755, 31.018437, 31.035051, 31.051652, 31.070444, 31.085049, 31.101434, 31.118176, 31.134829, 31.151476, 31.168168, 31.184773, 31.201771, 31.219893, 31.234961, 31.251858, 31.268400, 31.285064, 31.301829, 31.320609, 31.335190, 31.351657, 31.368299, 31.385341, 31.401713, 31.418313, 31.434940, 31.451602, 31.468245, 31.485248, 31.501754, 31.518292, 31.535007, 31.551723, 31.570367, 31.585061, 31.601786, 31.618368, 31.635119, 31.651801, 31.672349, 31.685155, 31.701902, 31.718478, 31.735292, 31.752233, 31.768829, 31.785694, 31.802216, 31.820871, 31.835573, 31.852174, 31.868835, 31.885547, 31.902196, 31.918927, 31.935517, 31.952251, 31.968874, 31.985579, 32.002233, 32.018992, 32.035607, 32.052237, 32.070506, 32.085609, 32.102253, 32.118947, 32.135991, 32.152464, 32.169359, 32.185873, 32.202450, 32.219054, 32.235832, 32.252501, 32.269457, 32.285994, 32.302572, 32.321426, 32.335875, 32.352549, 32.369514, 32.386252, 32.402584, 32.419253, 32.435960, 32.452635, 32.469287, 32.485953, 32.502554, 32.519294, 32.535991, 32.553057, 32.571363, 32.585909, 32.602906, 32.619437, 32.636032, 32.652656, 32.669334, 32.686032, 32.702624, 32.719272, 32.736321, 32.752809, 32.769402, 32.786170, 32.802746, 32.821425, 32.836040, 32.852728, 32.869410, 32.886085, 32.902752, 32.919410, 32.936066, 32.952735, 32.969374, 32.986083, 33.002761, 33.019466, 33.036218, 33.053254, 33.071370, 33.086155, 33.102873, 33.119534, 33.136476, 33.153024, 33.169630, 33.186290, 33.202970, 33.219688, 33.236379, 33.254717, 33.269917, 33.286514, 33.303012, 33.321431, 33.336443, 33.353026, 33.369701, 33.386400, 33.403059, 33.419719, 33.436606, 33.453463, 33.469990, 33.486487, 33.503232, 33.521985, 33.537215, 33.553281, 33.571426, 33.586658, 33.603279, 33.619963, 33.636739, 33.653991, 33.670521, 33.687123, 33.703802, 33.720451, 33.737222, 33.758226, 33.770570, 33.787995, 33.803973, 33.822503, 33.837254, 33.853934, 33.870858, 33.887377, 33.903972, 33.920693, 33.937277, 33.953998, 33.970705, 33.987361, 34.004064, 34.020763, 34.037935, 34.053999, 34.072393, 34.087367, 34.104310, 34.120891, 34.137716, 34.154235, 34.170823, 34.187488, 34.204205, 34.220827, 34.237579, 34.254246, 34.271015, 34.287927, 34.304200, 34.322347, 34.337515, 34.354180, 34.370912, 34.387524, 34.404217, 34.421155, 34.437647, 34.454271, 34.471159, 34.487966, 34.504422, 34.521015, 34.538023, 34.554245, 34.572415, 34.587668, 34.604240, 34.620972, 34.637637, 34.654217, 34.670917, 34.687629, 34.704546, 34.721099, 34.737863, 34.754411, 34.771561, 34.787909, 34.804476, 34.822404, 34.837846, 34.854482, 34.871205, 34.887911, 34.904471, 34.921168, 34.937856, 34.954529, 34.971300, 34.988075, 35.004696, 35.021950, 35.038095, 35.054722, 35.073384, 35.088048, 35.104916, 35.121546, 35.138154, 35.154855, 35.171529, 35.188159, 35.205138, 35.222153, 35.238374, 35.255037, 35.272152, 35.288302, 35.305021, 35.323399, 35.338301, 35.354938, 35.373140, 35.388210, 35.405370, 35.421666, 35.438884, 35.455540, 35.471929, 35.488608, 35.505341, 35.521886, 35.538605, 35.555267, 35.573514, 35.588606, 35.605293, 35.622008, 35.640270, 35.655282, 35.671865, 35.688543, 35.705233, 35.722238, 35.738618, 35.755348, 35.771921, 35.788583, 35.805297, 35.823291, 35.838725, 35.855478, 35.872142, 35.888944, 35.905588, 35.922275, 35.938945, 35.959642, 35.972386, 35.988944, 36.006503, 36.022520, 36.039063, 36.055772, 36.074335, 36.089129, 36.105799, 36.122419, 36.139063, 36.155775, 36.172337, 36.189011, 36.206066, 36.222867, 36.239155, 36.256219, 36.272704, 36.289225, 36.305788, 36.324317, 36.339153, 36.355787, 36.372543, 36.389250, 36.405840, 36.422476, 36.439239, 36.455883, 36.472585, 36.489242, 36.505909, 36.522594, 36.539272, 36.555917, 36.574255, 36.589253, 36.605963, 36.622616, 36.639594, 36.656122, 36.672644, 36.689324, 36.705926, 36.722768, 36.739385, 36.755988, 36.772641, 36.789317, 36.805951, 36.824279, 36.839319, 36.856021, 36.872723, 36.889367, 36.906075, 36.922712, 36.939533, 36.956388, 36.973193, 36.990366, 37.006906, 37.023536, 37.040282, 37.057095, 37.075381, 37.090160, 37.106929, 37.123517, 37.140143, 37.156633, 37.174707, 37.189876, 37.206594, 37.223428, 37.240415, 37.256770, 37.273256, 37.289956, 37.306621, 37.323335, 37.341248, 37.356612, 37.373650, 37.390128, 37.407056, 37.423508, 37.442496, 37.457232, 37.473636, 37.490312, 37.507060, 37.523525, 37.540253, 37.556912, 37.573585, 37.591395, 37.606845, 37.623859, 37.640387, 37.656783, 37.673456, 37.690537, 37.706917, 37.723918, 37.740142, 37.756840, 37.773343, 37.789964, 37.806503, 37.823519, 37.839945, 37.858373, 37.876738, 37.889932, 37.906573, 37.923226, 37.939892, 37.956731, 37.973388, 37.989950, 38.006675, 38.023327, 38.039954, 38.056580, 38.073269, 38.090197, 38.108749, 38.123186, 38.140057, 38.156547, 38.173116, 38.189806, 38.206601, 38.223547, 38.240295, 38.256645, 38.273234, 38.289936, 38.306563, 38.323214, 38.339831, 38.358173, 38.373126, 38.389850, 38.406487, 38.423549, 38.440052, 38.456706, 38.473282, 38.490201, 38.506564, 38.523286, 38.539975, 38.556614, 38.573621, 38.590124, 38.608261, 38.623455, 38.640131, 38.656825, 38.673505, 38.690244, 38.706904, 38.723900, 38.740367, 38.756983, 38.773807, 38.790395, 38.807130, 38.823795, 38.840458, 38.859187, 38.873819, 38.890496, 38.907207, 38.923934, 38.940658, 38.957471, 38.974057, 38.990690, 39.007350, 39.024023, 39.040730, 39.057440, 39.074089, 39.090727, 39.109218, 39.124071, 39.140753, 39.157491, 39.174478, 39.191012, 39.207610, 39.224986, 39.240950, 39.257604, 39.274201, 39.290987, 39.307862, 39.324413, 39.340978, 39.359267, 39.374270, 39.391167, 39.407695, 39.424399, 39.441554, 39.458086, 39.475032, 39.491260, 39.507888, 39.524506, 39.541202, 39.557896, 39.574615, 39.591233, 39.609199, 39.624562, 39.641207, 39.657936, 39.674577, 39.691342, 39.707928, 39.725216, 39.741322, 39.757949, 39.774669, 39.791357, 39.808034, 39.824671, 39.841413, 39.860106, 39.875056, 39.891582, 39.908184, 39.924894, 39.941637, 39.958316, 39.974904, 39.991596, 40.008192, 40.024963, 40.041609, 40.058254, 40.075261, 40.091732, 40.110160, 40.124984, 40.141653, 40.158299, 40.175062, 40.191697, 40.208851, 40.225111, 40.241746, 40.258368, 40.275111, 40.291712, 40.308379, 40.325056, 40.341742, 40.360106, 40.375035, 40.391705, 40.408298, 40.425370, 40.441776, 40.458402, 40.475103, 40.493227, 40.508491, 40.525084, 40.541760, 40.558748, 40.575287, 40.591810, 40.610449, 40.625375, 40.641959, 40.658628, 40.675358, 40.692034, 40.709128, 40.725724, 40.742164, 40.758736, 40.775384, 40.792058, 40.808727, 40.825349, 40.842056, 40.860138, 40.875413, 40.892061, 40.908774, 40.925849, 40.942351, 40.958839, 40.977096, 40.992252, 41.008923, 41.025564, 41.042347, 41.058933, 41.075682, 41.092456, 41.111163, 41.125671, 41.142659, 41.161211, 41.176081, 41.192631, 41.209162, 41.225863, 41.242501, 41.259178, 41.275824, 41.292528, 41.309203, 41.325862, 41.342529, 41.361176, 41.375834, 41.392527, 41.409262, 41.425939, 41.443109, 41.459541, 41.476083, 41.492654, 41.509618, 41.526201, 41.542763, 41.559446, 41.576168, 41.592820, 41.611196, 41.626207, 41.642817, 41.659556, 41.676293, 41.693443, 41.709536, 41.726228, 41.742838, 41.759577, 41.776211, 41.792845, 41.809541, 41.826219, 41.842888, 41.861059, 41.876260, 41.892940, 41.909685, 41.926319, 41.943366, 41.959678, 41.976640, 41.993145, 42.009713, 42.026380, 42.043040, 42.060074, 42.076559, 42.093146, 42.111124, 42.126492, 42.143169, 42.159851, 42.177037, 42.193476, 42.209839, 42.226578, 42.243243, 42.259872, 42.276562, 42.293265, 42.309906, 42.326602, 42.343588, 42.362180, 42.376674, 42.393442, 42.410077, 42.428059, 42.443478, 42.460084, 42.476743, 42.493524, 42.510582, 42.527300, 42.543882, 42.560525, 42.577261, 42.593904, 42.612114, 42.627820, 42.644346, 42.660827, 42.678060, 42.694108, 42.710764, 42.727571, 42.744082, 42.760775, 42.777485, 42.794176, 42.810770, 42.827498, 42.844060, 42.862196, 42.877499, 42.894257, 42.910896, 42.927796, 42.944343, 42.960921, 42.977603, 42.994272, 43.012927, 43.027857, 43.044390, 43.061405, 43.077929, 43.094466, 43.113274, 43.127810, 43.144620, 43.161735, 43.177908, 43.194542, 43.211196, 43.227933, 43.244558, 43.262703, 43.277861, 43.294549, 43.311150, 43.327909, 43.344535, 43.363102, 43.377973, 43.394615, 43.411450, 43.428008, 43.444617, 43.461312, 43.477965, 43.494593, 43.511320, 43.528047, 43.544657, 43.561359, 43.578058, 43.594680, 43.616076, 43.628109, 43.644793, 43.661950, 43.678250, 43.694786, 43.711499, 43.728226, 43.744838, 43.761472, 43.778131, 43.794838, 43.811538, 43.828132, 43.844895, 43.861553, 43.880034, 43.894976, 43.912072, 43.928267, 43.945797, 43.961927, 43.978457, 43.995180, 44.011819, 44.028513, 44.045143, 44.061800, 44.078829, 44.095422, 44.111978, 44.130206, 44.145830, 44.162332, 44.178541, 44.195258, 44.211946, 44.228926, 44.245443, 44.262002, 44.279006, 44.295477, 44.312043, 44.328702, 44.345688, 44.362285, 44.380162, 44.396011, 44.412575, 44.428860, 44.445401, 44.462383, 44.478895, 44.495432, 44.512119, 44.528813, 44.545462, 44.562218, 44.578846, 44.595542, 44.612257, 44.631054, 44.646467, 44.662431, 44.678752, 44.695582, 44.712586, 44.729360, 44.745983, 44.762849, 44.779543, 44.796210, 44.812900, 44.829654, 44.846191, 44.863061, 44.881102, 44.896902, 44.913070, 44.929614, 44.946350, 44.964655, 44.979685, 44.996403, 45.013250, 45.029817, 45.046565, 45.063201, 45.079839, 45.096649, 45.113307, 45.134027, 45.146930, 45.163721, 45.180149, 45.196785, 45.213332, 45.230506, 45.250737, 45.263502, 45.280131, 45.297359, 45.313726, 45.330308, 45.346930, 45.363724, 45.380626, 45.399110, 45.413822, 45.430413, 45.447191, 45.463801, 45.480484, 45.497043, 45.513676, 45.530398, 45.547089, 45.563693, 45.580361, 45.597618, 45.613774, 45.631188, 45.649069, 45.663694, 45.680247, 45.697018, 45.713913, 45.730504, 45.747347, 45.763838, 45.780469, 45.797034, 45.813776, 45.830385, 45.847022, 45.863691, 45.880872, 45.899352, 45.913789, 45.930454, 45.947070, 45.963737, 45.980416, 45.997118, 46.013834, 46.030365, 46.047170, 46.063767, 46.080442, 46.097229, 46.113920, 46.130534, 46.148930, 46.163931, 46.180517, 46.197178, 46.213870, 46.230652, 46.247337, 46.263974, 46.280698, 46.297392, 46.314138, 46.330879, 46.347523, 46.364710, 46.380884, 46.399998, 46.414261, 46.430931, 46.449140, 46.464214, 46.480893, 46.497595, 46.514245, 46.530969, 46.547622, 46.564294, 46.581022, 46.597754, 46.614927, 46.631375, 46.651169, 46.664836, 46.681289, 46.697900, 46.714893, 46.731704, 46.747967, 46.765027, 46.781358, 46.798012, 46.819350, 46.831595, 46.848195, 46.865186, 46.881778, 46.898100, 46.916040, 46.931339, 46.948402, 46.965064, 46.981565, 46.998190, 47.014738, 47.031392, 47.048024, 47.064591, 47.081602, 47.098005, 47.114489, 47.131337, 47.147761, 47.165878, 47.181167, 47.197867, 47.214491, 47.231223, 47.247881, 47.264520, 47.281239, 47.297867, 47.314553, 47.331287, 47.347995, 47.364556, 47.381375, 47.397882, 47.415902, 47.431267, 47.447928, 47.464534, 47.481189, 47.498236, 47.514733, 47.531614, 47.548119, 47.564687, 47.581367, 47.598119, 47.614732, 47.631403, 47.648075, 47.665930, 47.681400, 47.698083, 47.715048, 47.731553, 47.748179, 47.764798, 47.781439, 47.798451, 47.814993, 47.831618, 47.848746, 47.865447, 47.881571, 47.898264, 47.916970, 47.931608, 47.948386, 47.965041, 47.981897, 47.998536, 48.015573, 48.032151, 48.048712, 48.065432, 48.082191, 48.098880, 48.115873, 48.132103, 48.148799, 48.166935, 48.182173, 48.198810, 48.215482, 48.232201, 48.250440, 48.265517, 48.282225, 48.298819, 48.315607, 48.332247, 48.349416, 48.365836, 48.382225, 48.398928, 48.416907, 48.432411, 48.450523, 48.465695, 48.482370, 48.499083, 48.516007, 48.532534, 48.549169, 48.569797, 48.582633, 48.599207, 48.615913, 48.632553, 48.649222, 48.668271, 48.682709, 48.699311, 48.715921, 48.732665, 48.749245, 48.765947, 48.782629, 48.799378, 48.816055, 48.832684, 48.849959, 48.866389, 48.882694, 48.899645, 48.918000, 48.932710, 48.949455, 48.966142, 48.982823, 48.999493, 49.016458, 49.032961, 49.049614, 49.066260, 49.082938, 49.100085, 49.116158, 49.132940, 49.149601, 49.167875, 49.182954, 49.199638, 49.216566, 49.233198, 49.249754, 49.266361, 49.283063, 49.299632, 49.316387, 49.333045, 49.350159, 49.366304, 49.383017, 49.399689, 49.418201, 49.433154, 49.449721, 49.466368, 49.482988, 49.499635, 49.516329, 49.532963, 49.549635, 49.566608, 49.583356, 49.600107, 49.616403, 49.633048, 49.649687, 49.667886, 49.683060, 49.699775, 49.716380, 49.733162, 49.749785, 49.766426, 49.783089, 49.799829, 49.816481, 49.833595, 49.849768, 49.866441, 49.883153, 49.899851, 49.919912, 49.933185, 49.950177, 49.966698, 49.983308, 49.999929, 50.016690, 50.033315, 50.050055, 50.066737, 50.083351, 50.099996, 50.116655, 50.134907, 50.150022, 50.167080, 50.184910, 50.200188, 50.220648, 50.233407, 50.250455, 50.266940, 50.283491, 50.300151, 50.316757, 50.333446, 50.350010, 50.366611, 50.383345, 50.399892, 50.416650, 50.434702, 50.450349, 50.466786, 50.483385, 50.500074, 50.516753, 50.533477, 50.550184, 50.566884, 50.583480, 50.600183, 50.616858, 50.633536, 50.650471, 50.666995, 50.684879, 50.700222, 50.716915, 50.733593, 50.750224, 50.766868, 50.783617, 50.800247, 50.816932, 50.833530, 50.850240, 50.866840, 50.883545, 50.900197, 50.916903, 50.934804, 50.950212, 50.966915, 50.983528, 51.000270, 51.016920, 51.033624, 51.050285, 51.067249, 51.083685, 51.100316, 51.117029, 51.134069, 51.150579, 51.167165, 51.185808, 51.200500, 51.217132, 51.233846, 51.250501, 51.267188, 51.283873, 51.300540, 51.317411, 51.334212, 51.350693, 51.367298, 51.383970, 51.400685, 51.417356, 51.435808, 51.450753, 51.467366, 51.484034, 51.500698, 51.517408, 51.534172, 51.551092, 51.568182, 51.584216, 51.600881, 51.617643, 51.634312, 51.651014, 51.667689, 51.685772, 51.701061, 51.717736, 51.734462, 51.751084, 51.767770, 51.784782, 51.801271, 51.818207, 51.834439, 51.851187, 51.867924, 51.884722, 51.901447, 51.918370, 51.936758, 51.951833, 51.968452, 51.985195, 52.002396, 52.018785, 52.035425, 52.052061, 52.070297, 52.085499, 52.102142, 52.118741, 52.135461, 52.152105, 52.168794, 52.186857, 52.202126, 52.218689, 52.235431, 52.252053, 52.270497, 52.285499, 52.302631, 52.318854, 52.335750, 52.356308, 52.368821, 52.385351, 52.401837, 52.418527, 52.435484, 52.454047, 52.468374, 52.485051, 52.501702, 52.518406, 52.535026, 52.551138, 52.568020, 52.584330, 52.600917, 52.617526, 52.634300, 52.650946, 52.667608, 52.684290, 52.700970, 52.720118, 52.734493, 52.751106, 52.767745, 52.784421, 52.801101, 52.817783, 52.834401, 52.851100, 52.867771, 52.884467, 52.901137, 52.917815, 52.934478, 52.951161, 52.969769, 52.984489, 53.001613, 53.017957, 53.034631, 53.051597, 53.068092, 53.084696, 53.101627, 53.118140, 53.134731, 53.151379, 53.168077, 53.184776, 53.201441, 53.220071, 53.234979, 53.251474, 53.268509, 53.285072, 53.301545, 53.318191, 53.334887, 53.351511, 53.368206, 53.385122, 53.401586, 53.418215, 53.434864, 53.451545, 53.469680, 53.484878, 53.501548, 53.518266, 53.534995, 53.551703, 53.568311, 53.584966, 53.601661, 53.618326, 53.634988, 53.652036, 53.668530, 53.685442, 53.701937, 53.719776, 53.735260, 53.752690, 53.769476, 53.786996, 53.802931, 53.819505, 53.836190, 53.852800, 53.869467, 53.886237, 53.902812, 53.919509, 53.936172, 53.952883, 53.971763, 53.986627, 54.003056, 54.019785, 54.036933, 54.053293, 54.069967, 54.086567, 54.103355, 54.119987, 54.136612, 54.153334, 54.170077, 54.186729, 54.203398, 54.221829, 54.238933, 54.253739, 54.270808, 54.287384, 54.303578, 54.320301, 54.336978, 54.353612, 54.370307, 54.386898, 54.403637, 54.420600, 54.437198, 54.453728, 54.471790, 54.488674, 54.503811, 54.520948, 54.537274, 54.553887, 54.570417, 54.587109, 54.603831, 54.620463, 54.637134, 54.653837, 54.670368, 54.687160, 54.703683, 54.721715, 54.737090, 54.754105, 54.770497, 54.787194, 54.803781, 54.820555, 54.837237, 54.857517, 54.870645, 54.887309, 54.904088, 54.920698, 54.937401, 54.953979, 54.972668, 54.987461, 55.004103, 55.020554, 55.037253, 55.053710, 55.070715, 55.087180, 55.103740, 55.120455, 55.137423, 55.153954, 55.170586, 55.187215, 55.203878, 55.220591, 55.238709, 55.254037, 55.270684, 55.287278, 55.303963, 55.320636, 55.337281, 55.353930, 55.370609, 55.387278, 55.403943, 55.420966, 55.437457, 55.454027, 55.470710, 55.488622, 55.504135, 55.521156, 55.537441, 55.554084, 55.570815, 55.587518, 55.604135, 55.620836, 55.637575, 55.654248, 55.671067, 55.687828, 55.704517, 55.721609, 55.739613, 55.754639, 55.771335, 55.787985, 55.804648, 55.821637, 55.838248, 55.854814, 55.871459, 55.888526, 55.904988, 55.921546, 55.938602, 55.955581, 55.971806, 55.989810, 56.005071, 56.021745, 56.038325, 56.055021, 56.071694, 56.088376, 56.105029, 56.121697, 56.138387, 56.155041, 56.171749, 56.190009, 56.205075, 56.222136, 56.240648, 56.255049, 56.272165, 56.288583, 56.305170, 56.321887, 56.338549, 56.355188, 56.371859, 56.390425, 56.405406, 56.422121, 56.438863, 56.455814, 56.472319, 56.490676, 56.509785, 56.522469, 56.539076, 56.555769, 56.572413, 56.589221, 56.605870, 56.622597, 56.639328, 56.655978, 56.672853, 56.689615, 56.706700, 56.723386, 56.741612, 56.756624, 56.773292, 56.789880, 56.806671, 56.823348, 56.840381, 56.856803, 56.873433, 56.890181, 56.906728, 56.923519, 56.940202, 56.956907, 56.974045, 56.991630, 57.006989, 57.023905, 57.040395, 57.056905, 57.073579, 57.090251, 57.108458, 57.123724, 57.140287, 57.156939, 57.173594, 57.192389, 57.207113, 57.224450, 57.241579, 57.256991, 57.273791, 57.290651, 57.307195, 57.325867, 57.340331, 57.357167, 57.373867, 57.390483, 57.407251, 57.423880, 57.440562, 57.457347, 57.474427, 57.492639, 57.507157, 57.523930, 57.540648, 57.557289, 57.573963, 57.590581, 57.607553, 57.624120, 57.640642, 57.657369, 57.674364, 57.690778, 57.707421, 57.724478, 57.740954, 57.758687, 57.775534, 57.790756, 57.807492, 57.824053, 57.840684, 57.858847, 57.874076, 57.890801, 57.907392, 57.924282, 57.940871, 57.957899, 57.974650, 57.991115, 58.008893, 58.024230, 58.040760, 58.061306, 58.074104, 58.090863, 58.107508, 58.124256, 58.140853, 58.157569, 58.174113, 58.190845, 58.208350, 58.224516, 58.240875, 58.258611, 58.274203, 58.290952, 58.307816, 58.324355, 58.341029, 58.357690, 58.374355, 58.390973, 58.407621, 58.424403, 58.441133, 58.457763, 58.474855, 58.491079, 58.509593, 58.524465, 58.541242, 58.557794, 58.575505, 58.591360, 58.607831, 58.624578, 58.641230, 58.657922, 58.676102, 58.691401, 58.707975, 58.725222, 58.741306, 58.759508, 58.774651, 58.793389, 58.808045, 58.824722, 58.841403, 58.858091, 58.874708, 58.891370, 58.908105, 58.924856, 58.941534, 
12, 10, 0, 1.469654, 1.469654, 1.469654, 1.469498, 1.436391, 1.381681, 1.318655, 1.239983, 1.147490, 1.036525, 0.912789, 0.703266, 0.444637, 0.152518, 0.173483, 0.521317, 0.897295, 1.296190, 1.714369, 2.153006, 2.610558, 3.078166, 3.561284, 4.052004, 4.554791, 5.088412, 5.629165, 6.177755, 6.696002, 7.217640, 7.713338, 8.180016, 8.557660, 8.881393, 9.115023, 9.262895, 9.361819, 9.420859, 9.435372, 9.428486, 9.403170, 9.339653, 9.278051, 9.194407, 9.102799, 8.966381, 8.809649, 8.645795, 8.471729, 8.265722, 8.046900, 7.809799, 7.572775, 7.322415, 7.069021, 6.829073, 6.597962, 6.392136, 6.225132, 6.090009, 5.992076, 5.936656, 5.938657, 5.976158, 6.044566, 6.142924, 6.281629, 6.347377, 6.433338, 6.473136, 6.476593, 6.438152, 6.377530, 6.301635, 6.185945, 5.871594, 5.913313, 5.800501, 5.602121, 5.426391, 5.214157, 5.004754, 4.798191, 4.593682, 4.386319, 4.194662, 4.011325, 3.762714, 3.726615, 3.589436, 3.345540, 3.411194, 3.354599, 3.297603, 3.233586, 3.167877, 3.108726, 3.059307, 3.018733, 3.004582, 3.041012, 3.120644, 3.242326, 3.368021, 3.498911, 3.560331, 3.745552, 3.848251, 3.909790, 3.959975, 3.976339, 3.953691, 3.779442, 3.827688, 3.694069, 3.371720, 3.179119, 3.109916, 2.675338, 2.590275, 2.125336, 1.855677, 1.593116, 1.326341, 1.082693, 1.026370, 0.659401, 0.471926, 0.443597, 0.130993, 0.003831, 0.117408, 0.211303, 0.322294, 0.429415, 0.527611, 0.610876, 0.663660, 0.698714, 0.688166, 0.617404, 0.531745, 0.431990, 0.531439, 0.376891, 0.181675, 0.027075, 0.261229, 0.512469, 0.824269, 1.134360, 1.452379, 1.824422, 2.096344, 2.376800, 2.638400, 2.869324, 3.080116, 3.272324, 3.448937, 3.607544, 3.741852, 3.885482, 3.904830, 3.926433, 3.909954, 3.867615, 3.760173, 3.620701, 3.437931, 3.194788, 2.913611, 2.570993, 2.169259, 1.552698, 1.218137, 0.685661, 0.111213, 0.507991, 1.146676, 1.807502, 2.480333, 3.147963, 3.843104, 4.527293, 5.175278, 5.792388, 6.508537, 6.897559, 7.406669, 7.871526, 8.282389, 8.635253, 8.935235, 9.222396, 9.395079, 9.568987, 9.627419, 9.604667, 9.507592, 9.325816, 9.088537, 8.797403, 8.454271, 8.082330, 7.701703, 7.316961, 6.942550, 6.593941, 6.291183, 5.822220, 5.784275, 5.581363, 5.390380, 5.234696, 5.093353, 4.964477, 4.853373, 4.777938, 4.560412, 4.644963, 4.405452, 4.343782, 4.376033, 4.277937, 4.009317, 4.065665, 3.943618, 3.621206, 3.490266, 3.382162, 3.344074, 3.255604, 3.266653, 3.425028, 3.477120, 3.664422, 3.865324, 4.113792, 4.373429, 4.633296, 4.873829, 5.069786, 5.235466, 5.388184, 5.545661, 5.692176, 5.826804, 5.950105, 6.054955, 6.149802, 6.184018, 6.200192, 6.191628, 6.126404, 6.010464, 5.871151, 5.698784, 5.502270, 5.290354, 5.049798, 4.806508, 4.542248, 4.279314, 4.005518, 3.769849, 3.517203, 3.293151, 3.115667, 2.963303, 2.854326, 2.792631, 2.765619, 2.814261, 2.880648, 2.987491, 3.106185, 3.237233, 3.383453, 3.532290, 3.721055, 3.863141, 4.033190, 4.198517, 4.387338, 4.588867, 4.806292, 5.032492, 5.246023, 5.466550, 5.695331, 5.916653, 6.147681, 6.357490, 6.566781, 6.749957, 6.912361, 7.041343, 7.168733, 7.280812, 7.309695, 7.319937, 7.285676, 7.212575, 7.108481, 6.961272, 6.790397, 6.585051, 6.368535, 6.153614, 5.951510, 5.709792, 5.473743, 5.246973, 5.027441, 4.828544, 4.639040, 4.463183, 4.014165, 4.124519, 3.965236, 3.828664, 3.703728, 3.559093, 3.447286, 3.359644, 3.251453, 3.183705, 3.146925, 3.058331, 3.126878, 3.136468, 3.155048, 2.964476, 3.154486, 2.945096, 3.118307, 3.079124, 2.798187, 2.704696, 2.569442, 2.396364, 2.434812, 1.979698, 1.769262, 1.801114, 1.329781, 1.114095, 0.921522, 0.751626, 0.598968, 0.485271, 0.387219, 0.334036, 0.297933, 0.268223, 0.225569, 0.191258, 0.166175, 0.142881, 0.131345, 0.128104, 0.121700, 0.135126, 0.160901, 0.200392, 0.239404, 0.278512, 0.296888, 0.313575, 0.296835, 0.236691, 0.156409, 0.036041, 0.122004, 0.307182, 0.525956, 0.765406, 1.033941, 1.326804, 1.638024, 1.938673, 2.256097, 2.555013, 2.849311, 3.131168, 3.419541, 3.677942, 3.904872, 4.120491, 4.305830, 4.448404, 4.565144, 4.658738, 4.692551, 4.742080, 4.733820, 4.681823, 4.571805, 4.441766, 4.270939, 4.044650, 3.834036, 3.582873, 3.340275, 3.117902, 2.876194, 2.614930, 2.268360, 1.960374, 1.604071, 1.232785, 0.837254, 0.446332, 0.064698, 0.300099, 0.626064, 0.916125, 1.187767, 1.418551, 1.627052, 1.820483, 1.930256, 1.951647, 2.037428, 2.045605, 2.011155, 1.939954, 1.848295, 1.718173, 1.560736, 1.377314, 1.180297, 0.951627, 0.717561, 0.488152, 0.241154, 0.001581, 0.343171, 0.559825, 0.632672, 0.799886, 1.045926, 1.128778, 1.120750, 1.219989, 1.156341, 1.118902, 1.117203, 1.012850, 0.866283, 0.710565, 0.579938, 0.442037, 0.303726, 0.162686, 0.026454, 0.116351, 0.254313, 0.386779, 0.532294, 0.653066, 0.779461, 0.879839, 0.929330, 0.962238, 0.971676, 0.969022, 0.936660, 0.896430, 0.833156, 0.762246, 0.672753, 0.586281, 0.469804, 0.335096, 0.211237, 0.082486, 0.005966, 0.131724, 0.213228, 0.295701, 0.362699, 0.410172, 0.428429, 0.423483, 0.399986, 0.340308, 0.267555, 0.320211, 0.291577, 0.237495, 0.156919, 0.091008, 0.007846, 0.111909, 0.154595, 0.204184, 0.247309, 0.289272, 0.345022, 0.414664, 0.482934, 0.548548, 0.603369, 0.649970, 0.683686, 0.684876, 0.678189, 0.645081, 0.601902, 0.532285, 0.435141, 0.317714, 0.223407, 0.107045, 0.012482, 0.121255, 0.199659, 0.249377, 0.273777, 0.217760, 0.177131, 0.148970, 0.130356, 0.057708, 0.049082, 0.180146, 0.379678, 0.491293, 0.658442, 0.840215, 1.083438, 1.220787, 1.422355, 1.583889, 1.741386, 1.885301, 2.024910, 2.150700, 2.245738, 2.273301, 2.301137, 2.325851, 2.351512, 2.315664, 2.254534, 2.124172, 1.966389, 1.784411, 1.600903, 1.393968, 1.177032, 0.931124, 0.673129, 0.323989, 0.166950, 0.091732, 0.421677, 0.563791, 0.785909, 1.059516, 1.178724, 1.340559, 1.454021, 1.535112, 1.559766, 1.542052, 1.554724, 1.527792, 1.506051, 1.493005, 1.465440, 1.402519, 1.291989, 1.173700, 1.056249, 0.945462, 0.872006, 0.780142, 0.690180, 0.610847, 0.573379, 0.537189, 0.477602, 0.443291, 0.412442, 0.381297, 0.369837, 0.368837, 0.384049, 0.412050, 0.423867, 0.420692, 0.440779, 0.474077, 0.499520, 0.486673, 0.452672, 0.418222, 0.409701, 0.378827, 0.343417, 0.307781, 0.268041, 0.203875, 0.134398, 0.064619, 0.004626, 0.069856, 0.119707, 0.157999, 0.196527, 0.235666, 0.255118, 0.252060, 0.200383, 0.197651, 0.194531, 0.149556, 0.126318, 0.092862, 0.072784, 0.080690, 0.073677, 0.053820, 0.046826, 0.046054, 0.053020, 0.098349, 0.114920, 0.137267, 0.169095, 0.216343, 0.263934, 0.312358, 0.350759, 0.370815, 0.386432, 0.401382, 0.416550, 0.432855, 0.451308, 0.476365, 0.506973, 0.542755, 0.596808, 0.651290, 0.699366, 0.755128, 0.801992, 0.832709, 0.859139, 0.873561, 0.879891, 0.882900, 0.880488, 0.879377, 0.862168, 0.851649, 0.843414, 0.829239, 0.725615, 0.547094, 0.388263, 0.135846, 0.144142, 0.455145, 0.803181, 1.208871, 1.662350, 2.128095, 2.626140, 3.177057, 3.743296, 4.366449, 4.919915, 5.557628, 6.250548, 6.854851, 7.506743, 8.176951, 8.749586, 9.297691, 9.860455, 10.341778, 10.793728, 11.195530, 11.487653, 11.715146, 11.865894, 11.934116, 11.915002, 11.816510, 11.633722, 11.415209, 11.126383, 10.810620, 10.435432, 10.030459, 9.591941, 9.131372, 8.638410, 8.108921, 7.535308, 6.932380, 6.285063, 5.634281, 4.953614, 4.255326, 3.534555, 2.800778, 2.064971, 1.306215, 0.548851, 0.238740, 1.020419, 1.805132, 2.598160, 3.396426, 4.195132, 4.986591, 5.770867, 6.542505, 7.253164, 7.941260, 8.552064, 9.089960, 9.546932, 9.931606, 10.241876, 10.482791, 10.632511, 10.708007, 10.710579, 10.594375, 10.386810, 10.205248, 9.871329, 9.466165, 9.005209, 8.445113, 7.819190, 7.140835, 6.443639, 5.709487, 4.946028, 4.155793, 3.330292, 2.494529, 1.649381, 0.793989, 0.063570, 1.190427, 1.805337, 2.660011, 3.495722, 4.322908, 5.114275, 5.837004, 6.495441, 7.071332, 7.563527, 7.977339, 8.309367, 8.541904, 8.656905, 8.757601, 8.691618, 8.644603, 8.456791, 8.219409, 7.928585, 7.582125, 7.194254, 6.787747, 6.343434, 5.918168, 5.469087, 5.011496, 4.566646, 4.116631, 3.674066, 3.086633, 2.675040, 2.299354, 2.088849, 1.728751, 1.291826, 1.131120, 0.876043, 0.568575, 0.409567, 0.259075, 0.149495, 0.067310, 0.009058, 0.004726, 0.019859, 0.038829, 0.105556, 0.169693, 0.238196, 0.295475, 0.357477, 0.418225, 0.477440, 0.538217, 0.597362, 0.655492, 0.713952, 0.770939, 0.828240, 0.883150, 0.938484, 0.993442, 1.049629, 1.104668, 1.131469, 1.125712, 1.131163, 1.129990, 1.104303, 1.098537, 1.098905, 1.074086, 1.032106, 0.998195, 0.991949, 0.956286, 0.915833, 0.918809, 0.915237, 0.908953, 0.905301, 0.893002, 0.886811, 0.886614, 0.891873, 0.894514, 0.886755, 0.886667, 0.893225, 0.887466, 0.872471, 0.867407, 0.861722, 0.849644, 0.820073, 0.788310, 0.792911, 0.734623, 0.678899, 0.605690, 0.535949, 0.460500, 0.378486, 0.278469, 0.179837, 0.088056, 0.020119, 0.107367, 0.191289, 0.256519, 0.321864, 0.393758, 0.455963, 0.501359, 0.548690, 0.533085, 0.563471, 0.596142, 0.614183, 0.634688, 0.671573, 0.691105, 0.719422, 0.735156, 0.743446, 0.757304, 0.784536, 0.785561, 0.798575, 0.818406, 0.841099, 0.815819, 0.808216, 0.759024, 0.715023, 0.680672, 0.609296, 0.516994, 0.416806, 0.308916, 0.194226, 0.046115, 0.053080, 0.183829, 0.320171, 0.457810, 0.600072, 0.748451, 0.890076, 1.029218, 1.171739, 1.313311, 1.451714, 1.586604, 1.717707, 1.844840, 1.965834, 2.081445, 2.189664, 2.291247, 2.361892, 2.397505, 2.378460, 2.339463, 2.274371, 2.205316, 2.089584, 1.963003, 1.785907, 1.608672, 1.423952, 1.238775, 1.081709, 0.925216, 0.785123, 0.678201, 0.591040, 0.518584, 0.469215, 0.428329, 0.410159, 0.399385, 0.443176, 0.473998, 0.506351, 0.545170, 0.583200, 0.633738, 0.684582, 0.785694, 0.880159, 0.965282, 1.033095, 1.103255, 1.170128, 1.230709, 1.295140, 1.352579, 1.397506, 1.406250, 1.404596, 1.388694, 1.367928, 1.353546, 1.345538, 1.313847, 1.292036, 1.273516, 1.242224, 1.198849, 1.161898, 1.075331, 1.092039, 1.068359, 1.054788, 1.038477, 1.023155, 1.019892, 1.017544, 1.013588, 1.009123, 0.957029, 0.981797, 0.949641, 0.911018, 0.869787, 0.775399, 0.784234, 0.718247, 0.654266, 0.564050, 0.476241, 0.392889, 0.298362, 0.205830, 0.098064, 0.061520, 0.081011, 0.200717, 0.318257, 0.517652, 0.628441, 0.659565, 0.859503, 0.967243, 0.978726, 1.157887, 1.264063, 1.333150, 1.400770, 1.439679, 1.454011, 1.445782, 1.400083, 1.385144, 1.281383, 1.215945, 1.156352, 1.087251, 1.005708, 0.921311, 0.830567, 0.750153, 0.660272, 0.568729, 0.484210, 0.404505, 0.325905, 0.255145, 0.179162, 0.099007, 0.033420, 0.035792, 0.055748, 0.084683, 0.086172, 0.080099, 0.106806, 0.084538, 0.060570, 0.019355, 0.007296, 0.055944, 0.086004, 0.116860, 0.146703, 0.169912, 0.185670, 0.199849, 0.196581, 0.209455, 0.215447, 0.214325, 0.202955, 0.208360, 0.181796, 0.169436, 0.166426, 0.156751, 0.148734, 0.140387, 0.173185, 0.108077, 0.081311, 0.066734, 0.060259, 0.051028, 0.034139, 0.011947, 0.003537, 0.015661, 0.038475, 0.048414, 0.073813, 0.095401, 0.124244, 0.100797, 0.172587, 0.179062, 0.179138, 0.178186, 0.169077, 0.138171, 0.099121, 0.044458, 0.001212, 0.041876, 0.095722, 0.131199, 0.137225, 0.122553, 0.139898, 0.050282, 0.021936, 0.088137, 0.153920, 0.232957, 0.321291, 0.417497, 0.499100, 0.661934, 0.826059, 1.006556, 1.188149, 1.372463, 1.556493, 1.714138, 1.902164, 2.066348, 2.201307, 2.294125, 2.454854, 2.543026, 2.566078, 2.631654, 2.654985, 2.669457, 2.696062, 2.712831, 2.726297, 2.748652, 2.777834, 2.808509, 2.804047, 2.798397, 2.766703, 2.694047, 2.595209, 2.488373, 2.386478, 2.296804, 2.214542, 2.139065, 2.063773, 1.994278, 1.934991, 1.892199, 1.861218, 1.850316, 1.849886, 1.866370, 1.898967, 1.930728, 1.958695, 1.968489, 1.999147, 2.000856, 1.981380, 1.954696, 1.898888, 1.847550, 1.787185, 1.733011, 1.672679, 1.602561, 1.523968, 1.469668, 1.321773, 1.222980, 1.116268, 0.976378, 0.865538, 0.743468, 0.618202, 0.513934, 0.414987, 0.318418, 0.193498, 0.178404, 0.159150, 0.138568, 0.109514, 0.079557, 0.020223, 0.043187, 0.098962, 0.141965, 0.165371, 0.169964, 0.181063, 0.179567, 0.185245, 0.177214, 0.136091, 0.161855, 0.233096, 0.347789, 0.508288, 0.721003, 0.998441, 1.328631, 1.713590, 2.159791, 2.656166, 3.194367, 3.801046, 4.409309, 5.067341, 5.746903, 6.413525, 7.075813, 7.727874, 8.344181, 8.918575, 9.439108, 9.838106, 10.224318, 10.588880, 10.886552, 11.068591, 11.167252, 11.196789, 10.987871, 11.019414, 10.833693, 10.573680, 10.264752, 9.892752, 9.457525, 8.984546, 8.431299, 7.861038, 7.287948, 6.709727, 6.120999, 5.532650, 4.747590, 4.126215, 3.900583, 3.393904, 2.949309, 2.554035, 2.203948, 1.917795, 1.473293, 1.449568, 1.291267, 1.163015, 1.065471, 0.865297, 0.943996, 0.902912, 0.770922, 0.887723, 0.903670, 0.848556, 1.003652, 0.990650, 1.077652, 1.137871, 1.198243, 1.254677, 1.404966, 1.364720, 1.408879, 1.416164, 1.415857, 1.393101, 1.350644, 1.303153, 1.261673, 1.235940, 1.224769, 1.241023, 1.256977, 1.282912, 1.296065, 1.321601, 1.367160, 1.401948, 1.419167, 1.431287, 1.438099, 1.425190, 1.391339, 1.336993, 1.274608, 1.201738, 1.147944, 1.063694, 0.984957, 0.886501, 0.805877, 0.685490, 0.529183, 0.370052, 0.209642, 0.051437, 0.094930, 0.215136, 0.346027, 0.425370, 0.446044, 0.447255, 0.391752, 0.303565, 0.196907, 0.092941, 0.001095, 0.127265, 0.209325, 0.294210, 0.382282, 0.481378, 0.578386, 0.651714, 0.697228, 0.730873, 0.714894, 0.673666, 0.592114, 0.490028, 0.356115, 0.099705, 0.001206, 0.223006, 0.458665, 0.720679, 1.155394, 1.246352, 1.510130, 1.748270, 1.968222, 2.169910, 2.355663, 2.522700, 2.670251, 2.789248, 2.899754, 2.987386, 3.058959, 3.091308, 3.100139, 3.165537, 3.073448, 3.010345, 2.924830, 2.813372, 2.693621, 2.503729, 2.352046, 2.189255, 1.990700, 1.783712, 1.578145, 1.373969, 1.170581, 0.971063, 0.771471, 0.627140, 0.449773, 0.262883, 0.072347, 0.088940, 0.228317, 0.368430, 0.495361, 0.596450, 0.749829, 0.866373, 0.947879, 1.102281, 1.229716, 1.331595, 1.459939, 1.611607, 1.751749, 1.899096, 2.026020, 2.097485, 2.131422, 2.149568, 2.109063, 2.041877, 1.918906, 1.775724, 1.566961, 1.320287, 1.032029, 0.700624, 0.354591, 0.028821, 0.432366, 0.867396, 1.326350, 1.797995, 2.298211, 2.803990, 3.335397, 3.853171, 4.377075, 5.047380, 5.394829, 5.859523, 6.295123, 6.696523, 7.061905, 7.379141, 7.605433, 7.837166, 8.047275, 8.161204, 8.191159, 8.156200, 8.036021, 7.847961, 7.615676, 7.315322, 6.967715, 6.540981, 6.058348, 5.534837, 4.977638, 4.385241, 3.788420, 3.171014, 2.542132, 1.896213, 1.278225, 0.679018, 0.104716, 0.423038, 0.899827, 1.308673, 1.637635, 1.883659, 2.049625, 2.146122, 2.167213, 2.082056, 1.891230, 1.664901, 1.586142, 1.364150, 1.126668, 0.915938, 0.648652, 0.394933, 0.200616, 0.030229, 0.250171, 0.458406, 0.630080, 0.819169, 1.004112, 1.129848, 1.204999, 1.260695, 1.282450, 1.298432, 1.273910, 1.217614, 1.046091, 1.000548, 0.738481, 0.678895, 0.488239, 0.260790, 0.046954, 0.149714, 0.337857, 0.521888, 0.664948, 0.789953, 0.935193, 0.923677, 0.967125, 0.988838, 0.987785, 1.035852, 0.985386, 0.906787, 0.894835, 0.840068, 0.795046, 0.788054, 0.678613, 0.607079, 0.565395, 0.450937, 0.367603, 0.307744, 0.221940, 0.102688, 0.058913, 0.026944, 0.069161, 0.091648, 0.091718, 0.093480, 0.067837, 0.018735, 0.028532, 0.095921, 0.155412, 0.219330, 0.273733, 0.334337, 0.385384, 0.436262, 0.470265, 0.504431, 0.524204, 0.525215, 0.538709, 0.564401, 0.593263, 0.622036, 0.648957, 0.687417, 0.714480, 0.744247, 0.763791, 0.754005, 0.721742, 0.680052, 0.635521, 0.578404, 0.517292, 0.449268, 0.395188, 0.330779, 0.262747, 0.204274, 0.148185, 0.108738, 0.089838, 0.073150, 0.074207, 0.087091, 0.111756, 0.165095, 0.231784, 0.309370, 0.387729, 0.462676, 0.558497, 0.661793, 0.778286, 0.888172, 0.992207, 1.096552, 1.195908, 1.300587, 1.519341, 1.501940, 1.620795, 1.734747, 1.866841, 1.981471, 2.097868, 2.210210, 2.323138, 2.394435, 2.457235, 2.489158, 2.505388, 2.501307, 2.487033, 2.514207, 2.407726, 2.377102, 2.333207, 2.331104, 2.303505, 2.291129, 2.270167, 2.252733, 2.238533, 2.214886, 2.175917, 2.151438, 2.120927, 2.091822, 2.128747, 2.028811, 1.995062, 2.006167, 1.928535, 1.907685, 1.870125, 1.839697, 1.819807, 1.803084, 1.790825, 1.844241, 1.754739, 1.745005, 1.814359, 1.727716, 1.782850, 1.761323, 1.654515, 1.681027, 1.626481, 1.512066, 1.483684, 1.396520, 1.263699, 1.210147, 1.184347, 1.057803, 1.042759, 0.980638, 0.910979, 0.848554, 0.797988, 0.758357, 0.726375, 0.725894, 0.745938, 0.770442, 0.821331, 0.911388, 1.011693, 1.122473, 1.278074, 1.274062, 1.258862, 1.272745, 1.276369, 1.284193, 1.276740, 1.292938, 1.266442, 1.227873, 1.174562, 1.113237, 1.041449, 0.950178, 0.847237, 0.727909, 0.575030, 0.427450, 0.286612, 0.131410, 0.033811, 0.192191, 0.340010, 0.475424, 0.607358, 0.734674, 0.848929, 0.950311, 1.027945, 1.110674, 1.197487, 1.260400, 1.329698, 1.368237, 1.404358, 1.418646, 1.429184, 1.450069, 1.473570, 1.480225, 1.487311, 1.496136, 1.521646, 1.529776, 1.548470, 1.577496, 1.610776, 1.652873, 1.707398, 1.669743, 1.849429, 1.923525, 2.006559, 2.108659, 2.228158, 2.339384, 2.434703, 2.523732, 2.599254, 2.656561, 2.727013, 2.678945, 2.784796, 2.799028, 2.687824, 2.818824, 2.813063, 2.815518, 2.800596, 2.790497, 2.770760, 2.770426, 2.736820, 2.606768, 2.516997, 2.603263, 2.411395, 2.314709, 2.222750, 2.121896, 1.995132, 1.871695, 1.741369, 1.685398, 1.459964, 1.316471, 1.182562, 1.052859, 0.916849, 0.790152, 0.670434, 0.526142, 0.393545, 0.293565, 0.195962, 0.117927, 0.065138, 0.040244, 0.037689, 0.071291, 0.108980, 0.165360, 0.254430, 0.336382, 0.446129, 0.565561, 0.711449, 0.853680, 1.033477, 1.227388, 1.444197, 1.661700, 1.882084, 2.113939, 2.348688, 2.572424, 2.802923, 3.013179, 3.208690, 3.359891, 3.508663, 3.610116, 3.695792, 3.776228, 3.820532, 3.820487, 3.802093, 3.776298, 3.730821, 3.677486, 3.634773, 3.579788, 3.535618, 3.493486, 3.454907, 3.409196, 3.341252, 3.274640, 3.196820, 3.088192, 2.967239, 2.827078, 2.681655, 2.533991, 2.324681, 2.111300, 1.913950, 1.709300, 1.508273, 1.314847, 1.132399, 0.950868, 0.778623, 0.623715, 0.495702, 0.332350, 0.196527, 0.074297, 0.050936, 0.162616, 0.265852, 0.355916, 0.446115, 0.506086, 0.529349, 0.523530, 0.521252, 0.489866, 0.413379, 0.335296, 0.234205, 0.172028, 0.019295, 0.097025, 0.214680, 0.343943, 0.479758, 0.610888, 0.746303, 0.918498, 1.063845, 1.159153, 1.240822, 1.279968, 1.317814, 1.348401, 1.302500, 1.374823, 1.379662, 1.388628, 1.389582, 1.378990, 1.359631, 1.346069, 1.333521, 1.331916, 1.320111, 1.210666, 1.256906, 1.217893, 1.103912, 1.079020, 1.132403, 1.020196, 1.074643, 0.974036, 0.978030, 1.059491, 1.009896, 1.025040, 1.073126, 1.112777, 1.167112, 1.204308, 1.240910, 1.279523, 1.301086, 1.306223, 1.314835, 1.308582, 1.304292, 1.264573, 1.252617, 1.245093, 1.209174, 1.182992, 1.155012, 1.129282, 1.106965, 1.078182, 1.059035, 1.053537, 1.022864, 0.987826, 0.961156, 0.910258, 0.867103, 0.812548, 0.771157, 0.716429, 0.671346, 0.618252, 0.580389, 0.535590, 0.500166, 0.478621, 0.459598, 0.440129, 0.401465, 0.368356, 0.323957, 0.286767, 0.211635, 0.145862, 0.069379, 0.026041, 0.122850, 0.238279, 0.342363, 0.449978, 0.522607, 0.650768, 0.740606, 0.821370, 0.892596, 0.950455, 1.007762, 1.042506, 1.078043, 1.088620, 1.104423, 1.107611, 1.100437, 1.068986, 1.020995, 0.936733, 0.934353, 0.787817, 0.672848, 0.546508, 0.417281, 0.278480, 0.146453, 0.017657, 0.109770, 0.246246, 0.359685, 0.468011, 0.559272, 0.652316, 0.734538, 0.747055, 0.873849, 0.924829, 0.958870, 0.965531, 1.002131, 1.008305, 0.991406, 0.870267, 0.921782, 0.860934, 0.789588, 0.716484, 0.533602, 0.567359, 0.384990, 0.325178, 0.373198, 0.326250, 0.191247, 0.255752, 0.236922, 0.146727, 0.153255, 0.171511, 0.194194, 0.216746, 0.252462, 0.307421, 0.348081, 0.382203, 0.422376, 0.462806, 0.509719, 0.555264, 0.609676, 0.668184, 0.718619, 0.763424, 0.800432, 0.818766, 0.845621, 0.848688, 0.830445, 0.791976, 0.724594, 0.641185, 0.558721, 0.463672, 0.365057, 0.260681, 0.152176, 0.045856, 0.061617, 0.158413, 0.240664, 0.304872, 0.371829, 0.402517, 0.406659, 0.412551, 0.404465, 0.385589, 0.357927, 0.327997, 0.292550, 0.257168, 0.199804, 0.173294, 0.114498, 0.049689, 0.022144, 0.086180, 0.137192, 0.184568, 0.212819, 0.318406, 0.371515, 0.426730, 0.470104, 0.516163, 0.556288, 0.594906, 0.614895, 0.636908, 0.656054, 0.667841, 0.706109, 0.683094, 0.662136, 0.637634, 0.492035, 0.529220, 0.469284, 0.380446, 0.300890, 0.151901, 0.116396, 0.011733, 0.129617, 0.238898, 0.369238, 0.485114, 0.606574, 0.727404, 0.835062, 1.056952, 1.060293, 1.145818, 1.235513, 1.329468, 1.418825, 1.497139, 1.575085, 1.627744, 1.673053, 1.684378, 1.695252, 1.681207, 1.644420, 1.594212, 1.580173, 1.457507, 1.383487, 1.246316, 1.136846, 1.064992, 0.968146, 0.832544, 0.790198, 0.715462, 0.642020, 0.574580, 0.513386, 0.459405, 0.421840, 0.367400, 0.334035, 0.301714, 0.216698, 0.236444, 0.219667, 0.207072, 0.190350, 0.168780, 0.142159, 0.098698, 0.038716, 0.020773, 0.088578, 0.165380, 0.254482, 0.340285, 0.430930, 0.514770, 0.606304, 0.684214, 0.765801, 0.889497, 0.971327, 1.024409, 1.061497, 1.102190, 1.121632, 1.136317, 1.147593, 1.143977, 1.125840, 1.109438, 1.074771, 1.031376, 0.991696, 0.937010, 0.881370, 0.815688, 0.747017, 0.681641, 0.617430, 0.548165, 0.503010, 0.440364, 0.400627, 0.354251, 0.309923, 0.267887, 0.245178, 0.198776, 0.174416, 0.152414, 0.138729, 0.110491, 0.106331, 0.103297, 0.084917, 0.075655, 0.075249, 0.079019, 0.069490, 0.059602, 0.056647, 0.059209, 0.065665, 0.043320, 0.034976, 0.034957, 0.044728, 0.034837, 0.049238, 0.046872, 0.050030, 0.065375, 0.007344, 0.023163, 0.004868, 0.030405, 0.060265, 0.083790, 0.109171, 0.122219, 0.140887, 0.172134, 0.158666, 0.168452, 0.170994, 0.191806, 0.209419, 0.282203, 0.255948, 0.292098, 0.322901, 0.402308, 0.376009, 0.391688, 0.446756, 0.404060, 0.402346, 0.432135, 0.373554, 0.349636, 0.344739, 0.280629, 0.252321, 0.183970, 0.121569, 0.126087, 0.115658, 0.076403, 0.112820, 0.127790, 0.154656, 0.205279, 0.277527, 0.361754, 0.436854, 0.513974, 0.600873, 0.678292, 0.762156, 0.844122, 0.923932, 1.012641, 1.118642, 1.231955, 1.353710, 1.465718, 1.589070, 1.718812, 1.841854, 1.961320, 2.071491, 2.190066, 2.290510, 2.382280, 2.453678, 2.505575, 2.537451, 2.549350, 2.536782, 2.426121, 2.314065, 2.187100, 2.037396, 1.844269, 1.656416, 1.474441, 1.279884, 1.067932, 0.841411, 0.612191, 0.384499, 0.156220, 0.070119, 0.293526, 0.523863, 0.769515, 1.020616, 1.269626, 1.467477, 1.648360, 1.848651, 2.051407, 2.234992, 2.408959, 2.584967, 2.755356, 2.874623, 2.963044, 3.032944, 3.094424, 3.133643, 3.171961, 3.180633, 3.171245, 3.138398, 3.095902, 3.039405, 2.864534, 2.862129, 2.774436, 2.666066, 2.542118, 2.425260, 2.305084, 2.204528, 2.095722, 1.975278, 1.847808, 1.728891, 1.605053, 1.479931, 1.350835, 1.131331, 1.107704, 0.996614, 0.886017, 0.802921, 0.727937, 0.674482, 0.641182, 0.612316, 0.528262, 0.599401, 0.598161, 0.594331, 0.621625, 0.648006, 0.671907, 0.639777, 0.752572, 0.782848, 0.786343, 0.813776, 0.920342, 0.988538, 0.967836, 1.076878, 1.131674, 1.106294, 1.218281, 1.181140, 1.201757, 1.282570, 1.204831, 1.187968, 1.246127, 1.145104, 1.124425, 1.188465, 1.053865, 1.010457, 0.966258, 0.919182, 0.885753, 0.848937, 0.820253, 0.782457, 0.761617, 0.738827, 0.735220, 0.730206, 0.735602, 0.760513, 0.806481, 0.861650, 0.933594, 1.016298, 1.123588, 1.240800, 1.360848, 1.499990, 1.619047, 1.745444, 1.885026, 2.009471, 2.132218, 2.240533, 2.334614, 2.411611, 2.494844, 2.564906, 2.635339, 2.691781, 2.732197, 2.763226, 2.772845, 2.766970, 2.730608, 2.680079, 2.604292, 2.521239, 2.406229, 2.291505, 2.164256, 2.048503, 1.927009, 1.838721, 1.767240, 1.697406, 1.625454, 1.565582, 1.492360, 1.416809, 1.334391, 1.242822, 1.140343, 1.034271, 0.934721, 0.819351, 0.722544, 0.635909, 0.567561, 0.529207, 0.520020, 0.525788, 0.558623, 0.624682, 0.717974, 0.785652, 0.965137, 1.102594, 1.232180, 1.359531, 1.474670, 1.588837, 1.685530, 1.774460, 1.881980, 1.973852, 2.054022, 2.091688, 2.234548, 2.357016, 2.429747, 2.458725, 2.623486, 2.708547, 2.786763, 2.864372, 2.913640, 2.953347, 2.986508, 2.991137, 2.981205, 2.950847, 2.905087, 2.855194, 2.803814, 2.633692, 2.588110, 2.543421, 2.621765, 2.502574, 2.432758, 2.505435, 2.440526, 2.242235, 2.289257, 2.200388, 1.967179, 2.002253, 1.766720, 1.696873, 1.662722, 1.390953, 1.254307, 1.265766, 0.993015, 0.874136, 0.754364, 0.649998, 0.561784, 0.491370, 0.434422, 0.376784, 0.341557, 0.323190, 0.312425, 0.301755, 0.303236, 0.315632, 0.336465, 0.375995, 0.409863, 0.452438, 0.490569, 0.539924, 0.600152, 0.661917, 0.706145, 0.752026, 0.789295, 0.833666, 0.858542, 0.878179, 0.902452, 0.928694, 0.944633, 0.954639, 0.964816, 0.975609, 0.995654, 0.998314, 1.003774, 1.023952, 1.030242, 1.053897, 1.068849, 1.079075, 1.099842, 1.100090, 1.099252, 1.096921, 1.101444, 1.099691, 1.091961, 1.087146, 1.071298, 1.026893, 0.961122, 0.905365, 0.835354, 0.773750, 0.701663, 0.653044, 0.595394, 0.534863, 0.495305, 0.461359, 0.430574, 0.393538, 0.339029, 0.300814, 0.248581, 0.218446, 0.198874, 0.188209, 0.169928, 0.154252, 0.042353, 0.027670, 0.009673, 0.049710, 0.104521, 0.157578, 0.207498, 0.255044, 0.302405, 0.334339, 0.437559, 0.340137, 0.330273, 0.406015, 0.319382, 0.392267, 0.414761, 0.364478, 0.430480, 0.625346, 0.675175, 0.976664, 1.187270, 1.290689, 1.641193, 1.858102, 2.087599, 2.317648, 2.569268, 2.823056, 3.098959, 3.385538, 3.702415, 4.030151, 4.387360, 4.745694, 5.141326, 5.502574, 5.886780, 6.252192, 6.625290, 6.991722, 7.349825, 7.644877, 7.970010, 8.309286, 8.628577, 8.906228, 9.184790, 9.464568, 9.774209, 9.981869, 10.162847, 10.322501, 10.453258, 10.569561, 10.660720, 10.726959, 10.737708, 10.743787, 10.727945, 10.690168, 10.645247, 10.609659, 10.583415, 10.548363, 10.526313, 10.492644, 10.451264, 10.390485, 10.323782, 10.232649, 10.103336, 9.955055, 9.761036, 9.425474, 9.276767, 8.985631, 8.655357, 8.297948, 7.900281, 7.448503, 6.913827, 6.323708, 5.669191, 4.999898, 4.353116, 3.702146, 3.051197, 2.423538, 1.812351, 1.215983, 0.652902, 0.083835, 0.468176, 1.000031, 1.487167, 1.953435, 2.366140, 2.729534, 3.017358, 3.226278, 3.370353, 3.430740, 3.438354, 3.399639, 3.315986, 3.283653, 3.070239, 2.918271, 2.731476, 2.507159, 2.259324, 2.008340, 1.743575, 1.442979, 1.154699, 0.884548, 0.548904, 0.261914, 0.043564, 0.326514, 0.547118, 0.825221, 1.035688, 1.224194, 1.398117, 1.549058, 1.660028, 1.734468, 1.787839, 1.706221, 1.830497, 1.841985, 1.687114, 1.791984, 1.772996, 1.611244, 1.721145, 1.572431, 1.562390, 1.574051, 1.584347, 1.595911, 1.630825, 1.684069, 1.739023, 1.799911, 1.863142, 1.923913, 1.983105, 2.014894, 2.053446, 2.085910, 2.105941, 2.122414, 2.109278, 2.077933, 2.037282, 2.043915, 1.954750, 1.906363, 1.865949, 1.813330, 1.752689, 1.700962, 1.648330, 1.585173, 1.508326, 1.433802, 1.353815, 1.235265, 1.119388, 1.002924, 0.914975, 0.752146, 0.616324, 0.498756, 0.396560, 0.303626, 0.201991, 0.193315, 0.308705, 0.412287, 0.508203, 0.609370, 0.695556, 0.770898, 0.839034, 0.882456, 0.916847, 0.914113, 0.900154, 0.874928, 0.839762, 0.808643, 0.764959, 0.699822, 0.623544, 0.552779, 0.473744, 0.373367, 0.272295, 0.196771, 0.149650, 0.132232, 0.142081, 0.179960, 0.245334, 0.342417, 0.468631, 0.703938, 1.041266, 1.347276, 1.729249, 2.154419, 2.608243, 3.087551, 3.571344, 4.073308, 4.546303, 5.013183, 5.434684, 5.847740, 6.219485, 6.577898, 6.864061, 7.029147, 7.274512, 7.409419, 7.483724, 7.492900, 7.445044, 7.358530, 7.214043, 7.020326, 6.794677, 6.551344, 6.281806, 5.990647, 5.693762, 5.159291, 4.853430, 4.781094, 4.221157, 4.135779, 3.803656, 3.224331, 3.118138, 2.526811, 2.417516, 2.092060, 1.571476, 1.527572, 1.295349, 0.920672, 0.975941, 0.744643, 0.725664, 0.864341, 0.748190, 0.759279, 0.903721, 0.822309, 0.876504, 1.040267, 1.013410, 1.094002, 1.194094, 1.299239, 1.398333, 1.506980, 1.616397, 1.726570, 1.834887, 1.942086, 2.038587, 2.116517, 2.194129, 2.263696, 2.291936, 2.315442, 2.309730, 2.280286, 2.227222, 2.155105, 2.055944, 1.958824, 1.846358, 1.739874, 1.612449, 1.494104, 1.382888, 1.274941, 1.143348, 1.036482, 0.949720, 0.853728, 0.778925, 0.707807, 0.640427, 0.577725, 0.521265, 0.372242, 0.447118, 0.440597, 0.427063, 0.422844, 0.430333, 0.449339, 0.471653, 0.492873, 0.520732, 0.555992, 0.577197, 0.605465, 0.634943, 0.694094, 0.729759, 0.687373, 0.800521, 0.846523, 0.924910, 0.969135, 1.024399, 1.074677, 1.103489, 1.146712, 1.174738, 1.175137, 1.166390, 1.144217, 1.113506, 1.050026, 0.957432, 0.705940, 0.744837, 0.618926, 0.497938, 0.373766, 0.237571, 0.109649, 0.009365, 0.115827, 0.300982, 0.341922, 0.442619, 0.545136, 0.753942, 0.690865, 0.842608, 0.841892, 0.819894, 0.712093, 0.752096, 0.681981, 0.546219, 0.551101, 0.473860, 0.408546, 0.357871, 0.307891, 0.226868, 0.134345, 0.030145, 0.101272, 0.250318, 0.402842, 0.560675, 0.742015, 0.910695, 1.070948, 1.195196, 1.300932, 1.377652, 1.431384, 1.454562, 1.433026, 1.398312, 1.328420, 1.255394, 1.184253, 1.105979, 1.021498, 0.919809, 0.812306, 0.704975, 0.607044, 0.523162, 0.437679, 0.355156, 0.288274, 0.207694, 0.121754, 0.037548, 0.039193, 0.112204, 0.167082, 0.244146, 0.321471, 0.377254, 0.441608, 0.520178, 0.593730, 0.661520, 0.735921, 0.795255, 0.845285, 0.904072, 0.958407, 0.992755, 1.023665, 1.044159, 1.073982, 1.067017, 1.080061, 1.080373, 1.091049, 1.095607, 1.102099, 1.102862, 1.119056, 1.113147, 1.121375, 1.128217, 1.160873, 1.105742, 1.059997, 1.009991, 0.953727, 0.890088, 0.833949, 0.775627, 0.727546, 0.704643, 0.662036, 0.639820, 0.629525, 0.620192, 0.626486, 0.600306, 0.644936, 0.584015, 0.574125, 0.547542, 0.532192, 0.511237, 0.507923, 0.485519, 0.485060, 0.540105, 0.496223, 0.481228, 0.509599, 0.436639, 0.405863, 0.411468, 0.345389, 0.322401, 0.271629, 0.236261, 0.256612, 0.229417, 0.202671, 0.220168, 0.236058, 0.247619, 0.297928, 0.351981, 0.412485, 0.475033, 0.532477, 0.596566, 0.685139, 0.787454, 0.894459, 1.015803, 1.145326, 1.284453, 1.429137, 1.583436, 1.752720, 1.934794, 2.118636, 2.304016, 2.484138, 2.670420, 2.823172, 2.979896, 3.138490, 3.294110, 3.426091, 3.519721, 3.572631, 3.620754, 3.612604, 3.600469, 3.561817, 3.488571, 3.350550, 3.172139, 2.963733, 2.733730, 2.487786, 2.239185, 1.965745, 1.695143, 1.395501, 1.114393, 0.832646, 0.566213, 0.305903, 0.068496, 0.152076, 0.372202, 0.566254, 0.736385, 0.898912, 1.048633, 1.177974, 1.332355, 1.376087, 1.436225, 1.486126, 1.509178, 1.514088, 1.505149, 1.481313, 1.422246, 1.314621, 1.213135, 1.118377, 1.011235, 0.909290, 0.804931, 0.698744, 0.540846, 0.373714, 0.225018, 0.080488, 0.091877, 0.261645, 0.425593, 0.567901, 0.712758, 0.863695, 0.988861, 1.112989, 1.224117, 1.298736, 1.334312, 1.366671, 1.390589, 1.402815, 1.406146, 1.412952, 1.422752, 1.442077, 1.449100, 1.428131, 1.421997, 1.382927, 1.318767, 1.236975, 1.162216, 1.066228, 0.970688, 0.846907, 0.736227, 0.619787, 0.502328, 0.380626, 0.270393, 0.177540, 0.099644, 0.028522, 0.121504, 0.114193, 0.180688, 0.312152, 0.305759, 0.385951, 0.548390, 0.553133, 0.631717, 0.767711, 0.767566, 0.902434, 0.957971, 0.936999, 1.022450, 1.050390, 0.999241, 1.046781, 1.058722, 1.038946, 1.027168, 1.011563, 1.004922, 0.996411, 0.999157, 0.993153, 0.994358, 1.012662, 1.035898, 1.055842, 1.081285, 1.089425, 1.099480, 1.098807, 1.122691, 1.131344, 1.122392, 1.113957, 1.087908, 1.069227, 1.031268, 0.994142, 0.969014, 0.925146, 0.902949, 0.865412, 0.851612, 0.831415, 0.820615, 0.799959, 0.795043, 0.791814, 0.799941, 0.774735, 0.774736, 0.777745, 0.776788, 0.780359, 0.782849, 0.798851, 0.831582, 0.847921, 0.850046, 0.865686, 0.898294, 0.927615, 0.957225, 0.990473, 1.035181, 1.078674, 1.112239, 1.128408, 1.143466, 1.148567, 1.143561, 1.178417, 1.098709, 1.057041, 1.014529, 0.953394, 0.899186, 0.831700, 0.771109, 0.699953, 0.608065, 0.496618, 0.340842, 0.201002, 0.068410, 0.066825, 0.216865, 0.409035, 0.601350, 0.788135, 0.946023, 1.108123, 1.271243, 1.430705, 1.566455, 1.686231, 1.786127, 1.874202, 1.949945, 1.977223, 2.003162, 1.948797, 2.003441, 1.958043, 1.887221, 1.813226, 1.735785, 1.635314, 1.532980, 1.429945, 1.323699, 1.198971, 1.063781, 0.817950, 0.791650, 0.647113, 0.375181, 0.218773, 0.184931, 0.020061, 0.269294, 0.296227, 0.446903, 0.712827, 0.730819, 0.962224, 1.072598, 1.172647, 1.267372, 1.344676, 1.416700, 1.499869, 1.567450, 1.616117, 1.649405, 1.687699, 1.703149, 1.710979, 1.694199, 1.672982, 1.636831, 1.583555, 1.538837, 1.483667, 1.400584, 1.309816, 1.208305, 1.101908, 0.993793, 0.871593, 0.763372, 0.659056, 0.510892, 0.404558, 0.263487, 0.153001, 0.039431, 0.070425, 0.191858, 0.323194, 0.461391, 0.572552, 0.678214, 0.786032, 0.859224, 0.913338, 0.947547, 0.965161, 0.973336, 0.952020, 0.911669, 0.869417, 0.808918, 0.718195, 0.613766, 0.512542, 0.318585, 0.306305, 0.208156, 0.128701, 0.047409, 0.010557, 0.065535, 0.094097, 0.115276, 0.128381, 0.127541, 0.123017, 0.111180, 0.091187, 0.070178, 0.046444, 0.094594, 0.002639, 0.039700, 0.064986, 0.094807, 0.148556, 0.189176, 0.222360, 0.264768, 0.301227, 0.329060, 0.374718, 0.407412, 0.436540, 0.467797, 0.434279, 0.528433, 0.538456, 0.542152, 0.531951, 0.518357, 0.521877, 0.500309, 0.469350, 0.432727, 0.395614, 0.351129, 0.299170, 0.255282, 0.200917, 0.033028, 0.065263, 0.003480, 0.089838, 0.186660, 0.287626, 0.379684, 0.474930, 0.573003, 0.663276, 0.749428, 0.816093, 0.891373, 1.058643, 1.016491, 1.147392, 1.168707, 1.109504, 1.119217, 1.175061, 1.075135, 1.080336, 1.017542, 0.915777, 0.802986, 0.701528, 0.595215, 0.471327, 0.346574, 0.235496, 0.110396, 0.062097, 0.232358, 0.406247, 0.561151, 0.706451, 0.875149, 1.019206, 1.185658, 1.347732, 1.489050, 1.633178, 1.709294, 1.794289, 1.850654, 1.882562, 1.879502, 1.811905, 1.716415, 1.590176, 1.441883, 1.287632, 1.108143, 0.932675, 0.776082, 0.607413, 0.489809, 0.370240, 0.258843, 0.165886, 0.102209, 0.037165, 0.025063, 0.064911, 0.102839, 0.134625, 0.148519, 0.165669, 0.187193, 0.212535, 0.244768, 0.266243, 0.282599, 0.294124, 0.290034, 0.283470, 0.276481, 0.292449, 0.281596, 0.244765, 0.211097, 0.192935, 0.163061, 0.152987, 0.139971, 0.145063, 0.154780, 0.155260, 0.178738, 0.212166, 0.334163, 0.294097, 0.341686, 0.405270, 0.458586, 0.510887, 0.570984, 0.620537, 0.661065, 0.701090, 0.727648, 0.762902, 0.809811, 0.859485, 0.928768, 1.054855, 1.064659, 1.141009, 1.202282, 1.280644, 1.336340, 1.382477, 1.480859, 1.440853, 1.458491, 1.507431, 1.444390, 1.426412, 1.457993, 1.371264, 1.315306, 1.290060, 1.210150, 1.187148, 1.121399, 1.021078, 0.994407, 0.935078, 0.841335, 0.815917, 0.752502, 0.652652, 0.581520, 0.498754, 0.393052, 0.279040, 0.192207, 0.096683, 0.008473, 0.102050, 0.209262, 0.292102, 0.404514, 0.501890, 0.550128, 0.601163, 0.632025, 0.651931, 0.656752, 0.658619, 0.646172, 0.629313, 0.612706, 0.598023, 0.581702, 0.567756, 0.548250, 0.516716, 0.483072, 0.445088, 0.414503, 0.348908, 0.284668, 0.227499, 0.164094, 0.108203, 0.043685, 0.014387, 0.059529, 0.110193, 0.160821, 0.221695, 0.258053, 0.296883, 0.337199, 0.380881, 0.430634, 0.478300, 0.522237, 0.563970, 0.596076, 0.620855, 0.696698, 0.644396, 0.651613, 0.635087, 0.593924, 0.489960, 0.426943, 0.334712, 0.240743, 0.099148, 0.013576, 0.108215, 0.208860, 0.197951, 0.377006, 0.555523, 0.757925, 0.955927, 1.139963, 1.361181, 1.517642, 1.660610, 1.801200, 1.931836, 2.043133, 2.154895, 2.271332, 2.368021, 2.456969, 2.482707, 2.545985, 2.653757, 2.650709, 2.694366, 2.770240, 2.738611, 2.717521, 2.729563, 2.587471, 2.541819, 2.310831, 2.116940, 1.884420, 1.610675, 1.293705, 0.937850, 0.554710, 0.132375, 0.323036, 0.796835, 1.314352, 1.846271, 2.383143, 2.912711, 3.443791, 3.959362, 4.443939, 4.902361, 5.342302, 5.731513, 6.090838, 6.413401, 6.679899, 6.901052, 7.107381, 7.291320, 7.414254, 7.469127, 7.479242, 7.446534, 7.368006, 7.248025, 7.096492, 6.893666, 6.569258, 6.414870, 6.162866, 5.895035, 5.642831, 5.384257, 5.124642, 4.890434, 4.659520, 4.439619, 4.227170, 4.032905, 3.840438, 3.668165, 3.512079, 3.379122, 3.245522, 3.128322, 3.023691, 2.940304, 
,,,0.019984, 0.037139, 0.051449, 0.067928, 0.082733, 0.094256, 0.104457, 0.114747, 0.125255, 0.135431, 0.145795, 0.161283, 0.177857, 0.194612, 0.211379, 0.229074, 0.244626, 0.261291, 0.277914, 0.294304, 0.311038, 0.327652, 0.344407, 0.361057, 0.377687, 0.394477, 0.411168, 0.427749, 0.444800, 0.461590, 0.479683, 0.494470, 0.511039, 0.527787, 0.544441, 0.561053, 0.577796, 0.594596, 0.611109, 0.627847, 0.644433, 0.661108, 0.677945, 0.694446, 0.711676, 0.729612, 0.744640, 0.761318, 0.777989, 0.794690, 0.811399, 0.828087, 0.844768, 0.861278, 0.877910, 0.894496, 0.911393, 0.928210, 0.944901, 0.961641, 0.979561, 0.994995, 1.011684, 1.028407, 1.045019, 1.061655, 1.079955, 1.095083, 1.111693, 1.128784, 1.145291, 1.161892, 1.179097, 1.195886, 1.212019, 1.230689, 1.245140, 1.263382, 1.278479, 1.295337, 1.311985, 1.328998, 1.345520, 1.362085, 1.378657, 1.395409, 1.412174, 1.432612, 1.445930, 1.462173, 1.480641, 1.495461, 1.512181, 1.528830, 1.545450, 1.562149, 1.578775, 1.595547, 1.612192, 1.628863, 1.645608, 1.662575, 1.679529, 1.696117, 1.712310, 1.730971, 1.745774, 1.762353, 1.779108, 1.795692, 1.812350, 1.829041, 1.845775, 1.862446, 1.879092, 1.895835, 1.912757, 1.929123, 1.946248, 1.962422, 1.980594, 1.995870, 2.012510, 2.029109, 2.045799, 2.062422, 2.079063, 2.095622, 2.112296, 2.128989, 2.145852, 2.162247, 2.179236, 2.196007, 2.212466, 2.230495, 2.245800, 2.262444, 2.279157, 2.295857, 2.312598, 2.329345, 2.346018, 2.363149, 2.379426, 2.395990, 2.412750, 2.429976, 2.446160, 2.462822, 2.481618, 2.496111, 2.514321, 2.529554, 2.546126, 2.563201, 2.579672, 2.596197, 2.612874, 2.629600, 2.646213, 2.662901, 2.681680, 2.696236, 2.712926, 2.731585, 2.746411, 2.763089, 2.779924, 2.796659, 2.813301, 2.829947, 2.846749, 2.863322, 2.883952, 2.896739, 2.914126, 2.930663, 2.946760, 2.963530, 2.981598, 2.996784, 3.013557, 3.030311, 3.047166, 3.063609, 3.080197, 3.100040, 3.113637, 3.130949, 3.147064, 3.164516, 3.180503, 3.196922, 3.213589, 3.231639, 3.246896, 3.263598, 3.280266, 3.296972, 3.313677, 3.330434, 3.347058, 3.363728, 3.380562, 3.397183, 3.413800, 3.430566, 3.447280, 3.463835, 3.482605, 3.497294, 3.513888, 3.530614, 3.547304, 3.564053, 3.580580, 3.597308, 3.614061, 3.630715, 3.647390, 3.664648, 3.682311, 3.697371, 3.714071, 3.732541, 3.747375, 3.764086, 3.780795, 3.797509, 3.814133, 3.832450, 3.847641, 3.864360, 3.884587, 3.898370, 3.915308, 3.931145, 3.947785, 3.964494, 3.982490, 3.997888, 4.014515, 4.031212, 4.047910, 4.064633, 4.081246, 4.097966, 4.114638, 4.131326, 4.148315, 4.165103, 4.181491, 4.198471, 4.214917, 4.233594, 4.248099, 4.264700, 4.281481, 4.298051, 4.314547, 4.331270, 4.348037, 4.364653, 4.381268, 4.398351, 4.414570, 4.431096, 4.447746, 4.464396, 4.481027, 4.499543, 4.514312, 4.530900, 4.547475, 4.564183, 4.580697, 4.597371, 4.614394, 4.630865, 4.648073, 4.664168, 4.680906, 4.697529, 4.714195, 4.730885, 4.747521, 4.765522, 4.780769, 4.797301, 4.813951, 4.830556, 4.847296, 4.863869, 4.880598, 4.897270, 4.914199, 4.930514, 4.947206, 4.964092, 4.980528, 4.997195, 5.013906, 5.032445, 5.047384, 5.064240, 5.081029, 5.097667, 5.114848, 5.131425, 5.148499, 5.164583, 5.181240, 5.197963, 5.214559, 5.231275, 5.248381, 5.265169, 5.284055, 5.298392, 5.314926, 5.331734, 5.348910, 5.365290, 5.381899, 5.399095, 5.415302, 5.431961, 5.449068, 5.469337, 5.481939, 5.498643, 5.515435, 5.533988, 5.548994, 5.565623, 5.582208, 5.598993, 5.615744, 5.632864, 5.649472, 5.665684, 5.682273, 5.698963, 5.715652, 5.732230, 5.749014, 5.765607, 5.784492, 5.799568, 5.816247, 5.832581, 5.849321, 5.865837, 5.882475, 5.899317, 5.915835, 5.932381, 5.949018, 5.965745, 5.982422, 5.999063, 6.015768, 6.034405, 6.049083, 6.065733, 6.082412, 6.099121, 6.115863, 6.132483, 6.149156, 6.165794, 6.182484, 6.199120, 6.215893, 6.232926, 6.249315, 6.265921, 6.284461, 6.299281, 6.316105, 6.333067, 6.349588, 6.366726, 6.384547, 6.399857, 6.416388, 6.433033, 6.449690, 6.466409, 6.483051, 6.499754, 6.516507, 6.534505, 6.551404, 6.566550, 6.583270, 6.604149, 6.617218, 6.633245, 6.649944, 6.666666, 6.683248, 6.700276, 6.716898, 6.733376, 6.750069, 6.767153, 6.785794, 6.800095, 6.816861, 6.833939, 6.850269, 6.867436, 6.883986, 6.900227, 6.916945, 6.933499, 6.950211, 6.966902, 6.983508, 7.000193, 7.016918, 7.035505, 7.050218, 7.066939, 7.083716, 7.100373, 7.117459, 7.133642, 7.150387, 7.167044, 7.183675, 7.200391, 7.217110, 7.233745, 7.250440, 7.267090, 7.285455, 7.300439, 7.317198, 7.333948, 7.350500, 7.367641, 7.383775, 7.400485, 7.417079, 7.433793, 7.450464, 7.467152, 7.483784, 7.501946, 7.517176, 7.535409, 7.550537, 7.567223, 7.584283, 7.601153, 7.617849, 7.633974, 7.652134, 7.667410, 7.684060, 7.700735, 7.717396, 7.734085, 7.750734, 7.767750, 7.785587, 7.800846, 7.817542, 7.834456, 7.850915, 7.868022, 7.884121, 7.901177, 7.918012, 7.934327, 7.954484, 7.967585, 7.984166, 8.000767, 8.017408, 8.035336, 8.050798, 8.067417, 8.084171, 8.100819, 8.117935, 8.134495, 8.150830, 8.167417, 8.184098, 8.200824, 8.217505, 8.234200, 8.250839, 8.267517, 8.285404, 8.301151, 8.317696, 8.334899, 8.350962, 8.367930, 8.384219, 8.400899, 8.417609, 8.434594, 8.451137, 8.467705, 8.484332, 8.501002, 8.517657, 8.536521, 8.551015, 8.567801, 8.584896, 8.601209, 8.617881, 8.634489, 8.651146, 8.667842, 8.684646, 8.701251, 8.717895, 8.734617, 8.751207, 8.768237, 8.786617, 8.801308, 8.817988, 8.835083, 8.853440, 8.868041, 8.884674, 8.901314, 8.918443, 8.934904, 8.951809, 8.968323, 8.984881, 9.001537, 9.019743, 9.036987, 9.051782, 9.068450, 9.085203, 9.101666, 9.118366, 9.134972, 9.151698, 9.168663, 9.185080, 9.201606, 9.218233, 9.238352, 9.251526, 9.268168, 9.286436, 9.301543, 9.318307, 9.335455, 9.352047, 9.368579, 9.384988, 9.401584, 9.418358, 9.434926, 9.451610, 9.468286, 9.484985, 9.501656, 9.518324, 9.536396, 9.551751, 9.568459, 9.585154, 9.601691, 9.618441, 9.635048, 9.651739, 9.668390, 9.685139, 9.701734, 9.718391, 9.735448, 9.751904, 9.768491, 9.787443, 9.801880, 9.818620, 9.835876, 9.851957, 9.868506, 9.885173, 9.901803, 9.918510, 9.935170, 9.951779, 9.968466, 9.985155, 10.001817, 10.018864, 10.037557, 10.051947, 10.068635, 10.085318, 10.101920, 10.118644, 10.135263, 10.151994, 10.168698, 10.185309, 10.202029, 10.218653, 10.235383, 10.252017, 10.269070, 10.287469, 10.304143, 10.318895, 10.336265, 10.352194, 10.368863, 10.385575, 10.402231, 10.418911, 10.435577, 10.452261, 10.468910, 10.485544, 10.503803, 10.518972, 10.537358, 10.552416, 10.569071, 10.586079, 10.602338, 10.619018, 10.635636, 10.656265, 10.668991, 10.685656, 10.702371, 10.719093, 10.735717, 10.752420, 10.769051, 10.787673, 10.802655, 10.819733, 10.836142, 10.852578, 10.869223, 10.885953, 10.902651, 10.919220, 10.935991, 10.952657, 10.970013, 10.986156, 11.002741, 11.019416, 11.037825, 11.052874, 11.069991, 11.086270, 11.102820, 11.119532, 11.136188, 11.152899, 11.169538, 11.186234, 11.202848, 11.219568, 11.236233, 11.252862, 11.269595, 11.288320, 11.303010, 11.319694, 11.336432, 11.353333, 11.370260, 11.386624, 11.403182, 11.420215, 11.436699, 11.453309, 11.469941, 11.486606, 11.503316, 11.520033, 11.538385, 11.553332, 11.570502, 11.586686, 11.603317, 11.619892, 11.636534, 11.653221, 11.669883, 11.686445, 11.703591, 11.719972, 11.736547, 11.753187, 11.769932, 11.788167, 11.803285, 11.819887, 11.836679, 11.853359, 11.870038, 11.888228, 11.903462, 11.920068, 11.936736, 11.953521, 11.970444, 11.986964, 12.003650, 12.020449, 12.039250, 12.055843, 12.070438, 12.087185, 12.103755, 12.120471, 12.137140, 12.154179, 12.170587, 12.187128, 12.203825, 12.220538, 12.237187, 12.257961, 12.270571, 12.289257, 12.304595, 12.320618, 12.337297, 12.353984, 12.370676, 12.387320, 12.404345, 12.420865, 12.437495, 12.454171, 12.470683, 12.487313, 12.504031, 12.520778, 12.539297, 12.554655, 12.570928, 12.587713, 12.604315, 12.621086, 12.638304, 12.654571, 12.671095, 12.688098, 12.704526, 12.721106, 12.737788, 12.754540, 12.771220, 12.790355, 12.804460, 12.821189, 12.837915, 12.854508, 12.871174, 12.887852, 12.904573, 12.921285, 12.937927, 12.954935, 12.971497, 12.988103, 13.004826, 13.021833, 13.040384, 13.055294, 13.071504, 13.088125, 13.104743, 13.121516, 13.138143, 13.154797, 13.171408, 13.189547, 13.204810, 13.221612, 13.238199, 13.254927, 13.271695, 13.290176, 13.304928, 13.321648, 13.338392, 13.356811, 13.371855, 13.388430, 13.405168, 13.421780, 13.438415, 13.455454, 13.471901, 13.488528, 13.505238, 13.521942, 13.538544, 13.557257, 13.571885, 13.588559, 13.605552, 13.625877, 13.638634, 13.655291, 13.672228, 13.688702, 13.705464, 13.721984, 13.738754, 13.755418, 13.772552, 13.788768, 13.807224, 13.822044, 13.838747, 13.855404, 13.872033, 13.888747, 13.905376, 13.922401, 13.939242, 13.955627, 13.972241, 13.988927, 14.005610, 14.022375, 14.038999, 14.057295, 14.072300, 14.088974, 14.105657, 14.122353, 14.138972, 14.155592, 14.172256, 14.188946, 14.205619, 14.222648, 14.239166, 14.255828, 14.273039, 14.289119, 14.307239, 14.322525, 14.339220, 14.355772, 14.372558, 14.389157, 14.405852, 14.422503, 14.439193, 14.455821, 14.472527, 14.490849, 14.505956, 14.523159, 14.539274, 14.557537, 14.572711, 14.589339, 14.606302, 14.622837, 14.639732, 14.657685, 14.672795, 14.689467, 14.706178, 14.723291, 14.739567, 14.756287, 14.773374, 14.789472, 14.808282, 14.822854, 14.839599, 14.856222, 14.872909, 14.889576, 14.910530, 14.923075, 14.939680, 14.956434, 14.973112, 14.990035, 15.007368, 15.024107, 15.040084, 15.058223, 15.073467, 15.090142, 15.106753, 15.123368, 15.140098, 15.156757, 15.173516, 15.190190, 15.207014, 15.223667, 15.240378, 15.257288, 15.274286, 15.290450, 15.309226, 15.323800, 15.340503, 15.357091, 15.373726, 15.390435, 15.407079, 15.423752, 15.440791, 15.457248, 15.473960, 15.490550, 15.507048, 15.524164, 15.540498, 15.559164, 15.573892, 15.590852, 15.607339, 15.623946, 15.640544, 15.657238, 15.675485, 15.690592, 15.707352, 15.723997, 15.741163, 15.757368, 15.774661, 15.790809, 15.810262, 15.824239, 15.840901, 15.857740, 15.874382, 15.891061, 15.907792, 15.924578, 15.941092, 15.958055, 15.974580, 15.991705, 16.007880, 16.024665, 16.041111, 16.058005, 16.076191, 16.091226, 16.108350, 16.124737, 16.141338, 16.158139, 16.174696, 16.191433, 16.208071, 16.224812, 16.242085, 16.258329, 16.274818, 16.291544, 16.308134, 16.326146, 16.341463, 16.358186, 16.374809, 16.391460, 16.408259, 16.424793, 16.441579, 16.458249, 16.474885, 16.492129, 16.508620, 16.524902, 16.541653, 16.558268, 16.576094, 16.592014, 16.608506, 16.625086, 16.641728, 16.658448, 16.675139, 16.692155, 16.708720, 16.725737, 16.742298, 16.758778, 16.779242, 16.792183, 16.808571, 16.827214, 16.842063, 16.858725, 16.875404, 16.892006, 16.908629, 16.925659, 16.942156, 16.958962, 16.975920, 16.992636, 17.009150, 17.025355, 17.041954, 17.058745, 17.077110, 17.093533, 17.108640, 17.125303, 17.141950, 17.158735, 17.177058, 17.192306, 17.209138, 17.226106, 17.242852, 17.259310, 17.275977, 17.292445, 17.309003, 17.327094, 17.342462, 17.358945, 17.375769, 17.392442, 17.409054, 17.426179, 17.442675, 17.459212, 17.475840, 17.493054, 17.510451, 17.526750, 17.542735, 17.559324, 17.578135, 17.592735, 17.609747, 17.626227, 17.642796, 17.659520, 17.676198, 17.692821, 17.710390, 17.726404, 17.743729, 17.759707, 17.776287, 17.792826, 17.809605, 17.828207, 17.842920, 17.859498, 17.876383, 17.892934, 17.909960, 17.926457, 17.942967, 17.959767, 17.976380, 17.993345, 18.009848, 18.026426, 18.043036, 18.059792, 18.078162, 18.093204, 18.109722, 18.126434, 18.143018, 18.159756, 18.176441, 18.193150, 18.210373, 18.226467, 18.243288, 18.259837, 18.276462, 18.293202, 18.309978, 18.328060, 18.343344, 18.359836, 18.376483, 18.393190, 18.409831, 18.426647, 18.443246, 18.460050, 18.477092, 18.493345, 18.510071, 18.526726, 18.543330, 18.560111, 18.578007, 18.593417, 18.610012, 18.627148, 18.643697, 18.660266, 18.676939, 18.693596, 18.710418, 18.726922, 18.743526, 18.760180, 18.777009, 18.793603, 18.810255, 18.829062, 18.843543, 18.860315, 18.876884, 18.893538, 18.910453, 18.926950, 18.943916, 18.960485, 18.977535, 18.993586, 19.010322, 19.027652, 19.043603, 19.060256, 19.078997, 19.093549, 19.110254, 19.126862, 19.143421, 19.163830, 19.176629, 19.193214, 19.210389, 19.226341, 19.243010, 19.259618, 19.276279, 19.292974, 19.309616, 19.326304, 19.345662, 19.359850, 19.376455, 19.393106, 19.410119, 19.426632, 19.443224, 19.459908, 19.476454, 19.493124, 19.509729, 19.526380, 19.543078, 19.559754, 19.576460, 19.595012, 19.609747, 19.626462, 19.643121, 19.659821, 19.676584, 19.693159, 19.710736, 19.726683, 19.743631, 19.760009, 19.776599, 19.793350, 19.811575, 19.826766, 19.845080, 19.859985, 19.876716, 19.893372, 19.910514, 19.926891, 19.943439, 19.960851, 19.977211, 19.993658, 20.010239, 20.028373, 20.043648, 20.060302, 20.076934, 20.095107, 20.110135, 20.126903, 20.143680, 20.160725, 20.177157, 20.193645, 20.210846, 20.227340, 20.243843, 20.260227, 20.276903, 20.293573, 20.310079, 20.330684, 20.345078, 20.360216, 20.376930, 20.393569, 20.410681, 20.427276, 20.444304, 20.461023, 20.477203, 20.493919, 20.510666, 20.527379, 20.544026, 20.560761, 20.577396, 20.596428, 20.610900, 20.627378, 20.644053, 20.660745, 20.677428, 20.694688, 20.711563, 20.727632, 20.744303, 20.760857, 20.777787, 20.794472, 20.811164, 20.828139, 20.846118, 20.861148, 20.877768, 20.894427, 20.911183, 20.928104, 20.945083, 20.961098, 20.977613, 20.994300, 21.010918, 21.027575, 21.044505, 21.060988, 21.077538, 21.094252, 21.113346, 21.127646, 21.144308, 21.161232, 21.177730, 21.194951, 21.211337, 21.227914, 21.244961, 21.261486, 21.278044, 21.294678, 21.311343, 21.328000, 21.344730, 21.362969, 21.380060, 21.394952, 21.411504, 21.428652, 21.444811, 21.461505, 21.478100, 21.494817, 21.511510, 21.528170, 21.546375, 21.561577, 21.578191, 21.594895, 21.612938, 21.628175, 21.644939, 21.661630, 21.678720, 21.694920, 21.711657, 21.728267, 21.745361, 21.761797, 21.782267, 21.794994, 21.811728, 21.828358, 21.845163, 21.864006, 21.878411, 21.895207, 21.912216, 21.928789, 21.945272, 21.962318, 21.978789, 21.995403, 22.012092, 22.028726, 22.045459, 22.062156, 22.078765, 22.095461, 22.114076, 22.128768, 22.145593, 22.162177, 22.179202, 22.195450, 22.212139, 22.228593, 22.245351, 22.261836, 22.278495, 22.295160, 22.312201, 22.328716, 22.345290, 22.361942, 22.380662, 22.395478, 22.412155, 22.428787, 22.445406, 22.462077, 22.478762, 22.495454, 22.512125, 22.528750, 22.545778, 22.562285, 22.578758, 22.595479, 22.612148, 22.629981, 22.645600, 22.662220, 22.680369, 22.695604, 22.712219, 22.728914, 22.745598, 22.762214, 22.778935, 22.795565, 22.812258, 22.828979, 22.845698, 22.864483, 22.881168, 22.895884, 22.913068, 22.929376, 22.945932, 22.962567, 22.979251, 22.995964, 23.012697, 23.029388, 23.046002, 23.062692, 23.083313, 23.095957, 23.112596, 23.130922, 23.146001, 23.162919, 23.179703, 23.195953, 23.212667, 23.229349, 23.246003, 23.262632, 23.279434, 23.296050, 23.312718, 23.329412, 23.346165, 23.362803, 23.380882, 23.396268, 23.412827, 23.429520, 23.446106, 23.462805, 23.479440, 23.496152, 23.512790, 23.529446, 23.546100, 23.562817, 23.579463, 23.596114, 23.612785, 23.630781, 23.646223, 23.662793, 23.679491, 23.696432, 23.712953, 23.729490, 23.746218, 23.763344, 23.779555, 23.796268, 23.812848, 23.829525, 23.846235, 23.862836, 23.880834, 23.896322, 23.912896, 23.929474, 23.946225, 23.963226, 23.979604, 23.996293, 24.012966, 24.029650, 24.046293, 24.062949, 24.079639, 24.097929, 24.113421, 24.132011, 24.146564, 24.163622, 24.179756, 24.196491, 24.213151, 24.229840, 24.246841, 24.263275, 24.279855, 24.298423, 24.313373, 24.329992, 24.346686, 24.363439, 24.381998, 24.397221, 24.413350, 24.433546, 24.446687, 24.463739, 24.480241, 24.496814, 24.513429, 24.530127, 24.546730, 24.563454, 24.580139, 24.596867, 24.613492, 24.631923, 24.647361, 24.664081, 24.680317, 24.696948, 24.713580, 24.730275, 24.746960, 24.763612, 24.780294, 24.796969, 24.813638, 24.830311, 24.847408, 24.863912, 24.881861, 24.897885, 24.913903, 24.930370, 24.946988, 24.963629, 24.980227, 24.996961, 25.013659, 25.030279, 25.046881, 25.063563, 25.080130, 25.096816, 25.113547, 25.131659, 25.147462, 25.163576, 25.180198, 25.197188, 25.213694, 25.230261, 25.246938, 25.263632, 25.280649, 25.297139, 25.313717, 25.330388, 25.347093, 25.363804, 25.381861, 25.397636, 25.413716, 25.430417, 25.447060, 25.463766, 25.480437, 25.497446, 25.513897, 25.530534, 25.547157, 25.563838, 25.580584, 25.597667, 25.614229, 25.632925, 25.648092, 25.664279, 25.681086, 25.697718, 25.714364, 25.731070, 25.747722, 25.764345, 25.781094, 25.797715, 25.814442, 25.831057, 25.847750, 25.864533, 25.882799, 25.898011, 25.914479, 25.932604, 25.947778, 25.964736, 25.981128, 25.997862, 26.014466, 26.031174, 26.047846, 26.064489, 26.081141, 26.097863, 26.114602, 26.133784, 26.147917, 26.164556, 26.183158, 26.198122, 26.214663, 26.231295, 26.248005, 26.264722, 26.281337, 26.298359, 26.315217, 26.331551, 26.348279, 26.364986, 26.381487, 26.399890, 26.414900, 26.431473, 26.448178, 26.464850, 26.481509, 26.498572, 26.514916, 26.531440, 26.552028, 26.564906, 26.581475, 26.598235, 26.614947, 26.632128, 26.649880, 26.664935, 26.681585, 26.698267, 26.715008, 26.731960, 26.748456, 26.764979, 26.782075, 26.798575, 26.815059, 26.832610, 26.848756, 26.865787, 26.881987, 26.899855, 26.915294, 26.932041, 26.948695, 26.965546, 26.982209, 26.998887, 27.015631, 27.032254, 27.048917, 27.065576, 27.082912, 27.099215, 27.116247, 27.132450, 27.150861, 27.166100, 27.182623, 27.199113, 27.215878, 27.232554, 27.249202, 27.265888, 27.282506, 27.299098, 27.315812, 27.332842, 27.349240, 27.366721, 27.382704, 27.400809, 27.416048, 27.432702, 27.449416, 27.466065, 27.482702, 27.499381, 27.516447, 27.532868, 27.549369, 27.566537, 27.582823, 27.599474, 27.616348, 27.633258, 27.651948, 27.666357, 27.683055, 27.699721, 27.716375, 27.733094, 27.750161, 27.766517, 27.783498, 27.799927, 27.816476, 27.833507, 27.851316, 27.866759, 27.883058, 27.901798, 27.916306, 27.933027, 27.949672, 27.966350, 27.983022, 27.999676, 28.016472, 28.033176, 28.051661, 28.066841, 28.083485, 28.100680, 28.116976, 28.133645, 28.151705, 28.166973, 28.183605, 28.200368, 28.220959, 28.233745, 28.250383, 28.267088, 28.283808, 28.300358, 28.317074, 28.334247, 28.350268, 28.366808, 28.383458, 28.400100, 28.418635, 28.433786, 28.450255, 28.466827, 28.483576, 28.500215, 28.517187, 28.533764, 28.550323, 28.567016, 28.583779, 28.600833, 28.617010, 28.633703, 28.650319, 28.668690, 28.683777, 28.700332, 28.717011, 28.733719, 28.750370, 28.767383, 28.784229, 28.800624, 28.817577, 28.834641, 28.850618, 28.867210, 28.883944, 28.900615, 28.918745, 28.933998, 28.950593, 28.967234, 28.983991, 29.000628, 29.017260, 29.034003, 29.050701, 29.067322, 29.084558, 29.100696, 29.117322, 29.134049, 29.150722, 29.168687, 29.184144, 29.200763, 29.219109, 29.234216, 29.250793, 29.267430, 29.284195, 29.301172, 29.317539, 29.334547, 29.351152, 29.367588, 29.384150, 29.402382, 29.418775, 29.434594, 29.451045, 29.467640, 29.484373, 29.500994, 29.517609, 29.534225, 29.550916, 29.567507, 29.584679, 29.600690, 29.621133, 29.633975, 29.650637, 29.667312, 29.685699, 29.700603, 29.717339, 29.733979, 29.750615, 29.767354, 29.784399, 29.800927, 29.817477, 29.834778, 29.850863, 29.867897, 29.884159, 29.901188, 29.917667, 29.935781, 29.951490, 29.967823, 29.984291, 30.000956, 30.017691, 30.034299, 30.051008, 30.067714, 30.084379, 30.100988, 30.117696, 30.134288, 30.150969, 30.167652, 30.185624, 30.200916, 30.217653, 30.234249, 30.251007, 30.267963, 30.284403, 30.301408, 30.317943, 30.335129, 30.351186, 30.367837, 30.384481, 30.401132, 30.417795, 30.435704, 30.451198, 30.467828, 30.484476, 30.501122, 30.517758, 30.534425, 30.551084, 30.567776, 30.585379, 30.601666, 30.618097, 30.634675, 30.651369, 30.667977, 30.686755, 30.701377, 30.718035, 30.734688, 30.751382, 30.768051, 30.784827, 30.801334, 30.817983, 30.834772, 30.851356, 30.868030, 30.884685, 30.901749, 30.918287, 30.936644, 30.951622, 30.968334, 30.984979, 31.001632, 31.018363, 31.035110, 31.051727, 31.068391, 31.085115, 31.101665, 31.118712, 31.135179, 31.151770, 31.170062, 31.186648, 31.201829, 31.218839, 31.235330, 31.251982, 31.268618, 31.285365, 31.302079, 31.318656, 31.335400, 31.352021, 31.368730, 31.385420, 31.402078, 31.420304, 31.437626, 31.452076, 31.468721, 31.485385, 31.502110, 31.518700, 31.535558, 31.552242, 31.569194, 31.585635, 31.602214, 31.618941, 31.635572, 31.652264, 31.668928, 31.687609, 31.702257, 31.718980, 31.736014, 31.756011, 31.769096, 31.785680, 31.802413, 31.819505, 31.835788, 31.852418, 31.869448, 31.885950, 31.902592, 31.919512, 31.937793, 31.952964, 31.969358, 31.986325, 32.002847, 32.019346, 32.036209, 32.052886, 32.069767, 32.086336, 32.103083, 32.119736, 32.136362, 32.153451, 32.169859, 32.187632, 32.203176, 32.219768, 32.236458, 32.253164, 32.269900, 32.286518, 32.303733, 32.319883, 32.336599, 32.353182, 32.369882, 32.386522, 32.403206, 32.419841, 32.438562, 32.453237, 32.469875, 32.486610, 32.503285, 32.519922, 32.536813, 32.553324, 32.569964, 32.586669, 32.603344, 32.619994, 32.636667, 32.653363, 32.670036, 32.688522, 32.703391, 32.720019, 32.736713, 32.753486, 32.770164, 32.786818, 32.803996, 32.820108, 32.836887, 32.853514, 32.870163, 32.886871, 32.903557, 32.920209, 32.940598, 32.954532, 32.971029, 32.987114, 33.003869, 33.020483, 33.037197, 33.054190, 33.070774, 33.087261, 33.103910, 33.120547, 33.138781, 33.153980, 33.170913, 33.187371, 33.205673, 33.220517, 33.237654, 33.254241, 33.270932, 33.291001, 33.304670, 33.321000, 33.337690, 33.354308, 33.370936, 33.387598, 33.404268, 33.420891, 33.437559, 33.455611, 33.470866, 33.487534, 33.504198, 33.520959, 33.537647, 33.554231, 33.570927, 33.587546, 33.604157, 33.621252, 33.637663, 33.654290, 33.670896, 33.687925, 33.705682, 33.721061, 33.737683, 33.754475, 33.771124, 33.788305, 33.804475, 33.821054, 33.837882, 33.854461, 33.871063, 33.887785, 33.904448, 33.921021, 33.937663, 33.955474, 33.970920, 33.987563, 34.004109, 34.020953, 34.037545, 34.054247, 34.071353, 34.087835, 34.104368, 34.121057, 34.137720, 34.154423, 34.171125, 34.187738, 34.206530, 34.221199, 34.238231, 34.254778, 34.271488, 34.288304, 34.304554, 34.321232, 34.338007, 34.354604, 34.371278, 34.387925, 34.404637, 34.421261, 34.437955, 34.456474, 34.471237, 34.488297, 34.504896, 34.521586, 34.538078, 34.554762, 34.571415, 34.588117, 34.604737, 34.621464, 34.638088, 34.654742, 34.671447, 34.688134, 34.706538, 34.721436, 34.738171, 34.754791, 34.773642, 34.788182, 34.804822, 34.821475, 34.838271, 34.854858, 34.871553, 34.888241, 34.904928, 34.921572, 34.938262, 34.956461, 34.971617, 34.988298, 35.005152, 35.022147, 35.039960, 35.055025, 35.071725, 35.088355, 35.105203, 35.121816, 35.138446, 35.155072, 35.171818, 35.188393, 35.206541, 35.221768, 35.238442, 35.255262, 35.272436, 35.288472, 35.305192, 35.321918, 35.338579, 35.358757, 35.371916, 35.388980, 35.405421, 35.422100, 35.438817, 35.457871, 35.472367, 35.489065, 35.505685, 35.523158, 35.539146, 35.556072, 35.572657, 35.589130, 35.605796, 35.622551, 35.639184, 35.655967, 35.672637, 35.689248, 35.707971, 35.722816, 35.739378, 35.756177, 35.772933, 35.789259, 35.806068, 35.822650, 35.839445, 35.856001, 35.872707, 35.889366, 35.906036, 35.922707, 35.939435, 35.957542, 35.972905, 35.989546, 36.006526, 36.022815, 36.039509, 36.056148, 36.072843, 36.089461, 36.106193, 36.122776, 36.139512, 36.156124, 36.172832, 36.189548, 36.208411, 36.222846, 36.239654, 36.256787, 36.273150, 36.289637, 36.306618, 36.322834, 36.339631, 36.356229, 36.372917, 36.389609, 36.406235, 36.422943, 36.439590, 36.458444, 36.473052, 36.489737, 36.506287, 36.522979, 36.539646, 36.556332, 36.572978, 36.589764, 36.606359, 36.623050, 36.639726, 36.656403, 36.673067, 36.689794, 36.708505, 36.723170, 36.739951, 36.756528, 36.773140, 36.789795, 36.807063, 36.823401, 36.839985, 36.856615, 36.873282, 36.889947, 36.906688, 36.923748, 36.941794, 36.958658, 36.973839, 36.991128, 37.007215, 37.023491, 37.040222, 37.056941, 37.073530, 37.090276, 37.106963, 37.123561, 37.140291, 37.156994, 37.173541, 37.190666, 37.210690, 37.223768, 37.241001, 37.257208, 37.273750, 37.290504, 37.307200, 37.323935, 37.340614, 37.357396, 37.373925, 37.390984, 37.407350, 37.423892, 37.440584, 37.457261, 37.475477, 37.491378, 37.507351, 37.526046, 37.540603, 37.557263, 37.573933, 37.590606, 37.607162, 37.623814, 37.640469, 37.657127, 37.673814, 37.690822, 37.707282, 37.725456, 37.741048, 37.757057, 37.773856, 37.790468, 37.807077, 37.823844, 37.840678, 37.857334, 37.874028, 37.890707, 37.907348, 37.924072, 37.940792, 37.957592, 37.975352, 37.991316, 38.007574, 38.024294, 38.040895, 38.057619, 38.074234, 38.090952, 38.107591, 38.124331, 38.141288, 38.157823, 38.174356, 38.191050, 38.207743, 38.226352, 38.241450, 38.257810, 38.274413, 38.291109, 38.307779, 38.324444, 38.341189, 38.357823, 38.374474, 38.391173, 38.407801, 38.424524, 38.441266, 38.457988, 38.476312, 38.491366, 38.507920, 38.524629, 38.541593, 38.558083, 38.574646, 38.591356, 38.607979, 38.624708, 38.641373, 38.658096, 38.675126, 38.691651, 38.708263, 38.726423, 38.741611, 38.758219, 38.774969, 38.791647, 38.808254, 38.824889, 38.841638, 38.858148, 38.874850, 38.891466, 38.908444, 38.925046, 38.941644, 38.958369, 38.977457, 38.991488, 39.008672, 39.025063, 39.041631, 39.058282, 39.074994, 39.091672, 39.108314, 39.124940, 39.141611, 39.158275, 39.176614, 39.191650, 39.208899, 39.224920, 39.243705, 39.258412, 39.274995, 39.291634, 39.308300, 39.324994, 39.342086, 39.358446, 39.375339, 39.391833, 39.408368, 39.425085, 39.441706, 39.458388, 39.475413, 39.493396, 39.508408, 39.524989, 39.543216, 39.558334, 39.574957, 39.591621, 39.608296, 39.624881, 39.641610, 39.658378, 39.674907, 39.691706, 39.711456, 39.724985, 39.743657, 39.758529, 39.775061, 39.791749, 39.808464, 39.825089, 39.841801, 39.858485, 39.875101, 39.891782, 39.908508, 39.925486, 39.941970, 39.958805, 39.975429, 39.993285, 40.008560, 40.025213, 40.041901, 40.058890, 40.075416, 40.092030, 40.108666, 40.125334, 40.142045, 40.158797, 40.175553, 40.192260, 40.209390, 40.225724, 40.244312, 40.259228, 40.276223, 40.293036, 40.309487, 40.325975, 40.342746, 40.359385, 40.376058, 40.392760, 40.409518, 40.426154, 40.443245, 40.459896, 40.476132, 40.494279, 40.509390, 40.526087, 40.542725, 40.559434, 40.576145, 40.592784, 40.609406, 40.626109, 40.643137, 40.659673, 40.676305, 40.693242, 40.710415, 40.726396, 40.744325, 40.759795, 40.776364, 40.793117, 40.809759, 40.826406, 40.843246, 40.859859, 40.876398, 40.893143, 40.909855, 40.926640, 40.943271, 40.960005, 40.976566, 40.995295, 41.010450, 41.026721, 41.043449, 41.060102, 41.076859, 41.093479, 41.110199, 41.126857, 41.143517, 41.160383, 41.176980, 41.193599, 41.210310, 41.226892, 41.245296, 41.260313, 41.277296, 41.293859, 41.310362, 41.326972, 41.343784, 41.360364, 41.377074, 41.393794, 41.410413, 41.427642, 41.444243, 41.460486, 41.477068, 41.495228, 41.510514, 41.527166, 41.543844, 41.560494, 41.577130, 41.595398, 41.610534, 41.627266, 41.643897, 41.660581, 41.677364, 41.694682, 41.710848, 41.727408, 41.745289, 41.760794, 41.777421, 41.794089, 41.810741, 41.828975, 41.844020, 41.860926, 41.877306, 41.893893, 41.910622, 41.927339, 41.944165, 41.960479, 41.977449, 41.993955, 42.012288, 42.027273, 42.043907, 42.060585, 42.077219, 42.093914, 42.110581, 42.127268, 42.144328, 42.160856, 42.177349, 42.194034, 42.210871, 42.227507, 42.248272, 42.262218, 42.277674, 42.294346, 42.310995, 42.327708, 42.344745, 42.361289, 42.377871, 42.394608, 42.411216, 42.428774, 42.444741, 42.461236, 42.477749, 42.494368, 42.513126, 42.527617, 42.544213, 42.560814, 42.577406, 42.594067, 42.610745, 42.627393, 42.644130, 42.660833, 42.677997, 42.694074, 42.711150, 42.727670, 42.744201, 42.760861, 42.779230, 42.794221, 42.810891, 42.827610, 42.844334, 42.861042, 42.877677, 42.894314, 42.911123, 42.928253, 42.944457, 42.961158, 42.978062, 42.994704, 43.011418, 43.030219, 43.044775, 43.061483, 43.078190, 43.094843, 43.111892, 43.128424, 43.145228, 43.161660, 43.179055, 43.195154, 43.211705, 43.228366, 43.245017, 43.261711, 43.280250, 43.295358, 43.311919, 43.328798, 43.345393, 43.361907, 43.378593, 43.395294, 43.412128, 43.428579, 43.445228, 43.461928, 43.478645, 43.495265, 43.511890, 43.530202, 43.545179, 43.561840, 43.578540, 43.595179, 43.611915, 43.628673, 43.647307, 43.662033, 43.678705, 43.695290, 43.712032, 43.728671, 43.745346, 43.762036, 43.780130, 43.795406, 43.812385, 43.828913, 43.845495, 43.862101, 43.878867, 43.897635, 43.912871, 43.929085, 43.945809, 43.962433, 43.979401, 43.995937, 44.012890, 44.031253, 44.045866, 44.062576, 44.079235, 44.095851, 44.112520, 44.129128, 44.146224, 44.162418, 44.179091, 44.195752, 44.212427, 44.228994, 44.245690, 44.266669, 44.281221, 44.295772, 44.312472, 44.329122, 44.345896, 44.362508, 44.379227, 44.396468, 44.412543, 44.429200, 44.445927, 44.462559, 44.479241, 44.495944, 44.512641, 44.531163, 44.545905, 44.563021, 44.579486, 44.596061, 44.612757, 44.629475, 44.646516, 44.662826, 44.679514, 44.696141, 44.712852, 44.729586, 44.746173, 44.762839, 44.781476, 44.796656, 44.813064, 44.829701, 44.846752, 44.863193, 44.879792, 44.897018, 44.913110, 44.930043, 44.946613, 44.963201, 44.979804, 44.996417, 45.013283, 45.031179, 45.046445, 45.063159, 45.079734, 45.096459, 45.113227, 45.129646, 45.146881, 45.162831, 45.179469, 45.196232, 45.212833, 45.229853, 45.246386, 45.262780, 45.279513, 45.298106, 45.312766, 45.329478, 45.346172, 45.362816, 45.379700, 45.396604, 45.412777, 45.429549, 45.446207, 45.462890, 45.479510, 45.496249, 45.512871, 45.529567, 45.548057, 45.562925, 45.579577, 45.596318, 45.613010, 45.629703, 45.646730, 45.662984, 45.679657, 45.696348, 45.713073, 45.729824, 45.746534, 45.763170, 45.779866, 45.798021, 45.813220, 45.830260, 45.846881, 45.863430, 45.880582, 45.896723, 45.913437, 45.930109, 45.946738, 45.963453, 45.980097, 45.996936, 46.013555, 46.030448, 46.050199, 46.063818, 46.080548, 46.097274, 46.113929, 46.130617, 46.147267, 46.163924, 46.180642, 46.197306, 46.213955, 46.230935, 46.247810, 46.264166, 46.280834, 46.297821, 46.317472, 46.331201, 46.347871, 46.365015, 46.381068, 46.397882, 46.414453, 46.431079, 46.447745, 46.464390, 46.481176, 46.497788, 46.514445, 46.531185, 46.547815, 46.564565, 46.583100, 46.597880, 46.614569, 46.631140, 46.648018, 46.664592, 46.681310, 46.698023, 46.715129, 46.735686, 46.748316, 46.764944, 46.781879, 46.798798, 46.815507, 46.833761, 46.848792, 46.865751, 46.881864, 46.898541, 46.915245, 46.931794, 46.948585, 46.965430, 46.982216, 46.998641, 47.015222, 47.031904, 47.048456, 47.065209, 47.083182, 47.098596, 47.115407, 47.131891, 47.148619, 47.165265, 47.181973, 47.198860, 47.215683, 47.232081, 47.248742, 47.265350, 47.282000, 47.298710, 47.315445, 47.334225, 47.348816, 47.365546, 47.382009, 47.398706, 47.415297, 47.432266, 47.448864, 47.465421, 47.482007, 47.498726, 47.515365, 47.532115, 47.548753, 47.565476, 47.584071, 47.598757, 47.616023, 47.632160, 47.648817, 47.665513, 47.682134, 47.698913, 47.715558, 47.732226, 47.748915, 47.765529, 47.782341, 47.798961, 47.816035, 47.834185, 47.849619, 47.866254, 47.882396, 47.900664, 47.915847, 47.932472, 47.949198, 47.965865, 47.982519, 47.999205, 48.016053, 48.032688, 48.049308, 48.065997, 48.086099, 48.099337, 48.116734, 48.132858, 48.149459, 48.166070, 48.182751, 48.199534, 48.216102, 48.236321, 48.249541, 48.266497, 48.283097, 48.299663, 48.316374, 48.333684, 48.351093, 48.366520, 48.383086, 48.399811, 48.416462, 48.433351, 48.449931, 48.466745, 48.483406, 48.500020, 48.516611, 48.533339, 48.550036, 48.566686, 48.583426, 48.602015, 48.616720, 48.633464, 48.650142, 48.667203, 48.683540, 48.700161, 48.716735, 48.733528, 48.750164, 48.766811, 48.783669, 48.800260, 48.816932, 48.834176, 48.852009, 48.866934, 48.883631, 48.900215, 48.916904, 48.933613, 48.950287, 48.967071, 48.983622, 49.000327, 49.017056, 49.033731, 49.050429, 49.067050, 49.084097, 49.101975, 49.117102, 49.133744, 49.150527, 49.167117, 49.183781, 49.200513, 49.217176, 49.235337, 49.250574, 49.267108, 49.283867, 49.300904, 49.317468, 49.334717, 49.351943, 49.367343, 49.384059, 49.402255, 49.417369, 49.434088, 49.450597, 49.467199, 49.483831, 49.500549, 49.517421, 49.534032, 49.550556, 49.567199, 49.583840, 49.601856, 49.617195, 49.633846, 49.650535, 49.671083, 49.683922, 49.700522, 49.717211, 49.733873, 49.750510, 49.767654, 49.784056, 49.800683, 49.817879, 49.834645, 49.852965, 49.867320, 49.883992, 49.900717, 49.917323, 49.934194, 49.950713, 49.967394, 49.984057, 50.000711, 50.017535, 50.034322, 50.050812, 50.068039, 50.084616, 50.103303, 50.117692, 50.134271, 50.150991, 50.167606, 50.184360, 50.200949, 50.217632, 50.234285, 50.250963, 50.267734, 50.284250, 50.300957, 50.318394, 50.334981, 50.352876, 50.367479, 50.384087, 50.400956, 50.417633, 50.434262, 50.450942, 50.467660, 50.484315, 50.501000, 50.517620, 50.534399, 50.550982, 50.567582, 50.584647, 50.602884, 50.617556, 50.634209, 50.650910, 50.667509, 50.684243, 50.700932, 50.717529, 50.734230, 50.750949, 50.767562, 50.784314, 50.800995, 50.817627, 50.834476, 50.852928, 50.867794, 50.885877, 50.901024, 50.917700, 50.934320, 50.951361, 50.967797, 50.984359, 51.001118, 51.017811, 51.034543, 51.051166, 51.067908, 51.084470, 51.102879, 51.117810, 51.134474, 51.152614, 51.167824, 51.184510, 51.201127, 51.217842, 51.234474, 51.251167, 51.267910, 51.284621, 51.301286, 51.318462, 51.334970, 51.353031, 51.368080, 51.384730, 51.401405, 51.418088, 51.434773, 51.451410, 51.472449, 51.484942, 51.501537, 51.518182, 51.534947, 51.551638, 51.569037, 51.585016, 51.602940, 51.618269, 51.634892, 51.651623, 51.668285, 51.684940, 51.701571, 51.718282, 51.734982, 51.751677, 51.768369, 51.785070, 51.801680, 51.818723, 51.835095, 51.853907, 51.868380, 51.885368, 51.902226, 51.918565, 51.935184, 51.952227, 51.968656, 51.985292, 52.001905, 52.018632, 52.035425, 52.053109, 52.068875, 52.085465, 52.104043, 52.119122, 52.135607, 52.152195, 52.168863, 52.185501, 52.202224, 52.218863, 52.235554, 52.252204, 52.268802, 52.285528, 52.302675, 52.318816, 52.335528, 52.353916, 52.368789, 52.385516, 52.402524, 52.418968, 52.435570, 52.452208, 52.468917, 52.485580, 52.502270, 52.518993, 52.535701, 52.552899, 52.568944, 52.585654, 52.603937, 52.618991, 52.635578, 52.652692, 52.669232, 52.685727, 52.702461, 52.719189, 52.735745, 52.752505, 52.769214, 52.785891, 52.802892, 52.819177, 52.835937, 52.853878, 52.869153, 52.885897, 52.902501, 52.919147, 52.935838, 52.952473, 52.969100, 52.985739, 53.002413, 53.019140, 53.035917, 53.052465, 53.069078, 53.085755, 53.104149, 53.119321, 53.135863, 53.152631, 53.169225, 53.185898, 53.202613, 53.219278, 53.237577, 53.252846, 53.269404, 53.286006, 53.302681, 53.319267, 53.336377, 53.354933, 53.369427, 53.386668, 53.403029, 53.419534, 53.436219, 53.452894, 53.469541, 53.486251, 53.502991, 53.519687, 53.536908, 53.552954, 53.569979, 53.586407, 53.606011, 53.619597, 53.636291, 53.653006, 53.669679, 53.686343, 53.703345, 53.719858, 53.736373, 53.753152, 53.769753, 53.786374, 53.803071, 53.819736, 53.836496, 53.853438, 53.871991, 53.886412, 53.903149, 53.919752, 53.936455, 53.953207, 53.970182, 53.986555, 54.003335, 54.020335, 54.040648, 54.053241, 54.069817, 54.086554, 54.103223, 54.121908, 54.136572, 54.153294, 54.169893, 54.186640, 54.203313, 54.220325, 54.236773, 54.253533, 54.270109, 54.286675, 54.303675, 54.320144, 54.336800, 54.353449, 54.371889, 54.386699, 54.403399, 54.420083, 54.436782, 54.453418, 54.470119, 54.486748, 54.503487, 54.520146, 54.536731, 54.553479, 54.570144, 54.586837, 54.603470, 54.621786, 54.636879, 54.653533, 54.670205, 54.686962, 54.703606, 54.720298, 54.737338, 54.753799, 54.770826, 54.787052, 54.803736, 54.820386, 54.837164, 54.853798, 54.871781, 54.887148, 54.903758, 54.920420, 54.937128, 54.953713, 54.970486, 54.987193, 55.003963, 55.020684, 55.037172, 55.053877, 55.070581, 55.087241, 55.103862, 55.122739, 55.137252, 55.153969, 55.170618, 55.187618, 55.204096, 55.220671, 55.237404, 55.254136, 55.271176, 55.287421, 55.304040, 55.320732, 55.337518, 55.354221, 55.372748, 55.387791, 55.404731, 55.421186, 55.437824, 55.454510, 55.471227, 55.487891, 55.505096, 55.521716, 55.537899, 55.554954, 55.571737, 55.588171, 55.605136, 55.622925, 55.638061, 55.654759, 55.671406, 55.688087, 55.704769, 55.721546, 55.738653, 55.755051, 55.771576, 55.788265, 55.804869, 55.821552, 55.838377, 55.854883, 55.872898, 55.888270, 55.904902, 55.921637, 55.938326, 55.955023, 55.971708, 55.988410, 56.005043, 56.021684, 56.038461, 56.055088, 56.071886, 56.088558, 56.105254, 56.124836, 56.138593, 56.155302, 56.171972, 56.188637, 56.205329, 56.222004, 56.238796, 56.255391, 56.272045, 56.288781, 56.305409, 56.322031, 56.338835, 56.355391, 56.372106, 56.391798, 56.405463, 56.422133, 56.438776, 56.455488, 56.472262, 56.488906, 56.505486, 56.522591, 56.539024, 56.555732, 56.572424, 56.589298, 56.605937, 56.622811, 56.639349, 56.658070, 56.673033, 56.689660, 56.710945, 56.723024, 56.739801, 56.756817, 56.773092, 56.789864, 56.806397, 56.823148, 56.839862, 56.856416, 56.873076, 56.889852, 56.907692, 56.923144, 56.939781, 56.956622, 56.973246, 56.990397, 57.006942, 57.023325, 57.040308, 57.056838, 57.073346, 57.090086, 57.106712, 57.123392, 57.140040, 57.158784, 57.173426, 57.190123, 57.206855, 57.223468, 57.240652, 57.256843, 57.273514, 57.290067, 57.306727, 57.323538, 57.340235, 57.356817, 57.373519, 57.390203, 57.408780, 57.425090, 57.440379, 57.457104, 57.474473, 57.490660, 57.507429, 57.523860, 57.540439, 57.558664, 57.573862, 57.590544, 57.607602, 57.624692, 57.641059, 57.659176, 57.674072, 57.690838, 57.707486, 57.724196, 57.741091, 57.757396, 57.774096, 57.790702, 57.807446, 57.824003, 57.840772, 57.857339, 57.874033, 57.890766, 57.913797, 57.924391, 57.940865, 57.958174, 57.974368, 57.991296, 58.007727, 58.024257, 58.041032, 58.057588, 58.074418, 58.091019, 58.107772, 58.124396, 58.141016, 58.157743, 58.175759, 58.191176, 58.208162, 58.224472, 58.241149, 58.257892, 58.274408, 58.291075, 58.307743, 58.324477, 58.341222, 58.357884, 58.375984, 58.391224, 58.407886, 58.426634, 58.441489, 58.458561, 58.474615, 58.492827, 58.508094, 58.524604, 58.541229, 58.558072, 58.574674, 58.591317, 58.608078, 58.624652, 58.645803, 58.658043, 58.676992, 58.691530, 58.708643, 58.725287, 58.741799, 58.758287, 58.774882, 58.791567, 58.808231, 58.824868, 58.841596, 58.858545, 58.875076, 58.891663, 58.908273, 58.926703, 58.941665, 58.958441, 
12, 20, 1, 3.111871, 3.093965, 3.093965, 3.093965, 3.116526, 3.164551, 3.231357, 3.317303, 3.423638, 3.548740, 3.757596, 4.008533, 4.296198, 4.616985, 4.968406, 5.359631, 5.788488, 6.234832, 6.685915, 7.154570, 7.639694, 8.126357, 8.638300, 8.923171, 9.218959, 9.480625, 9.642940, 9.753972, 9.801714, 9.785038, 9.704580, 9.562969, 9.383464, 9.165619, 8.870062, 8.717417, 8.449942, 8.161328, 7.887560, 7.630660, 7.349731, 7.068088, 6.806986, 6.546866, 6.301140, 6.068964, 5.851362, 5.420690, 5.380374, 5.133286, 4.879342, 4.636123, 4.389336, 4.155616, 3.945437, 3.737850, 3.523789, 3.315570, 3.113387, 2.926560, 2.586753, 2.599271, 2.337542, 2.228770, 2.278335, 2.229616, 2.085051, 2.179849, 2.098083, 2.131820, 2.152291, 2.170348, 2.183810, 2.187337, 2.174049, 2.122911, 2.065386, 1.979891, 1.849219, 1.698954, 1.473283, 1.213473, 0.902129, 0.581231, 0.244143, 0.078508, 0.365732, 0.631221, 0.845693, 1.059076, 1.221901, 1.370779, 1.486928, 1.572633, 1.625314, 1.667556, 1.681170, 1.664673, 1.593765, 1.535305, 1.398508, 1.181103, 0.965057, 0.752804, 0.542251, 0.294611, 0.009749, 0.313558, 0.571224, 0.832405, 1.079516, 1.329080, 1.476128, 1.626314, 1.713749, 1.770674, 1.786566, 1.776424, 1.746252, 1.701026, 1.636681, 1.551994, 1.445352, 1.316989, 1.170900, 1.005557, 0.828821, 0.645606, 0.469436, 0.298317, 0.161411, 0.070969, 0.006717, 0.068913, 0.114091, 0.147468, 0.155248, 0.157822, 0.159400, 0.134522, 0.113097, 0.077383, 0.029524, 0.020260, 0.071110, 0.187354, 0.249717, 0.340436, 0.439703, 0.472027, 0.561918, 0.613250, 0.583277, 0.620786, 0.608757, 0.566275, 0.503135, 0.416333, 0.291493, 0.135151, 0.043912, 0.245534, 0.472957, 0.700900, 0.938838, 1.175981, 1.430428, 1.788726, 1.894076, 2.109156, 2.311181, 2.484221, 2.647605, 2.855846, 2.907091, 3.007107, 3.118591, 3.102164, 3.159668, 3.144492, 3.081763, 3.051682, 2.977184, 2.883139, 2.778381, 2.682394, 2.580869, 2.467315, 2.294897, 2.114230, 1.910913, 1.699247, 1.461690, 1.231997, 1.011427, 0.762813, 0.557664, 0.356286, 0.162064, 0.021838, 0.169335, 0.308269, 0.450984, 0.573072, 0.659091, 0.752333, 0.867360, 0.972390, 1.057233, 1.142111, 1.226641, 1.309881, 1.392598, 1.475324, 1.556795, 1.637696, 1.717930, 1.797223, 1.876988, 1.955715, 2.033783, 2.111615, 2.188956, 2.265566, 2.341402, 2.417168, 2.492192, 2.566803, 2.640960, 2.715189, 2.786209, 2.835652, 2.832139, 2.851514, 2.847580, 2.822113, 2.773807, 2.705059, 2.630939, 2.504770, 2.405336, 2.261434, 2.120485, 1.931876, 1.726035, 1.525340, 1.306184, 1.062095, 0.791494, 0.493366, 0.206210, 0.097720, 0.427316, 0.762462, 1.089562, 1.422660, 1.754248, 2.066956, 2.425707, 2.612547, 2.828195, 3.065653, 3.257057, 3.425382, 3.597701, 3.756101, 3.829187, 3.863800, 3.878852, 3.847617, 3.771768, 3.684080, 3.570680, 3.416081, 3.166226, 3.032575, 2.939035, 2.774808, 2.588799, 2.394986, 2.071711, 1.966217, 1.742932, 1.392909, 1.272389, 1.031679, 0.686403, 0.568830, 0.246177, 0.072347, 0.004308, 0.234171, 0.350911, 0.371493, 0.531235, 0.609414, 0.661874, 0.707100, 0.750747, 0.787120, 0.807054, 0.811779, 0.811576, 0.803454, 0.780265, 0.745712, 0.688171, 0.603915, 0.523084, 0.411976, 0.277026, 0.139963, 0.000384, 0.140332, 0.279848, 0.419091, 0.560115, 0.702935, 0.845512, 0.990801, 1.114662, 1.207537, 1.300517, 1.349731, 1.413147, 1.432571, 1.467622, 1.509653, 1.552570, 1.593536, 1.614973, 1.633573, 1.648323, 1.662833, 1.646750, 1.684021, 1.693645, 1.689007, 1.687030, 1.691462, 1.689524, 1.684605, 1.680417, 1.673693, 1.676811, 1.647831, 1.641315, 1.629799, 1.599875, 1.539121, 1.508480, 1.506956, 1.467261, 1.407397, 1.364089, 1.294958, 1.226561, 1.139369, 1.064805, 0.987801, 0.895754, 0.818583, 0.736702, 0.663598, 0.605511, 0.459754, 0.501011, 0.468918, 0.456070, 0.447623, 0.464691, 0.486220, 0.515492, 0.542815, 0.587012, 0.628235, 0.675376, 0.714287, 0.747949, 0.792514, 0.775509, 0.858535, 0.887160, 0.907890, 0.947222, 0.980970, 1.006471, 1.032196, 1.050630, 1.054019, 1.058133, 1.069776, 1.071069, 1.053575, 1.032365, 0.934392, 0.914055, 0.965877, 0.843962, 0.890689, 0.870842, 0.768382, 0.836954, 0.843831, 0.798436, 0.837824, 0.844509, 0.878454, 0.910786, 0.940790, 0.961046, 0.968534, 0.980919, 0.998317, 0.993566, 0.982624, 0.968774, 0.899604, 0.840446, 0.777336, 0.682144, 0.588472, 0.492879, 0.388122, 0.279755, 0.161234, 0.031466, 0.046590, 0.200549, 0.305659, 0.431302, 0.518511, 0.594023, 0.655069, 0.725533, 0.769108, 0.810068, 0.841740, 0.849352, 0.852779, 0.865893, 0.863561, 0.857431, 0.852041, 0.845955, 0.846561, 0.839242, 0.816499, 0.767482, 0.722946, 0.650085, 0.578864, 0.491456, 0.401031, 0.306771, 0.219425, 0.130903, 0.059821, 0.002870, 0.072585, 0.133288, 0.180734, 0.212663, 0.245285, 0.272329, 0.291029, 0.310305, 0.327935, 0.335377, 0.373741, 0.396194, 0.423513, 0.462736, 0.518480, 0.571201, 0.624477, 0.708681, 0.788178, 0.882705, 0.977250, 1.067201, 1.160499, 1.246489, 1.348205, 1.442201, 1.509853, 1.494069, 1.637870, 1.688142, 1.740258, 1.777972, 1.815909, 1.840999, 1.856974, 1.874006, 1.878932, 1.883120, 1.895860, 1.910733, 1.903011, 1.888425, 1.778822, 1.869813, 1.851054, 1.834948, 1.733277, 1.800447, 1.793930, 1.773692, 1.779679, 1.764349, 1.762498, 1.760576, 1.654626, 1.760816, 1.749835, 1.639404, 1.735534, 1.713740, 1.588089, 1.616695, 1.700331, 1.637172, 1.755898, 1.702895, 1.753561, 1.893383, 1.841686, 1.876553, 1.893429, 1.888876, 1.887535, 1.869184, 1.839056, 1.793070, 1.728060, 1.641357, 1.536356, 1.408596, 1.260360, 1.081939, 0.904878, 0.705155, 0.517791, 0.372907, 0.120894, 0.058189, 0.238486, 0.410446, 0.579321, 0.758282, 0.933492, 1.117026, 1.317130, 1.535467, 1.748369, 1.940881, 2.101188, 2.254858, 2.364357, 2.436439, 2.447360, 2.421293, 2.335171, 2.211992, 2.060894, 1.886749, 1.729959, 1.563204, 1.414149, 1.269397, 1.127217, 0.991565, 0.900834, 0.807595, 0.718445, 0.634597, 0.537359, 0.435608, 0.326847, 0.214310, 0.079302, 0.066942, 0.226644, 0.403778, 0.620540, 0.844760, 1.081642, 1.267230, 1.448261, 1.604099, 1.690477, 1.827332, 1.899139, 1.941976, 1.974714, 1.975950, 1.969163, 1.950737, 1.919088, 1.866483, 1.805753, 1.742302, 1.641743, 1.537803, 1.456142, 1.266212, 1.159657, 1.062136, 0.907942, 0.839672, 0.760563, 0.681586, 0.583323, 0.590799, 0.511967, 0.444992, 0.484010, 0.436999, 0.473924, 0.435153, 0.469334, 0.450016, 0.497997, 0.539894, 0.552599, 0.507784, 0.485469, 0.557383, 0.436017, 0.396962, 0.372298, 0.277299, 0.192301, 0.098556, 0.011195, 0.098162, 0.211200, 0.343922, 0.459874, 0.571970, 0.670876, 0.773450, 0.856360, 0.931177, 1.020535, 1.091226, 1.152745, 1.214291, 1.263853, 1.309171, 1.330409, 1.360831, 1.382485, 1.390116, 1.398873, 1.399105, 1.389571, 1.375679, 1.350343, 1.323218, 1.287742, 1.234584, 1.171155, 1.104096, 1.041316, 0.972828, 0.895065, 0.830483, 0.754756, 0.837552, 0.740124, 0.636708, 0.510521, 0.374472, 0.220498, 0.076828, 0.065482, 0.212625, 0.366627, 0.534012, 0.681190, 0.835285, 0.968788, 1.088985, 1.180269, 1.251335, 1.298397, 1.330247, 1.370791, 1.369427, 1.383252, 1.379414, 1.383784, 1.386501, 1.374411, 1.346876, 1.308641, 1.264287, 1.225312, 1.127808, 1.044926, 0.958268, 0.857278, 0.764393, 0.676533, 0.548659, 0.441764, 0.327088, 0.228710, 0.123715, 0.000180, 0.178167, 0.202714, 0.291467, 0.360717, 0.425594, 0.452410, 0.470229, 0.451798, 0.420891, 0.356071, 0.287890, 0.203033, 0.102911, 0.001809, 0.116829, 0.219110, 0.247257, 0.393234, 0.491282, 0.584875, 0.669084, 0.679721, 0.822635, 0.917595, 0.944511, 1.081369, 1.146919, 1.192844, 1.220276, 1.139486, 1.240302, 1.224525, 1.093009, 1.156772, 1.101705, 0.920386, 0.963953, 0.888635, 0.709038, 0.747357, 0.543787, 0.479831, 0.530334, 0.360121, 0.316018, 0.261740, 0.241055, 0.208699, 0.167875, 0.147276, 0.144327, 0.158391, 0.187614, 0.230481, 0.272822, 0.317134, 0.383188, 0.447064, 0.534363, 0.632917, 0.770029, 0.928752, 1.196135, 1.427364, 1.745877, 2.164928, 2.651347, 3.194234, 3.820324, 4.500345, 5.263965, 6.076697, 6.954520, 7.851837, 8.765765, 9.671241, 10.583782, 11.408623, 12.185705, 12.912800, 13.570410, 14.145647, 14.661283, 15.111115, 15.483316, 15.792257, 16.084013, 16.263849, 16.371115, 16.373767, 16.379847, 16.263401, 16.076060, 15.637637, 15.531347, 15.165852, 14.743849, 14.265408, 13.733103, 13.160405, 12.561820, 11.936104, 11.257722, 10.569433, 9.875846, 9.177261, 8.500733, 7.839931, 6.891531, 6.586813, 6.005130, 5.463997, 4.962316, 4.509560, 4.105645, 3.766389, 3.476595, 3.228987, 3.030707, 2.892809, 2.812636, 2.791684, 2.773625, 2.793195, 2.723992, 2.616495, 2.560178, 2.500343, 2.428992, 2.353072, 2.261990, 2.164607, 2.073687, 1.957632, 1.817869, 1.632419, 1.430524, 1.205846, 0.955357, 0.528058, 0.381930, 0.073325, 0.383872, 0.577315, 0.917220, 1.402084, 1.618205, 1.960363, 2.425896, 2.640260, 3.057474, 3.375984, 3.613442, 4.007723, 4.288195, 4.521669, 4.835020, 5.072694, 5.249293, 5.445871, 5.643598, 5.801569, 5.911055, 5.991334, 6.060019, 6.095437, 6.090778, 6.058086, 6.015137, 5.953052, 5.815590, 5.671167, 5.501689, 5.276987, 5.029563, 4.746347, 4.414827, 4.033030, 3.604572, 3.141751, 2.675583, 2.199401, 1.729512, 1.290314, 0.789451, 0.329045, 0.114720, 0.552760, 0.953690, 1.331984, 1.684199, 2.006697, 2.283453, 2.522989, 2.706476, 2.854030, 2.938825, 2.987799, 2.983238, 2.945038, 2.889842, 2.809193, 2.712439, 2.587591, 2.447534, 2.291011, 2.059022, 1.898007, 1.662241, 1.448268, 1.230203, 1.010224, 0.787694, 0.551216, 0.328406, 0.131521, 0.089312, 0.254082, 0.412160, 0.548590, 0.668691, 0.771992, 0.842939, 0.911862, 0.969157, 1.039752, 1.081135, 1.116588, 1.158261, 1.184176, 1.105627, 1.175799, 1.139587, 1.082323, 1.040687, 0.978253, 0.904628, 0.817778, 0.725698, 0.619705, 0.528261, 0.421425, 0.317571, 0.214029, 0.107990, 0.113292, 0.110334, 0.227380, 0.327762, 0.550155, 0.521794, 0.606927, 0.795216, 0.766593, 0.847964, 1.031591, 0.997258, 1.166052, 1.224273, 1.267665, 1.308989, 1.315457, 1.335441, 1.407137, 1.441048, 1.380551, 1.496192, 1.515487, 1.542477, 1.567673, 1.607764, 1.627504, 1.690418, 1.771422, 1.856843, 1.923306, 2.023279, 2.129515, 2.263726, 2.433209, 2.614130, 2.815205, 3.021929, 3.227388, 3.430339, 3.650773, 3.873716, 4.085419, 4.336129, 4.564898, 4.809985, 5.039755, 5.283575, 5.525357, 5.763351, 5.993061, 6.213178, 6.427796, 6.626968, 6.852285, 7.075181, 7.308303, 7.535279, 7.730867, 7.918420, 8.111742, 8.284772, 8.444269, 8.601911, 8.750719, 8.921385, 8.965922, 9.044989, 9.072946, 9.078472, 9.040494, 8.960291, 8.830075, 8.673848, 8.484551, 8.293589, 8.092236, 7.829602, 7.538443, 7.217303, 6.841788, 6.455455, 6.028034, 5.576026, 5.092088, 4.591556, 4.075594, 3.546051, 2.999975, 2.429968, 1.755198, 1.319848, 0.784995, 0.262973, 0.246327, 0.717126, 1.145180, 1.565392, 1.946144, 2.305837, 2.620667, 2.891064, 3.132382, 3.313234, 3.486332, 3.534561, 3.614961, 3.620108, 3.580366, 3.501430, 3.398995, 3.265607, 3.117645, 2.947169, 2.651435, 2.589235, 2.407798, 2.119473, 1.944411, 1.871215, 1.569874, 1.497982, 1.178526, 0.986654, 0.914628, 0.618550, 0.445455, 0.386160, 0.128767, 0.006569, 0.106678, 0.215867, 0.301147, 0.344734, 0.347700, 0.351946, 0.319439, 0.287262, 0.202181, 0.143335, 0.053741, 0.001101, 0.024108, 0.069432, 0.082070, 0.080547, 0.071764, 0.066614, 0.037108, 0.012872, 0.026446, 0.006599, 0.008367, 0.004884, 0.019729, 0.059111, 0.108724, 0.132317, 0.145668, 0.205075, 0.202251, 0.202921, 0.213495, 0.225596, 0.240001, 0.246871, 0.271449, 0.304636, 0.339638, 0.406486, 0.464758, 0.552190, 0.615881, 0.675175, 0.771013, 0.726833, 0.721412, 0.708514, 0.672068, 0.623873, 0.571575, 0.487050, 0.396718, 0.295216, 0.178237, 0.054907, 0.081402, 0.235234, 0.406124, 0.577198, 0.751098, 0.942692, 1.141128, 1.358934, 1.588833, 1.837592, 2.090790, 2.353094, 2.621423, 2.897406, 3.199559, 3.483703, 3.774912, 4.067243, 4.337819, 4.591719, 4.787995, 4.941076, 5.074568, 5.176255, 5.181820, 5.031438, 4.973964, 4.778408, 4.541874, 4.235608, 3.893135, 3.533043, 3.148730, 2.757342, 2.363722, 1.979155, 1.454240, 1.245280, 0.902368, 0.577726, 0.112591, 0.067555, 0.364665, 0.661967, 0.943276, 1.209496, 1.565310, 1.758198, 1.859791, 2.078114, 2.183144, 2.246825, 2.274431, 2.228667, 2.195786, 2.151508, 2.081032, 2.017559, 1.954933, 1.902719, 1.852911, 1.813690, 1.781327, 1.723433, 1.660970, 1.588006, 1.448506, 1.362198, 1.249015, 1.135935, 1.024391, 0.914704, 0.803459, 0.689571, 0.575769, 0.461851, 0.347562, 0.233016, 0.119866, 0.006820, 0.108062, 0.223041, 0.335583, 0.451152, 0.566731, 0.683569, 0.801024, 0.917468, 1.014761, 1.080466, 1.113564, 1.108723, 1.100545, 1.090296, 1.045513, 1.001619, 0.918518, 0.829850, 0.745254, 0.668809, 0.568302, 0.468573, 0.379622, 0.298791, 0.210091, 0.145836, 0.076953, 0.021190, 0.037962, 0.086180, 0.138436, 0.192186, 0.233080, 0.254927, 0.289287, 0.334603, 0.296213, 0.316540, 0.328430, 0.337401, 0.364007, 0.366451, 0.381093, 0.392606, 0.409105, 0.423325, 0.424433, 0.425360, 0.424870, 0.420351, 0.460247, 0.411897, 0.403886, 0.398737, 0.385117, 0.368066, 0.348211, 0.331032, 0.319839, 0.297757, 0.271584, 0.285246, 0.229423, 0.199537, 0.159817, 0.162126, 0.092901, 0.047014, 0.009575, 0.070194, 0.150799, 0.228257, 0.317980, 0.348933, 0.403805, 0.509617, 0.544883, 0.619877, 0.671619, 0.673169, 0.726773, 0.807757, 0.863649, 0.925835, 0.965778, 0.999560, 1.068984, 1.038001, 1.036239, 1.026294, 0.995304, 0.942647, 0.889110, 0.841266, 0.780867, 0.727134, 0.674981, 0.608027, 0.525586, 0.420324, 0.306134, 0.168382, 0.025417, 0.114576, 0.272389, 0.436233, 0.582488, 0.726184, 0.855868, 0.975448, 1.073121, 1.144926, 1.202025, 1.254971, 1.278928, 1.289490, 1.266314, 1.228874, 1.170333, 1.085998, 0.951340, 0.853579, 0.747583, 0.632990, 0.513663, 0.413632, 0.261414, 0.091346, 0.078171, 0.248458, 0.419150, 0.589604, 0.761696, 0.939587, 1.112827, 1.285206, 1.482351, 1.681580, 1.868840, 2.045183, 2.220575, 2.381415, 2.555346, 2.698018, 2.794182, 2.915241, 3.021745, 3.114260, 3.218405, 3.282763, 3.367508, 3.506595, 3.625366, 3.748024, 3.879091, 3.991922, 4.149960, 4.327958, 4.513506, 4.700481, 4.901683, 5.092531, 5.282669, 5.470436, 5.631510, 5.719821, 5.815599, 5.880898, 5.984084, 6.074279, 6.121649, 6.237190, 6.306190, 6.379328, 6.454567, 6.517980, 6.572445, 6.618730, 6.632955, 6.585954, 6.612460, 6.572814, 6.478631, 6.260014, 6.219431, 5.902810, 5.678244, 5.461272, 5.295359, 4.989790, 4.653220, 4.283895, 3.891775, 3.264059, 2.833642, 2.613435, 2.186704, 1.572606, 1.373426, 0.985962, 0.412148, 0.038759, 0.324146, 0.663017, 1.013873, 1.358954, 1.700797, 2.021837, 2.335009, 2.646693, 2.908310, 3.139482, 3.333370, 3.489425, 3.617065, 3.721349, 3.811523, 3.879240, 3.936804, 3.964973, 3.962227, 3.925350, 3.821908, 3.670293, 3.519109, 3.317553, 3.129304, 2.977769, 2.843531, 2.758444, 2.696616, 2.639605, 2.569648, 2.479442, 2.375163, 2.186452, 1.983547, 1.780238, 1.571790, 1.371126, 1.166911, 0.961759, 0.756711, 0.556211, 0.381665, 0.223958, 0.064779, 0.083214, 0.223410, 0.358313, 0.498296, 0.610809, 0.768320, 0.877216, 1.018828, 1.143900, 1.235155, 1.318421, 1.388842, 1.459940, 1.489976, 1.537416, 1.582695, 1.594321, 1.600305, 1.582217, 1.565323, 1.563654, 1.527914, 1.440271, 1.473801, 1.425121, 1.413829, 1.382441, 1.342133, 1.199408, 1.215867, 1.150869, 1.095684, 1.045685, 1.004011, 0.957229, 0.821171, 0.830933, 0.773930, 0.681073, 0.691612, 0.666741, 0.654430, 0.669162, 0.663828, 0.779390, 0.864247, 0.911814, 1.040419, 1.113078, 1.124298, 1.171002, 1.246546, 1.197712, 1.180252, 1.166841, 1.155482, 1.120393, 1.095260, 1.078462, 1.065420, 1.061459, 1.046770, 1.013172, 0.979072, 0.930917, 0.870448, 0.810167, 0.747705, 0.686416, 0.615364, 0.553282, 0.494631, 0.452574, 0.412099, 0.346685, 0.280442, 0.222420, 0.172373, 0.113788, 0.054622, 0.008591, 0.060468, 0.115751, 0.165470, 0.228079, 0.295734, 0.372083, 0.438368, 0.513389, 0.598320, 0.665939, 0.720158, 0.759838, 0.745909, 0.698598, 0.639614, 0.535165, 0.435839, 0.277080, 0.178142, 0.072673, 0.021752, 0.096269, 0.147525, 0.180171, 0.194065, 0.210369, 0.226524, 0.248319, 0.293733, 0.350932, 0.411761, 0.500796, 0.544855, 0.596313, 0.659210, 0.704043, 0.758496, 0.790658, 0.819489, 0.826208, 0.830392, 0.829379, 0.833714, 0.834358, 0.824998, 0.804837, 0.786260, 0.768119, 0.740175, 0.719630, 0.676982, 0.629181, 0.580697, 0.465526, 0.504864, 0.475631, 0.437998, 0.404286, 0.352622, 0.301923, 0.239222, 0.168433, 0.091939, 0.010997, 0.082148, 0.176568, 0.273179, 0.348934, 0.489998, 0.481378, 0.549102, 0.609267, 0.649158, 0.672717, 0.699346, 0.767930, 0.717102, 0.705256, 0.691496, 0.669273, 0.671044, 0.630567, 0.576400, 0.528100, 0.459561, 0.367919, 0.265982, 0.169379, 0.062315, 0.048398, 0.144722, 0.260518, 0.333452, 0.436252, 0.516943, 0.596252, 0.675650, 0.769763, 0.867579, 0.950477, 1.021454, 1.082126, 1.122438, 1.163129, 1.181009, 1.215452, 1.230051, 1.242640, 1.255864, 1.250539, 1.257568, 1.248227, 1.212023, 1.169951, 1.098594, 1.034340, 0.969885, 0.897662, 0.833502, 0.746390, 0.674082, 0.586834, 0.506322, 0.421958, 0.334195, 0.254239, 0.172451, 0.092501, 0.027409, 0.032183, 0.087359, 0.162714, 0.215851, 0.256608, 0.308415, 0.344908, 0.382494, 0.411675, 0.451898, 0.502394, 0.503370, 0.518168, 0.540299, 0.532601, 0.534172, 0.509050, 0.455719, 0.366539, 0.296874, 0.181438, 0.059919, 0.062767, 0.184001, 0.305486, 0.426840, 0.544071, 0.661789, 0.768160, 0.835971, 0.902825, 0.965997, 0.996536, 1.013299, 1.021470, 1.049862, 1.059420, 1.065967, 1.067666, 1.060925, 1.054485, 1.052676, 1.049018, 1.054591, 1.003178, 1.021993, 1.017105, 1.017111, 1.029074, 1.034911, 1.049805, 1.056536, 1.068530, 1.068046, 1.070904, 1.061083, 1.047739, 1.035835, 1.007234, 0.823118, 0.886473, 0.910639, 0.932402, 0.972178, 0.984314, 1.076552, 1.130201, 1.166685, 1.278905, 1.319598, 1.329326, 1.423543, 1.420505, 1.473685, 1.512360, 1.533908, 1.552370, 1.574521, 1.600983, 1.600982, 1.598862, 1.603445, 1.605192, 1.601000, 1.602518, 1.619662, 1.597548, 1.578995, 1.546999, 1.510107, 1.471832, 1.424685, 1.365975, 1.312379, 1.237717, 1.141661, 1.040412, 0.943317, 0.770351, 0.619792, 0.467586, 0.314361, 0.165005, 0.002096, 0.147727, 0.277867, 0.448130, 0.509221, 0.611105, 0.697308, 0.757870, 0.806275, 0.848080, 0.877978, 0.889660, 0.885586, 0.852146, 0.793978, 0.712697, 0.617225, 0.495462, 0.368723, 0.236176, 0.063712, 0.094652, 0.249838, 0.425640, 0.612999, 0.781558, 0.940932, 1.091076, 1.228475, 1.350617, 1.464031, 1.555997, 1.634500, 1.657849, 1.742620, 1.763284, 1.766950, 1.748357, 1.718424, 1.669283, 1.641265, 1.617446, 1.597380, 1.597788, 1.593894, 1.615576, 1.638891, 1.650970, 1.621774, 1.703254, 1.727441, 1.743360, 1.777106, 1.794393, 1.814075, 1.843749, 1.881389, 1.923164, 1.967957, 2.000927, 2.032200, 2.055163, 2.081086, 2.101403, 2.033561, 2.109094, 2.085281, 2.061633, 2.028870, 1.982409, 1.914235, 1.844962, 1.777053, 1.687841, 1.581215, 1.464106, 1.320059, 1.161448, 0.977565, 0.660337, 0.609410, 0.397477, 0.182140, 0.025915, 0.224816, 0.399029, 0.565894, 0.709682, 0.837014, 0.939936, 1.122553, 1.150445, 1.166673, 1.173891, 1.147764, 1.025832, 1.000696, 0.909259, 0.799787, 0.670160, 0.544203, 0.414246, 0.268900, 0.113272, 0.053754, 0.281383, 0.448170, 0.641193, 0.790216, 0.955125, 1.113675, 1.275141, 1.413343, 1.562275, 1.683318, 1.800179, 1.889474, 1.965928, 2.042699, 2.112096, 2.159369, 2.183988, 2.228570, 2.258089, 2.259516, 2.271520, 2.280167, 2.288426, 2.295294, 2.293993, 2.287559, 2.278042, 2.265345, 2.251326, 2.226173, 2.221215, 2.139556, 2.074807, 1.994791, 1.923554, 1.786162, 1.758643, 1.684137, 1.620101, 1.562541, 1.488199, 1.428964, 1.373546, 1.289095, 1.203701, 1.097121, 0.996219, 0.868826, 0.737215, 0.459304, 0.470252, 0.263106, 0.153916, 0.061246, 0.021191, 0.088680, 0.156573, 0.231389, 0.309561, 0.393181, 0.484383, 0.580213, 0.711207, 0.852089, 1.147884, 1.238870, 1.467401, 1.702983, 1.946357, 2.219027, 2.504225, 2.789328, 3.070425, 3.357850, 3.653116, 3.960661, 4.330514, 4.561729, 4.878701, 5.206891, 5.617742, 5.895342, 6.237530, 6.561672, 6.854709, 7.097264, 7.338262, 7.563769, 7.759718, 7.885720, 7.964316, 7.904914, 7.839254, 7.854103, 7.714217, 7.351256, 7.267987, 6.981254, 6.474522, 6.327601, 5.970107, 5.362984, 4.957027, 4.552334, 4.151596, 3.757079, 3.360841, 3.020412, 2.724083, 2.464214, 2.235258, 2.068954, 1.967543, 1.909328, 1.895036, 1.926663, 1.996559, 2.080462, 2.206236, 2.353019, 2.506214, 2.632080, 2.741442, 2.806525, 2.852146, 2.857929, 2.845647, 2.824544, 2.795591, 2.791881, 2.745314, 2.717771, 2.675496, 2.602818, 2.504073, 2.392575, 2.218081, 2.007625, 1.773746, 1.502906, 1.188643, 0.876760, 0.545809, 0.230323, 0.139819, 0.477998, 0.792614, 1.096477, 1.400110, 1.689181, 1.965785, 2.240586, 2.498070, 2.726018, 2.955122, 3.170983, 3.410587, 3.654912, 3.886333, 4.151781, 4.433943, 4.703645, 4.959572, 5.210880, 5.455081, 5.748979, 5.833441, 5.989912, 6.107675, 6.187716, 6.225135, 6.300773, 6.202127, 6.121868, 6.035779, 5.929267, 5.820369, 5.698607, 5.591289, 5.468849, 5.352512, 5.211817, 5.033911, 4.883627, 4.728976, 4.557728, 4.349459, 4.147587, 3.974248, 3.793468, 3.591628, 3.386462, 3.181644, 2.978456, 2.767285, 2.573503, 2.372374, 2.171423, 1.974995, 1.802628, 1.635752, 1.500247, 1.361571, 1.206451, 1.067551, 0.958416, 0.806427, 0.688112, 0.589214, 0.455288, 0.332671, 0.249327, 0.107370, 0.074619, 0.013071, 0.111092, 0.211203, 0.306882, 0.437356, 0.588917, 0.705626, 0.821576, 0.959432, 1.092233, 1.225582, 1.350822, 1.471091, 1.598422, 1.719757, 1.830499, 1.937248, 2.059478, 2.121040, 2.157482, 2.157728, 2.123197, 2.063601, 1.967751, 1.873188, 1.763875, 1.631798, 1.490238, 1.363105, 1.247761, 1.122412, 1.007204, 0.878188, 0.761737, 0.646285, 0.538309, 0.442363, 0.352004, 0.260572, 0.207792, 0.139354, 0.107277, 0.074750, 0.030448, 0.005741, 0.026034, 0.050294, 0.088102, 0.126477, 0.156117, 0.217275, 0.278573, 0.312566, 0.395985, 0.402983, 0.427998, 0.471153, 0.506167, 0.537435, 0.568602, 0.605275, 0.630681, 0.655201, 0.682096, 0.713025, 0.743535, 0.756689, 0.770845, 0.772351, 0.778475, 0.765321, 0.737986, 0.708652, 0.677544, 0.644364, 0.565316, 0.526038, 0.530076, 0.456330, 0.432042, 0.403893, 0.373805, 0.338748, 0.301014, 0.267142, 0.239632, 0.222832, 0.248723, 0.199225, 0.192240, 0.248019, 0.222315, 0.290475, 0.339585, 0.329725, 0.392957, 0.511006, 0.506129, 0.640235, 0.709803, 0.788382, 0.869090, 0.959475, 1.056871, 1.160199, 1.275645, 1.396791, 1.514737, 1.634637, 1.744959, 1.848481, 1.961766, 2.087951, 2.213070, 2.342944, 2.486445, 2.638716, 2.804872, 2.979540, 3.165548, 3.357994, 3.552196, 3.743349, 3.920301, 4.140471, 4.297473, 4.451262, 4.571136, 4.647409, 4.744933, 4.786636, 4.796891, 4.782714, 4.746524, 4.670598, 4.572791, 4.406444, 4.228086, 4.050199, 3.876719, 3.690874, 3.539362, 3.379473, 3.218926, 3.030766, 2.883924, 2.738903, 2.586301, 2.451517, 2.333265, 2.269957, 2.209787, 2.170401, 2.129746, 2.150731, 2.189085, 2.234992, 2.294237, 2.366930, 2.452037, 2.536287, 2.615648, 2.707199, 2.788225, 2.857648, 2.907649, 2.944944, 3.002079, 2.937010, 2.862418, 2.783832, 2.704519, 2.624986, 2.541997, 2.462276, 2.310518, 2.131942, 1.935844, 1.733565, 1.498019, 1.255312, 1.013235, 0.697938, 0.488361, 0.233480, 0.022913, 0.243927, 0.469914, 0.675157, 0.853537, 0.993956, 1.115491, 1.169757, 1.217699, 1.197194, 1.158591, 1.103694, 1.032001, 0.943518, 0.837354, 0.715385, 0.610372, 0.480183, 0.324478, 0.139337, 0.034316, 0.245649, 0.491104, 0.750976, 1.012989, 1.260411, 1.522915, 1.755916, 1.979609, 2.142643, 2.312882, 2.457860, 2.574631, 2.705685, 2.780672, 2.793437, 2.784633, 2.757802, 2.718337, 2.660763, 2.594707, 2.512629, 2.438229, 2.353875, 2.265522, 2.209841, 2.155893, 2.103668, 2.061973, 2.016522, 1.980740, 1.948831, 1.915953, 1.889720, 1.853437, 1.817634, 1.788705, 1.758196, 1.735322, 1.701856, 1.674541, 1.643497, 1.609485, 1.568147, 1.541226, 1.508754, 1.468575, 1.441331, 1.413512, 1.395712, 1.369861, 1.343913, 1.322912, 1.283341, 1.242515, 1.192331, 1.155357, 1.109794, 1.052780, 0.994771, 0.943044, 0.885004, 0.832795, 0.779658, 0.726890, 0.677264, 0.612111, 0.476215, 0.492096, 0.423478, 0.344048, 0.271911, 0.183621, 0.100302, 0.015174, 0.065928, 0.151903, 0.247328, 0.332306, 0.420356, 0.523759, 0.636303, 0.872634, 0.896054, 1.015936, 1.124775, 1.340455, 1.353764, 1.455685, 1.550060, 1.631942, 1.805599, 1.778305, 1.817058, 1.939109, 1.889939, 1.898757, 1.989081, 1.911600, 1.974147, 1.946082, 1.883477, 1.816243, 1.729301, 1.591874, 1.502420, 1.363318, 1.138743, 0.972737, 0.773858, 0.538840, 0.291096, 0.042931, 0.207494, 0.465224, 0.712973, 0.969625, 1.199043, 1.405713, 1.581614, 1.734258, 1.878912, 1.985555, 2.070251, 2.103335, 2.131137, 2.200217, 2.144421, 2.122211, 2.116096, 2.083092, 2.047813, 2.008288, 1.956849, 1.924189, 1.863271, 1.813099, 1.747894, 1.695556, 1.646107, 1.556060, 1.500224, 1.456864, 1.438197, 1.399159, 1.369288, 1.332416, 1.328817, 1.387452, 1.361076, 1.388783, 1.401236, 1.412758, 1.423339, 1.434951, 1.436468, 1.443815, 1.449791, 1.467675, 1.486358, 1.490222, 1.475574, 1.452681, 1.420172, 1.384726, 1.324065, 1.245042, 1.153987, 1.067864, 0.979792, 0.890442, 0.817167, 0.744785, 0.692427, 0.486225, 0.576651, 0.502696, 0.424089, 0.354316, 0.288396, 0.231778, 0.185648, 0.152147, 0.125945, 0.115296, 0.106809, 0.115053, 0.154278, 0.213140, 0.176838, 0.353115, 0.425989, 0.511135, 0.591219, 0.678895, 0.755819, 0.876276, 0.988185, 1.101159, 1.221546, 1.320759, 1.407662, 1.470434, 1.513796, 1.461274, 1.551203, 1.554304, 1.521268, 1.477490, 1.414487, 1.332895, 1.232957, 1.130512, 1.018878, 0.906553, 0.772713, 0.634250, 0.487080, 0.176767, 0.014889, 0.503199, 0.598833, 0.884248, 1.184724, 1.481993, 1.776949, 2.068963, 2.356681, 2.779631, 2.847415, 3.066114, 3.406205, 3.441296, 3.585489, 3.832192, 3.939067, 3.905921, 4.030078, 3.950175, 3.959413, 3.846121, 3.659597, 3.483976, 3.276505, 3.043986, 2.809786, 2.601423, 2.380469, 2.150985, 1.868039, 1.699461, 1.474768, 1.252274, 1.031844, 0.810506, 0.603043, 0.412209, 0.234735, 0.095843, 0.014881, 0.050612, 0.120479, 0.141729, 0.166061, 0.159192, 0.131451, 0.084736, 0.034829, 0.017786, 0.068987, 0.161147, 0.251848, 0.350464, 0.434845, 0.529659, 0.638813, 0.739048, 0.847662, 0.939319, 1.019936, 1.089561, 1.138693, 1.148743, 1.136911, 1.118164, 1.087289, 1.052993, 1.009345, 0.946661, 0.867924, 0.767899, 0.639565, 0.523936, 0.392144, 0.269959, 0.149300, 0.038094, 0.187919, 0.324911, 0.463764, 0.610009, 0.815237, 0.941334, 1.106590, 1.231176, 1.296574, 1.367368, 1.418869, 1.452177, 1.455519, 1.379567, 1.405995, 1.352306, 1.282867, 1.208045, 1.134050, 1.067690, 0.988675, 0.904833, 0.824120, 0.730378, 0.640776, 0.477704, 0.461332, 0.364844, 0.191295, 0.167816, 0.064115, 0.113091, 0.121473, 0.295851, 0.369502, 0.368324, 0.487780, 0.533510, 0.502399, 0.546060, 0.532690, 0.502416, 0.487823, 0.455146, 0.421485, 0.390329, 0.361215, 0.336373, 0.285203, 0.302640, 0.276530, 0.258645, 0.244430, 0.247084, 0.248995, 0.257135, 0.268500, 0.286124, 0.325065, 0.366450, 0.390163, 0.410604, 0.428924, 0.432642, 0.432247, 0.427156, 0.411069, 0.400178, 0.374746, 0.354415, 0.288919, 0.239749, 0.180516, 0.114367, 0.037852, 0.073325, 0.168422, 0.265981, 0.374983, 0.484183, 0.592814, 0.700126, 0.807438, 0.914473, 1.023662, 1.114377, 1.199102, 1.249097, 1.290895, 1.327741, 1.356204, 1.372512, 1.379134, 1.388828, 1.411140, 1.425002, 1.475308, 1.507527, 1.542550, 1.571389, 1.585526, 1.619398, 1.634585, 1.669567, 1.645037, 1.618201, 1.574224, 1.491176, 1.399475, 1.321816, 1.226569, 1.142636, 1.071822, 1.004602, 0.946957, 0.875090, 0.816733, 0.705192, 0.672408, 0.521622, 0.484750, 0.388225, 0.318462, 0.259392, 0.187918, 0.126464, 0.060884, 0.001872, 0.059954, 0.110288, 0.182422, 0.238715, 0.300707, 0.377084, 0.506773, 0.512028, 0.575976, 0.643636, 0.692569, 0.755211, 0.783599, 0.846628, 0.919795, 0.983626, 1.021800, 1.092166, 1.187752, 1.283331, 1.369750, 1.468330, 1.577657, 1.737669, 1.894380, 2.074293, 2.274072, 2.464032, 2.643830, 2.830146, 2.997732, 3.158127, 3.326650, 3.492145, 3.657368, 3.821400, 3.963592, 4.081388, 4.187453, 4.261647, 4.296403, 4.309237, 4.312860, 4.300828, 4.265089, 4.233424, 4.178574, 4.125291, 4.050475, 3.960617, 3.853552, 3.719248, 3.580403, 3.426885, 3.268523, 3.110667, 2.912704, 2.713056, 2.504053, 2.289257, 2.075915, 1.860717, 1.657204, 1.443315, 1.228748, 1.022396, 0.816252, 0.602525, 0.400899, 0.178557, 0.030500, 0.246693, 0.452200, 0.639554, 0.933723, 1.048593, 1.237751, 1.426238, 1.610026, 1.792481, 1.971311, 2.136520, 2.285834, 2.433759, 2.542255, 2.627877, 2.685137, 2.728446, 2.757080, 2.780261, 2.758342, 2.749184, 2.718025, 2.671206, 2.578183, 2.460478, 2.359266, 2.242062, 2.138183, 2.033461, 1.920247, 1.812625, 1.675787, 1.515390, 1.371186, 1.241556, 1.109378, 0.966770, 0.804398, 0.659649, 0.523704, 0.430382, 0.322894, 0.253421, 0.189426, 0.132821, 0.091076, 0.047630, 0.016311, 0.018445, 0.034111, 0.033643, 0.032802, 0.011704, 0.021958, 0.040882, 0.122447, 0.081881, 0.093405, 0.096918, 0.090089, 0.077507, 0.062488, 0.040590, 0.034825, 0.028897, 0.033722, 0.026671, 0.003231, 0.044494, 0.011856, 0.019789, 0.057806, 0.073243, 0.063078, 0.100681, 0.195757, 0.189603, 0.215694, 0.259025, 0.272284, 0.287360, 0.295530, 0.289417, 0.282337, 0.280585, 0.269516, 0.278301, 0.311837, 0.335613, 0.369900, 0.375431, 0.361093, 0.348295, 0.308353, 0.286371, 0.207860, 0.123793, 0.025651, 0.064248, 0.160846, 0.265244, 0.356696, 0.470762, 0.596078, 0.727249, 0.861895, 1.003737, 1.135456, 1.228383, 1.344051, 1.444684, 1.525545, 1.591909, 1.627120, 1.645509, 1.646366, 1.634884, 1.597099, 1.531620, 1.440649, 1.295117, 1.118901, 0.942979, 0.767742, 0.591277, 0.412134, 0.251397, 0.123083, 0.044290, 0.014271, 0.049423, 0.077511, 0.092799, 0.117567, 0.122591, 0.131221, 0.114080, 0.085170, 0.038018, 0.016356, 0.093016, 0.173812, 0.252194, 0.336291, 0.437007, 0.636452, 0.633383, 0.726712, 0.819255, 0.915232, 1.010461, 1.085413, 1.151081, 1.234994, 1.292167, 1.336158, 1.378002, 1.400314, 1.403774, 1.399238, 1.411798, 1.318200, 1.258744, 1.210185, 1.136803, 1.057788, 0.933471, 0.785552, 0.656462, 0.535067, 0.430742, 0.293360, 0.174261, 0.071542, 0.034465, 0.094520, 0.215081, 0.279546, 0.351743, 0.429075, 0.490639, 0.571500, 0.628983, 0.611912, 0.679833, 0.687643, 0.630062, 0.677318, 0.636134, 0.491087, 0.417536, 0.347120, 0.269801, 0.260675, 0.082961, 0.006431, 0.020824, 0.097092, 0.096708, 0.048561, 0.018320, 0.130596, 0.264187, 0.438418, 0.619591, 0.791301, 0.972423, 1.157157, 1.389026, 1.642450, 1.892863, 2.147089, 2.402422, 2.633409, 2.819827, 2.999046, 3.204281, 3.386190, 3.565248, 3.719296, 3.855947, 3.997934, 4.098144, 4.195479, 4.330430, 4.431275, 4.499108, 4.572455, 4.639843, 4.682707, 4.705059, 4.718128, 4.697666, 4.660451, 4.600299, 4.481268, 4.362126, 4.228343, 4.008362, 3.789313, 3.555460, 3.258000, 2.931712, 2.564662, 2.182030, 1.779119, 1.355781, 0.895761, 0.410718, 0.090406, 0.591921, 1.105663, 1.630766, 2.173538, 2.694401, 3.202497, 3.893971, 4.183170, 4.628290, 5.039761, 5.416508, 5.751792, 6.056323, 6.324893, 6.567439, 6.911229, 6.972223, 7.130518, 7.248253, 7.336002, 7.394332, 7.412510, 7.389970, 7.303671, 7.168535, 7.016904, 6.855401, 6.704929, 6.543892, 6.311092, 6.010708, 5.773493, 5.482548, 5.168877, 4.841667, 4.411301, 4.110371, 3.702014, 3.284634, 2.837898, 2.276569, 1.790566, 1.406028, 0.789517, 0.294802, 0.188404, 0.646209, 1.100195, 1.434226, 1.926458, 2.303788, 2.649690, 2.969114, 3.253363, 3.519320, 3.753163, 3.950403, 4.123309, 4.285957, 4.398435, 4.462862, 4.505378, 4.522042, 4.483663, 4.425928, 4.336102, 4.215335, 4.041156, 3.855146, 3.646767, 3.433510, 3.208389, 2.985715, 2.771283, 2.559808, 2.359913, 2.173100, 2.008364, 1.842846, 1.696084, 1.566921, 1.431296, 1.324054, 1.212160, 1.106850, 0.978401, 0.935241, 0.873178, 0.818343, 0.775897, 0.737262, 0.720636, 0.689935, 0.675303, 0.667721, 0.657776, 0.639339, 0.620874, 0.603988, 0.589941, 0.569841, 0.541067, 0.534017, 0.517749, 0.485569, 0.462310, 0.441212, 0.423714, 0.406845, 0.398655, 0.410461, 0.419354, 0.436223, 0.449416, 0.469438, 0.492646, 0.501691, 0.516724, 0.529938, 0.542362, 0.503780, 0.545381, 0.553244, 0.548338, 0.561396, 0.558723, 0.551100, 0.553351, 0.553671, 0.557630, 0.497641, 0.520497, 0.389617, 0.434719, 0.494872, 0.489893, 0.583016, 0.615105, 0.657095, 0.660383, 0.738430, 0.763724, 0.776333, 0.800949, 0.838698, 0.877324, 0.936809, 1.005476, 1.080690, 1.166249, 1.278936, 1.455570, 1.598176, 1.739552, 1.900516, 2.077264, 2.258266, 2.436629, 2.591478, 2.774430, 2.929114, 3.027856, 3.182484, 3.305338, 3.398496, 3.528917, 3.684152, 3.763627, 3.907598, 3.969017, 4.076310, 4.209565, 4.226115, 4.290171, 4.407741, 4.433021, 4.478875, 4.518615, 4.552253, 4.578400, 4.630504, 4.691507, 4.751955, 4.820744, 4.869017, 4.909525, 4.942764, 4.965132, 4.983143, 4.976607, 4.963909, 4.921364, 4.855559, 4.765658, 4.652942, 4.525120, 4.379506, 4.222073, 4.069615, 3.888559, 3.715880, 3.534792, 3.338564, 3.115216, 2.894845, 2.652476, 2.412155, 2.173530, 1.941257, 1.696809, 1.444474, 1.173874, 0.895928, 0.632506, 0.205789, 0.106508, 0.417230, 0.744745, 1.075549, 1.404335, 1.717922, 1.998798, 2.260312, 2.491246, 2.669087, 2.825195, 2.951487, 3.084644, 3.192011, 3.300019, 3.418248, 3.540720, 3.693469, 3.850272, 3.991466, 4.145250, 4.306935, 4.438818, 4.569555, 4.693047, 4.862025, 4.901213, 5.068223, 5.101006, 5.153412, 5.160291, 5.109810, 5.010883, 4.912590, 4.813439, 4.635891, 4.421740, 4.177533, 3.938657, 3.703705, 3.405282, 3.224960, 3.004642, 2.859366, 2.703586, 2.552533, 2.440516, 2.328559, 2.200262, 2.093479, 1.985351, 1.897540, 1.793815, 1.685409, 1.577951, 1.470654, 1.362094, 1.250413, 1.136530, 1.024536, 0.910535, 0.797400, 0.656853, 0.566746, 0.449798, 0.332426, 0.214501, 0.168008, 0.082508, 0.069753, 0.129339, 0.114151, 0.013321, 0.088303, 0.212295, 0.386779, 0.608104, 0.790609, 0.988791, 1.143011, 1.274066, 1.406088, 1.538965, 1.671644, 1.792410, 1.855547, 1.926930, 1.958830, 1.947161, 1.937469, 1.903477, 1.868560, 1.833234, 1.792053, 1.732842, 1.661753, 1.580810, 1.469231, 1.309791, 1.095757, 0.847006, 0.601542, 0.378003, 0.140687, 0.080264, 0.289570, 0.494055, 0.665346, 0.730333, 0.731923, 0.739646, 0.725081, 0.682642, 0.670577, 0.674163, 0.683432, 0.616504, 0.545614, 0.525794, 0.465143, 0.313015, 0.196369, 0.037590, 0.135161, 0.307562, 0.483448, 0.659567, 0.839181, 1.017100, 1.194128, 1.345374, 1.476192, 1.571020, 1.616077, 1.635948, 1.634597, 1.636232, 1.626349, 1.598252, 1.574526, 1.567687, 1.543483, 1.527210, 1.517097, 1.490970, 1.457234, 1.340647, 1.358658, 1.311137, 1.247825, 1.100142, 1.091437, 1.000368, 0.919503, 0.829733, 0.751282, 0.664285, 0.574488, 0.472696, 0.345156, 0.196614, 0.077487, 0.157040, 0.505406, 0.705527, 0.765885, 1.097728, 1.266576, 1.293244, 1.534778, 1.631651, 1.708472, 1.706821, 1.744012, 1.765206, 1.728199, 1.660866, 1.580041, 1.458840, 1.269653, 1.070787, 0.834393, 0.590172, 0.344189, 0.120334, 0.124861, 0.375355, 0.627516, 0.881623, 1.136526, 1.394090, 1.657198, 1.908779, 2.167960, 2.429237, 2.686690, 2.896180, 3.080332, 3.249167, 3.394655, 3.534968, 3.642712, 3.732078, 3.782448, 3.800674, 3.791012, 3.752992, 3.674482, 3.584859, 3.456709, 3.314092, 3.173148, 3.015858, 2.861312, 2.689929, 2.530141, 2.383492, 2.237751, 2.116929, 2.022774, 1.942729, 1.883404, 1.826801, 1.790762, 1.771522, 1.765776, 1.775355, 1.801758, 1.835489, 1.872773, 1.918006, 1.958199, 1.979000, 1.989888, 1.985672, 1.985558, 1.957574, 1.927215, 1.875594, 1.852587, 1.769360, 1.706983, 1.646582, 1.586869, 1.525912, 1.451761, 1.378851, 1.299154, 1.227916, 1.148890, 1.098549, 1.040890, 0.819600, 0.910161, 0.873248, 0.850739, 0.852308, 0.862333, 0.858613, 0.883872, 0.882686, 0.937130, 0.965991, 1.005660, 1.042317, 1.055022, 1.061128, 0.941256, 1.054631, 1.046486, 1.031813, 
,,,0.014926, 0.032303, 0.048110, 0.068850, 0.083675, 0.095116, 0.106614, 0.117909, 0.129282, 0.140615, 0.156733, 0.173286, 0.189921, 0.206607, 0.223241, 0.239953, 0.256613, 0.275366, 0.289629, 0.306314, 0.322971, 0.339629, 0.360217, 0.373393, 0.389719, 0.406867, 0.423065, 0.439727, 0.456379, 0.473034, 0.489686, 0.506368, 0.524933, 0.539704, 0.562887, 0.574230, 0.591026, 0.606830, 0.623582, 0.640880, 0.657406, 0.673684, 0.690457, 0.707052, 0.723751, 0.740467, 0.757115, 0.775894, 0.790435, 0.807242, 0.823833, 0.840534, 0.857352, 0.874263, 0.890681, 0.907427, 0.923976, 0.940690, 0.957389, 0.974149, 0.990782, 1.007465, 1.025864, 1.040859, 1.057916, 1.074365, 1.090975, 1.107674, 1.124376, 1.141570, 1.157793, 1.174379, 1.191054, 1.207770, 1.224757, 1.241196, 1.257802, 1.276232, 1.291734, 1.308204, 1.324839, 1.341346, 1.358031, 1.375397, 1.391592, 1.408332, 1.424941, 1.441635, 1.459910, 1.475048, 1.491649, 1.508338, 1.526858, 1.541630, 1.558252, 1.575030, 1.591631, 1.608403, 1.627081, 1.641711, 1.658389, 1.674997, 1.691736, 1.708375, 1.725069, 1.741785, 1.758395, 1.776821, 1.791798, 1.808435, 1.825133, 1.846307, 1.858580, 1.875578, 1.891930, 1.908939, 1.925428, 1.941907, 1.958944, 1.975418, 1.991942, 2.008828, 2.026906, 2.041900, 2.058615, 2.075222, 2.091937, 2.108645, 2.125657, 2.141757, 2.158276, 2.174961, 2.191681, 2.208340, 2.224949, 2.241629, 2.258339, 2.276673, 2.291680, 2.308405, 2.325125, 2.341763, 2.358441, 2.375802, 2.391822, 2.408500, 2.425230, 2.441819, 2.458517, 2.475237, 2.491810, 2.508588, 2.526756, 2.541778, 2.558473, 2.575212, 2.592374, 2.608719, 2.625748, 2.641941, 2.658639, 2.675285, 2.691979, 2.708638, 2.725343, 2.741982, 2.758744, 2.776825, 2.792054, 2.808753, 2.825497, 2.842281, 2.859220, 2.877902, 2.892901, 2.909404, 2.925931, 2.942592, 2.959335, 2.976357, 2.992730, 3.009431, 3.029026, 3.042803, 3.059506, 3.076297, 3.092840, 3.109625, 3.126507, 3.143146, 3.159637, 3.176170, 3.192730, 3.209455, 3.226498, 3.246829, 3.259903, 3.276391, 3.295096, 3.309665, 3.326764, 3.343167, 3.360198, 3.376738, 3.393023, 3.409730, 3.426358, 3.443100, 3.459622, 3.476917, 3.493336, 3.510166, 3.526580, 3.545122, 3.559884, 3.576656, 3.593248, 3.609830, 3.626618, 3.643260, 3.659905, 3.676565, 3.693228, 3.709887, 3.726455, 3.743179, 3.759851, 3.776544, 3.794860, 3.809921, 3.826668, 3.843371, 3.860377, 3.876680, 3.893394, 3.910011, 3.926637, 3.943334, 3.960364, 3.976842, 3.993417, 4.010515, 4.027024, 4.044999, 4.060160, 4.076870, 4.094180, 4.110653, 4.127073, 4.145190, 4.160396, 4.177041, 4.193638, 4.210329, 4.226984, 4.243633, 4.260713, 4.277165, 4.296940, 4.310572, 4.327129, 4.344367, 4.361329, 4.377855, 4.394029, 4.410605, 4.427278, 4.443967, 4.460555, 4.477231, 4.493992, 4.510656, 4.527219, 4.543946, 4.561911, 4.580795, 4.593869, 4.610626, 4.627284, 4.644059, 4.660790, 4.677358, 4.694077, 4.710861, 4.727376, 4.744124, 4.760815, 4.777427, 4.794187, 4.812744, 4.827499, 4.844644, 4.860903, 4.877514, 4.894193, 4.910784, 4.927460, 4.944249, 4.960768, 4.977465, 4.994223, 5.010839, 5.027574, 5.044251, 5.062708, 5.077956, 5.094293, 5.111000, 5.127584, 5.144283, 5.161027, 5.177617, 5.194355, 5.210976, 5.227714, 5.244334, 5.261405, 5.277949, 5.294642, 5.312787, 5.327862, 5.344953, 5.361409, 5.378003, 5.396587, 5.411480, 5.428013, 5.444799, 5.461371, 5.477995, 5.494766, 5.511344, 5.528114, 5.544762, 5.564890, 5.578117, 5.595199, 5.611834, 5.628180, 5.644789, 5.661517, 5.678137, 5.695261, 5.711734, 5.729537, 5.746066, 5.761750, 5.778382, 5.795027, 5.818685, 5.832309, 5.845309, 5.861771, 5.878482, 5.895182, 5.912200, 5.928571, 5.945228, 5.961727, 5.978454, 5.995243, 6.011760, 6.028494, 6.045680, 6.062001, 6.079835, 6.095198, 6.111884, 6.128434, 6.145149, 6.161872, 6.178477, 6.195212, 6.212240, 6.228710, 6.245278, 6.261958, 6.278726, 6.295319, 6.312495, 6.330785, 6.345337, 6.362078, 6.379161, 6.395602, 6.412094, 6.428697, 6.445403, 6.461968, 6.478637, 6.495734, 6.512069, 6.528765, 6.545394, 6.562053, 6.578678, 6.596761, 6.612075, 6.628837, 6.645429, 6.662206, 6.678841, 6.695447, 6.712073, 6.729253, 6.747252, 6.762301, 6.779017, 6.795758, 6.812586, 6.829445, 6.846762, 6.862325, 6.879464, 6.895881, 6.912390, 6.930628, 6.945795, 6.962446, 6.979037, 6.996178, 7.012601, 7.029282, 7.046045, 7.062831, 7.079247, 7.097749, 7.114577, 7.129196, 7.145874, 7.162541, 7.179258, 7.196337, 7.212742, 7.229367, 7.246065, 7.262672, 7.279385, 7.296148, 7.313225, 7.329351, 7.347704, 7.362603, 7.379408, 7.395935, 7.412585, 7.429350, 7.445942, 7.462642, 7.483337, 7.500550, 7.512652, 7.529405, 7.546396, 7.562948, 7.579425, 7.597707, 7.612821, 7.629508, 7.646174, 7.662863, 7.679506, 7.696153, 7.712839, 7.729503, 7.746530, 7.763001, 7.779573, 7.796232, 7.813448, 7.829608, 7.847675, 7.862932, 7.879608, 7.896300, 7.912900, 7.929584, 7.946220, 7.962950, 7.979546, 7.996226, 8.013038, 8.029641, 8.046859, 8.063562, 8.079650, 8.097647, 8.113092, 8.129688, 8.146820, 8.163243, 8.179830, 8.196576, 8.213212, 8.229904, 8.246588, 8.263295, 8.280361, 8.297341, 8.313643, 8.329979, 8.348752, 8.363309, 8.380023, 8.396645, 8.415233, 8.430107, 8.446725, 8.463319, 8.480022, 8.496627, 8.513475, 8.530109, 8.546673, 8.563330, 8.580067, 8.598698, 8.613391, 8.629976, 8.646706, 8.664863, 8.680018, 8.696809, 8.713344, 8.730201, 8.746830, 8.763440, 8.780279, 8.796984, 8.813591, 8.830151, 8.848582, 8.863622, 8.880265, 8.897304, 8.913777, 8.930297, 8.947064, 8.963699, 8.980357, 8.997182, 9.014093, 9.030430, 9.047372, 9.067368, 9.080236, 9.099182, 9.113865, 9.130304, 9.146977, 9.163739, 9.180348, 9.197045, 9.213754, 9.230311, 9.247570, 9.264036, 9.281204, 9.297750, 9.314038, 9.330726, 9.348702, 9.364078, 9.380819, 9.397507, 9.414160, 9.430778, 9.447492, 9.464167, 9.480823, 9.497494, 9.514169, 9.531754, 9.547700, 9.564208, 9.580898, 9.599644, 9.614310, 9.631021, 9.647693, 9.664360, 9.681062, 9.697688, 9.714398, 9.731093, 9.747750, 9.764378, 9.781664, 9.797816, 9.814429, 9.831170, 9.849596, 9.864595, 9.881297, 9.898034, 9.914616, 9.931391, 9.948113, 9.965053, 9.981546, 9.998371, 10.014669, 10.031946, 10.048134, 10.064767, 10.082116, 10.101769, 10.122020, 10.144499, 10.183119, 10.207117, 10.223837, 10.239880, 10.255081, 10.269962, 10.284626, 10.300312, 10.314942, 10.329299, 10.342764, 10.357573, 10.369302, 10.382772, 10.395814, 10.408437, 10.420108, 10.432813, 10.449106, 10.465478, 10.482272, 10.498936, 10.518207, 10.532325, 10.548852, 10.565506, 10.582127, 10.598903, 10.617538, 10.632212, 10.648912, 10.666032, 10.682323, 10.699296, 10.715932, 10.732473, 10.749119, 10.765909, 10.782413, 10.799023, 10.815692, 10.832408, 10.849072, 10.867557, 10.882324, 10.898841, 10.915463, 10.932099, 10.949167, 10.965554, 10.982200, 10.999109, 11.015555, 11.032200, 11.048887, 11.065574, 11.082199, 11.098930, 11.117855, 11.132744, 11.149111, 11.166199, 11.182414, 11.199065, 11.215780, 11.232538, 11.249175, 11.265850, 11.282508, 11.299189, 11.315821, 11.332501, 11.349099, 11.367881, 11.382613, 11.399172, 11.415837, 11.432569, 11.449232, 11.465933, 11.484215, 11.499527, 11.515984, 11.532627, 11.549265, 11.565961, 11.582597, 11.599288, 11.617505, 11.632610, 11.650902, 11.666076, 11.683176, 11.699682, 11.716268, 11.732994, 11.750722, 11.766547, 11.783103, 11.799828, 11.816470, 11.833112, 11.849792, 11.871613, 11.883968, 11.899962, 11.916504, 11.933138, 11.949968, 11.966530, 11.983301, 11.999929, 12.016637, 12.033036, 12.049773, 12.066360, 12.083000, 12.099615, 12.116317, 12.134511, 12.149634, 12.166392, 12.183033, 12.199731, 12.216450, 12.233122, 12.250303, 12.266429, 12.283015, 12.299773, 12.316245, 12.332894, 12.349460, 12.366101, 12.382867, 12.401449, 12.416115, 12.432790, 12.449500, 12.466138, 12.482874, 12.500017, 12.516292, 12.532923, 12.549569, 12.566231, 12.582898, 12.599594, 12.622324, 12.633732, 12.652423, 12.666477, 12.683165, 12.699802, 12.716612, 12.733283, 12.750363, 12.766928, 12.783443, 12.800042, 12.816672, 12.833358, 12.850038, 12.866726, 12.883474, 12.903610, 12.916868, 12.933542, 12.950393, 12.966946, 12.983673, 13.000754, 13.017284, 13.033864, 13.050473, 13.067388, 13.083960, 13.100977, 13.117407, 13.135447, 13.150583, 13.168547, 13.184675, 13.200774, 13.217374, 13.233991, 13.250787, 13.267357, 13.284029, 13.301098, 13.317513, 13.334089, 13.354716, 13.367471, 13.384235, 13.400848, 13.419985, 13.434460, 13.451143, 13.467894, 13.484478, 13.501194, 13.517881, 13.534383, 13.551124, 13.567880, 13.584370, 13.601213, 13.617783, 13.634766, 13.651189, 13.669525, 13.684411, 13.701019, 13.717712, 13.734096, 13.750922, 13.767502, 13.784236, 13.800875, 13.817606, 13.834257, 13.850890, 13.867547, 13.884948, 13.901219, 13.917752, 13.935696, 13.951611, 13.967876, 13.984961, 14.001186, 14.017876, 14.034543, 14.051242, 14.067886, 14.084550, 14.101115, 14.117717, 14.134347, 14.150992, 14.167668, 14.185759, 14.201069, 14.217726, 14.234876, 14.251026, 14.267737, 14.284445, 14.301114, 14.317782, 14.334478, 14.351113, 14.367848, 14.384472, 14.401117, 14.418207, 14.436610, 14.451184, 14.468173, 14.484879, 14.501154, 14.517810, 14.534558, 14.551211, 14.567875, 14.584530, 14.601542, 14.618379, 14.634690, 14.651300, 14.668403, 14.687679, 14.701473, 14.718039, 14.734674, 14.751401, 14.768172, 14.785198, 14.801795, 14.818279, 14.834965, 14.851716, 14.868382, 14.885261, 14.901847, 14.920230, 14.935309, 14.953567, 14.969216, 14.985234, 15.001956, 15.018601, 15.035279, 15.052070, 15.068683, 15.085306, 15.102026, 15.118643, 15.135341, 15.151996, 15.168733, 15.185513, 15.203379, 15.219656, 15.235591, 15.252177, 15.268899, 15.285603, 15.306107, 15.318904, 15.335523, 15.352199, 15.368896, 15.385696, 15.402350, 15.418969, 15.435659, 15.454387, 15.469351, 15.485684, 15.502415, 15.519052, 15.535748, 15.552287, 15.569029, 15.585735, 15.602353, 15.619205, 15.635787, 15.652412, 15.669197, 15.685897, 15.704383, 15.719449, 15.735849, 15.752588, 15.769194, 15.785890, 15.802572, 15.819251, 15.836017, 15.852587, 15.869284, 15.885981, 15.902601, 15.919333, 15.936049, 15.954374, 15.969306, 15.985961, 16.002661, 16.019377, 16.036008, 16.053155, 16.069601, 16.086483, 16.102971, 16.119561, 16.136231, 16.152886, 16.169996, 16.186722, 16.204506, 16.221597, 16.238876, 16.253455, 16.269399, 16.286049, 16.302786, 16.319359, 16.335978, 16.352678, 16.369356, 16.387637, 16.403067, 16.419424, 16.436065, 16.455342, 16.469450, 16.486117, 16.505208, 16.519732, 16.536244, 16.553251, 16.569784, 16.586499, 16.603201, 16.619881, 16.636582, 16.654850, 16.670060, 16.687117, 16.705660, 16.720136, 16.736710, 16.753346, 16.769936, 16.786653, 16.803399, 16.820450, 16.836922, 16.853535, 16.870206, 16.886883, 16.903531, 16.920513, 16.937537, 16.955439, 16.970221, 16.986922, 17.003888, 17.020317, 17.040912, 17.054088, 17.070492, 17.087077, 17.103783, 17.120420, 17.137097, 17.153818, 17.170507, 17.187850, 17.205489, 17.220615, 17.237209, 17.253870, 17.270548, 17.287150, 17.303781, 17.320417, 17.337093, 17.353840, 17.370482, 17.387135, 17.403862, 17.420514, 17.438134, 17.455489, 17.470598, 17.487209, 17.503964, 17.520686, 17.537365, 17.554029, 17.571105, 17.587529, 17.604156, 17.620781, 17.637829, 17.654303, 17.670828, 17.687965, 17.705395, 17.720820, 17.737522, 17.754189, 17.770844, 17.787554, 17.804558, 17.821031, 17.837620, 17.854355, 17.870907, 17.887685, 17.904367, 17.921507, 17.938092, 17.956396, 17.970977, 17.987741, 18.004360, 18.020928, 18.037630, 18.054402, 18.070996, 18.088082, 18.104897, 18.122918, 18.138008, 18.154707, 18.171255, 18.188061, 18.206444, 18.221279, 18.237977, 18.254701, 18.271323, 18.287958, 18.304544, 18.321248, 18.339469, 18.354623, 18.371257, 18.388096, 18.404696, 18.421443, 18.438348, 18.460507, 18.472079, 18.488070, 18.504719, 18.521471, 18.538121, 18.554751, 18.571441, 18.588134, 18.604781, 18.621454, 18.638166, 18.654921, 18.671481, 18.688493, 18.704884, 18.723290, 18.738349, 18.754850, 18.771525, 18.788255, 18.804903, 18.821576, 18.838216, 18.854957, 18.872389, 18.888373, 18.905047, 18.922071, 18.938470, 18.955139, 18.973297, 18.988471, 19.005102, 19.021798, 19.038818, 19.055333, 19.071878, 19.088534, 19.105193, 19.121944, 19.138582, 19.155435, 19.171958, 19.188707, 19.205280, 19.223310, 19.238681, 19.255294, 19.271933, 19.288662, 19.305254, 19.322074, 19.338706, 19.355313, 19.372345, 19.388817, 19.405616, 19.422119, 19.438781, 19.455874, 19.474415, 19.488830, 19.505530, 19.522248, 19.538912, 19.555567, 19.572620, 19.589104, 19.605697, 19.622408, 19.639048, 19.656276, 19.672365, 19.689022, 19.705680, 19.724316, 19.739034, 19.755730, 19.772338, 19.789361, 19.806118, 19.822919, 19.840849, 19.855887, 19.872851, 19.889405, 19.906358, 19.922555, 19.939178, 19.955964, 19.974371, 19.989190, 20.005842, 20.022462, 20.039186, 20.055794, 20.074018, 20.089177, 20.105825, 20.122612, 20.139195, 20.160260, 20.172535, 20.189208, 20.205890, 20.224213, 20.239205, 20.255927, 20.272545, 20.289313, 20.305957, 20.322608, 20.339309, 20.356046, 20.372922, 20.389486, 20.406263, 20.422652, 20.439395, 20.456000, 20.474173, 20.489398, 20.506062, 20.522732, 20.539395, 20.556051, 20.572768, 20.589434, 20.606173, 20.622884, 20.639471, 20.657108, 20.673425, 20.689756, 20.706335, 20.724295, 20.739711, 20.756401, 20.773467, 20.789880, 20.806477, 20.823160, 20.839865, 20.856561, 20.873477, 20.889828, 20.906492, 20.923513, 20.940018, 20.956650, 20.975417, 20.990373, 21.006765, 21.023438, 21.040064, 21.056797, 21.073467, 21.090061, 21.106765, 21.123538, 21.140069, 21.156819, 21.173481, 21.190098, 21.206821, 21.225235, 21.240039, 21.257154, 21.273578, 21.290121, 21.306846, 21.323561, 21.340183, 21.356907, 21.374520, 21.390530, 21.408362, 21.423764, 21.440898, 21.457753, 21.475288, 21.490717, 21.507369, 21.524034, 21.540732, 21.558995, 21.574061, 21.590765, 21.607406, 21.624068, 21.641005, 21.657446, 21.673997, 21.690742, 21.707447, 21.726135, 21.742261, 21.757452, 21.774163, 21.790774, 21.807410, 21.828507, 21.841030, 21.857687, 21.874900, 21.890955, 21.907627, 21.924284, 21.940936, 21.957679, 21.976172, 21.990991, 22.007640, 22.024273, 22.040882, 22.057630, 22.074251, 22.091399, 22.107843, 22.124838, 22.141062, 22.157692, 22.174332, 22.191410, 22.207838, 22.226214, 22.241088, 22.257766, 22.274450, 22.291129, 22.307843, 22.324495, 22.341176, 22.357940, 22.375144, 22.391177, 22.407841, 22.424457, 22.441166, 22.457840, 22.476118, 22.491211, 22.507893, 22.524546, 22.541240, 22.557937, 22.574649, 22.591318, 22.608467, 22.625132, 22.641305, 22.657988, 22.674640, 22.691341, 22.708021, 22.726097, 22.741388, 22.758068, 22.774752, 22.791425, 22.808132, 22.824811, 22.841523, 22.858220, 22.875079, 22.891484, 22.908179, 22.924812, 22.941513, 22.958314, 22.976064, 22.991658, 23.008313, 23.025371, 23.041847, 23.058466, 23.075223, 23.091948, 23.108610, 23.125677, 23.141946, 23.158715, 23.176925, 23.192426, 23.208759, 23.227204, 23.241960, 23.258582, 23.275247, 23.291914, 23.308606, 23.325289, 23.342078, 23.358700, 23.377103, 23.392035, 23.408747, 23.425335, 23.442147, 23.459143, 23.477286, 23.492237, 23.513134, 23.525621, 23.542440, 23.558787, 23.575379, 23.592107, 23.609271, 23.625793, 23.642140, 23.658824, 23.675445, 23.692053, 23.708772, 23.727162, 23.742149, 23.758762, 23.775615, 23.792354, 23.809058, 23.825761, 23.842347, 23.859248, 23.875743, 23.892393, 23.909168, 23.925781, 23.942448, 23.959068, 23.977075, 23.992482, 24.009359, 24.025842, 24.042478, 24.059247, 24.076353, 24.093146, 24.109719, 24.125970, 24.142729, 24.159489, 24.176254, 24.192984, 24.209570, 24.228129, 24.243002, 24.259616, 24.276356, 24.293435, 24.309896, 24.326599, 24.343165, 24.360185, 24.376530, 24.393133, 24.409847, 24.426527, 24.443204, 24.459881, 24.478119, 24.493198, 24.509827, 24.526471, 24.543215, 24.559996, 24.576649, 24.593855, 24.609908, 24.626568, 24.643288, 24.659989, 24.676647, 24.693748, 24.711746, 24.728098, 24.743450, 24.760787, 24.777033, 24.793588, 24.810143, 24.827266, 24.844132, 24.860158, 24.878466, 24.893678, 24.910355, 24.927028, 24.943580, 24.960282, 24.978110, 24.993577, 25.010371, 25.027014, 25.043769, 25.060470, 25.077083, 25.094225, 25.110315, 25.127070, 25.148015, 25.160588, 25.177213, 25.193824, 25.210498, 25.229139, 25.243881, 25.260988, 25.277818, 25.294185, 25.310759, 25.327371, 25.344473, 25.360699, 25.377470, 25.394055, 25.410782, 25.427388, 25.444069, 25.460718, 25.479080, 25.494096, 25.510726, 25.527456, 25.544053, 25.560757, 25.577886, 25.593914, 25.610598, 25.627143, 25.643794, 25.660443, 25.677126, 25.693767, 25.710461, 25.727156, 25.746016, 25.760597, 25.777142, 25.793925, 25.810592, 25.827191, 25.843949, 25.860587, 25.877269, 25.893933, 25.910900, 25.927363, 25.943993, 25.960627, 25.977369, 25.996037, 26.010698, 26.027330, 26.044115, 26.060834, 26.078014, 26.094398, 26.110880, 26.127374, 26.145620, 26.160772, 26.177444, 26.194146, 26.210753, 26.227455, 26.245987, 26.260789, 26.277510, 26.294373, 26.310853, 26.327812, 26.344286, 26.360863, 26.379209, 26.394262, 26.411000, 26.427574, 26.444353, 26.460957, 26.481557, 26.495982, 26.511041, 26.527680, 26.544375, 26.561108, 26.577750, 26.594354, 26.611036, 26.628233, 26.644552, 26.661225, 26.677848, 26.694871, 26.711452, 26.727954, 26.746613, 26.761475, 26.778380, 26.794955, 26.812209, 26.828419, 26.845064, 26.861771, 26.878538, 26.895101, 26.912151, 26.928547, 26.945125, 26.961761, 26.978494, 26.997264, 27.011833, 27.028602, 27.045498, 27.062461, 27.078543, 27.095257, 27.111974, 27.128469, 27.145201, 27.161819, 27.178886, 27.196092, 27.213407, 27.229926, 27.247067, 27.262070, 27.278657, 27.295459, 27.312474, 27.328712, 27.345395, 27.362012, 27.378749, 27.395771, 27.412175, 27.429104, 27.445577, 27.462565, 27.478964, 27.497548, 27.512432, 27.529014, 27.545696, 27.562807, 27.579179, 27.595752, 27.612360, 27.628994, 27.645646, 27.662291, 27.678992, 27.695703, 27.712650, 27.729179, 27.747087, 27.762404, 27.779088, 27.795716, 27.812815, 27.830997, 27.845934, 27.862441, 27.879148, 27.895780, 27.912474, 27.929138, 27.945768, 27.962474, 27.979106, 27.997187, 28.012506, 28.031322, 28.046574, 28.062888, 28.079247, 28.095825, 28.112469, 28.129176, 28.145860, 28.162594, 28.183126, 28.195949, 28.212569, 28.229256, 28.248009, 28.262708, 28.279409, 28.296051, 28.313170, 28.329487, 28.346074, 28.362733, 28.379516, 28.396161, 28.412791, 28.429526, 28.446180, 28.462798, 28.479471, 28.498047, 28.512893, 28.529540, 28.546206, 28.562848, 28.579536, 28.596619, 28.612995, 28.629758, 28.646323, 28.662988, 28.679680, 28.696330, 28.712941, 28.729722, 28.747995, 28.763078, 28.780306, 28.796451, 28.813088, 28.830125, 28.846676, 28.863282, 28.879966, 28.896642, 28.913242, 28.929913, 28.946592, 28.963293, 28.980003, 28.998619, 29.013433, 29.030632, 29.046642, 29.063327, 29.080082, 29.096707, 29.113391, 29.130557, 29.146830, 29.163429, 29.180135, 29.196786, 29.213505, 29.230510, 29.249963, 29.263929, 29.280663, 29.296990, 29.313539, 29.330191, 29.346860, 29.363623, 29.380185, 29.396849, 29.413546, 29.432213, 29.447110, 29.463626, 29.480367, 29.496993, 29.515909, 29.530824, 29.547400, 29.563932, 29.580444, 29.597186, 29.613803, 29.631979, 29.647171, 29.663869, 29.680515, 29.697208, 29.713890, 29.730461, 29.747186, 29.765864, 29.784741, 29.797011, 29.813570, 29.830177, 29.846820, 29.863547, 29.880609, 29.897056, 29.913562, 29.930217, 29.946926, 29.963534, 29.980142, 29.997062, 30.014040, 30.033057, 30.047565, 30.063838, 30.080379, 30.097054, 30.113677, 30.131320, 30.147124, 30.163779, 30.180788, 30.197268, 30.213793, 30.230466, 30.247117, 30.263753, 30.282923, 30.297083, 30.313739, 30.330425, 30.347129, 30.363789, 30.380464, 30.397138, 30.413827, 30.430501, 30.447126, 30.463863, 30.480963, 30.497413, 30.513940, 30.532925, 30.547614, 30.564163, 30.580607, 30.597773, 30.614217, 30.630703, 30.647773, 30.664242, 30.680755, 30.697518, 30.714089, 30.730880, 30.747564, 30.764195, 30.781187, 30.799072, 30.815619, 30.831472, 30.847553, 30.864192, 30.880913, 30.897575, 30.914204, 30.930888, 30.947585, 30.964260, 30.980915, 30.997751, 31.014519, 31.030943, 31.048870, 31.064258, 31.080968, 31.097634, 31.114239, 31.130957, 31.147538, 31.164161, 31.180806, 31.197516, 31.214367, 31.231135, 31.247816, 31.264921, 31.281488, 31.299920, 31.314868, 31.331740, 31.348071, 31.364682, 31.381369, 31.398353, 31.414855, 31.431405, 31.448124, 31.464800, 31.481555, 31.498384, 31.516355, 31.531569, 31.549876, 31.564754, 31.581472, 31.598490, 31.614869, 31.631459, 31.648072, 31.664756, 31.681423, 31.698130, 31.714903, 31.731960, 31.748422, 31.765389, 31.783190, 31.800281, 31.815114, 31.832135, 31.848564, 31.865524, 31.882005, 31.898490, 31.915155, 31.931811, 31.948522, 31.965377, 31.984218, 31.999175, 32.015085, 32.031796, 32.049828, 32.069005, 32.081760, 32.098431, 32.115115, 32.131740, 32.148403, 32.165127, 32.181789, 32.198518, 32.215233, 32.231931, 32.249234, 32.265188, 32.281882, 32.300818, 32.315368, 32.332673, 32.349027, 32.365657, 32.382504, 32.399146, 32.416098, 32.432604, 32.449256, 32.466003, 32.482653, 32.499634, 32.515844, 32.532566, 32.550884, 32.565962, 32.582931, 32.599397, 32.616060, 32.632690, 32.649365, 32.665927, 32.682618, 32.699410, 32.716089, 32.732700, 32.749729, 32.765774, 32.782529, 32.799031, 32.817816, 32.832352, 32.849090, 32.865788, 32.882517, 32.899178, 32.915777, 32.932474, 32.949170, 32.965899, 32.982585, 32.999751, 33.016029, 33.032587, 33.049262, 33.067796, 33.082544, 33.099237, 33.115954, 33.132575, 33.149649, 33.166120, 33.183125, 33.199585, 33.216154, 33.233370, 33.249540, 33.266241, 33.282938, 33.299829, 33.317851, 33.333506, 33.350012, 33.366558, 33.383339, 33.399969, 33.416613, 33.433229, 33.450020, 33.466755, 33.484243, 33.500120, 33.516719, 33.533406, 33.550057, 33.568791, 33.583362, 33.600401, 33.616841, 33.635137, 33.650221, 33.666771, 33.683860, 33.700703, 33.717168, 33.734186, 33.750287, 33.766926, 33.783659, 33.800335, 33.818876, 33.833619, 33.850682, 33.868759, 33.883842, 33.900391, 33.916999, 33.934012, 33.950562, 33.967167, 33.984283, 34.000761, 34.017307, 34.033860, 34.050577, 34.068851, 34.083814, 34.100487, 34.117191, 34.133763, 34.150286, 34.166821, 34.183604, 34.200247, 34.216951, 34.237349, 34.250128, 34.266829, 34.283527, 34.300603, 34.317125, 34.335827, 34.350311, 34.367019, 34.383729, 34.400432, 34.417077, 34.433761, 34.450485, 34.467282, 34.483750, 34.500452, 34.517069, 34.533770, 34.550444, 34.567172, 34.585741, 34.600483, 34.617108, 34.633832, 34.650886, 34.667370, 34.684019, 34.700608, 34.717980, 34.733950, 34.750665, 34.767343, 34.784029, 34.800699, 34.817428, 34.835794, 34.850759, 34.867284, 34.884071, 34.900765, 34.917369, 34.934640, 34.951053, 34.968082, 34.984217, 35.001316, 35.017699, 35.034375, 35.051075, 35.067744, 35.085795, 35.101091, 35.117703, 35.134387, 35.151031, 35.167730, 35.184720, 35.201188, 35.217738, 35.234395, 35.251027, 35.267711, 35.284438, 35.301060, 35.317769, 35.335677, 35.351125, 35.367855, 35.384672, 35.401425, 35.418203, 35.434889, 35.451568, 35.468673, 35.484938, 35.501559, 35.518246, 35.534970, 35.551648, 35.568344, 35.586643, 35.601642, 35.618972, 35.635247, 35.653526, 35.668561, 35.685296, 35.702511, 35.718599, 35.735319, 35.751985, 35.768960, 35.785444, 35.801959, 35.818680, 35.837089, 35.852100, 35.870307, 35.885373, 35.902018, 35.918857, 35.938900, 35.952068, 35.968662, 35.985341, 36.002066, 36.018676, 36.035411, 36.052207, 36.068696, 36.086671, 36.102108, 36.118749, 36.135428, 36.152242, 36.168919, 36.185746, 36.202545, 36.219065, 36.235583, 36.252331, 36.268965, 36.285715, 36.302449, 36.319056, 36.337769, 36.352548, 36.369271, 36.385981, 36.402543, 36.419275, 36.435935, 36.452622, 36.469624, 36.486102, 36.502710, 36.519396, 36.536079, 36.552716, 36.569412, 36.587760, 36.602777, 36.619773, 36.636790, 36.653193, 36.669981, 36.686743, 36.703134, 36.719925, 36.736575, 36.753261, 36.769844, 36.786991, 36.803341, 36.819949, 36.837764, 36.853177, 36.869637, 36.886408, 36.903056, 36.919643, 36.936847, 36.953047, 36.969675, 36.986387, 37.003065, 37.019729, 37.036370, 37.053048, 37.069720, 37.087641, 37.103426, 37.120416, 37.136578, 37.153178, 37.170062, 37.188603, 37.203290, 37.219932, 37.236659, 37.253320, 37.269930, 37.286671, 37.303312, 37.319922, 37.338670, 37.353298, 37.369905, 37.388312, 37.403437, 37.420004, 37.437124, 37.453455, 37.470287, 37.486884, 37.503679, 37.520378, 37.541010, 37.553778, 37.570461, 37.588689, 37.603776, 37.620495, 37.637826, 37.654172, 37.671339, 37.687855, 37.704054, 37.720683, 37.737693, 37.754651, 37.770903, 37.787521, 37.804245, 37.820951, 37.838868, 37.854159, 37.870873, 37.887738, 37.904371, 37.920934, 37.938011, 37.954241, 37.970848, 37.987427, 38.004193, 38.020816, 38.037541, 38.054266, 38.070941, 38.089673, 38.104242, 38.120958, 38.137539, 38.154864, 38.171085, 38.187671, 38.204317, 38.221028, 38.237705, 38.254394, 38.272620, 38.287718, 38.304450, 38.321059, 38.340013, 38.354864, 38.371665, 38.389521, 38.405075, 38.421249, 38.437993, 38.454628, 38.471447, 38.487889, 38.504969, 38.521385, 38.538112, 38.554711, 38.571320, 38.589647, 38.604686, 38.621488, 38.637996, 38.655240, 38.671413, 38.688089, 38.704756, 38.721359, 38.738061, 38.754724, 38.771526, 38.788289, 38.804929, 38.821756, 38.840655, 38.855082, 38.872161, 38.888612, 38.905290, 38.922216, 38.938503, 38.955220, 38.972354, 38.988710, 39.005556, 39.021987, 39.038733, 39.055422, 39.072004, 39.090733, 39.105469, 39.122270, 39.139353, 39.156092, 39.172119, 39.188692, 39.205468, 39.222205, 39.238709, 39.255864, 39.272226, 39.288930, 39.305520, 39.322293, 39.340734, 39.355796, 39.372730, 39.389034, 39.406138, 39.422445, 39.439019, 39.455645, 39.472834, 39.489198, 39.505784, 39.522473, 39.539576, 39.555991, 39.572604, 39.590780, 39.606086, 39.622649, 39.639392, 39.656481, 39.672596, 39.689212, 39.705993, 39.723030, 39.739508, 39.755978, 39.772698, 39.789313, 39.806156, 39.822626, 39.840674, 39.856050, 39.873031, 39.889816, 39.906996, 39.922807, 39.939465, 39.956170, 39.972847, 39.989550, 40.006199, 40.022880, 40.039628, 40.056288, 40.072964, 40.091639, 40.106694, 40.123160, 40.139727, 40.156643, 40.172941, 40.189801, 40.206347, 40.223131, 40.239693, 40.256437, 40.273074, 40.289872, 40.306371, 40.323102, 40.341560, 40.356477, 40.373581, 40.389862, 40.406709, 40.423071, 40.439813, 40.456478, 40.473102, 40.489835, 40.506605, 40.523232, 40.539896, 40.556504, 40.577037, 40.592537, 40.606609, 40.624261, 40.640067, 40.656617, 40.673365, 40.690024, 40.706711, 40.723272, 40.740503, 40.756808, 40.773567, 40.791725, 40.806734, 40.823414, 40.840125, 40.859642, 40.874106, 40.890674, 40.906724, 40.923376, 40.942333, 40.956580, 40.973115, 40.989873, 41.006478, 41.023114, 41.039819, 41.056522, 41.073166, 41.089889, 41.106724, 41.125559, 41.139968, 41.156492, 41.173243, 41.189963, 41.206637, 41.223250, 41.239857, 41.256632, 41.273227, 41.289955, 41.306958, 41.323484, 41.340553, 41.356949, 41.375627, 41.390565, 41.406770, 41.423434, 41.440509, 41.456998, 41.473669, 41.490260, 41.506970, 41.523677, 41.540287, 41.557005, 41.573674, 41.590241, 41.607106, 41.625593, 41.640183, 41.656726, 41.673275, 41.689957, 41.706592, 41.723963, 41.740362, 41.756814, 41.773453, 41.790169, 41.806873, 41.823513, 41.840172, 41.856961, 41.878054, 41.890401, 41.906960, 41.923662, 41.940268, 41.956905, 41.973638, 41.990252, 42.006967, 42.023595, 42.040743, 42.057235, 42.073717, 42.090473, 42.108724, 42.124750, 42.141602, 42.157161, 42.173788, 42.190425, 42.207168, 42.223705, 42.240337, 42.257379, 42.273641, 42.290153, 42.306778, 42.323540, 42.340151, 42.357529, 42.374563, 42.391560, 42.407079, 42.423797, 42.440405, 42.457068, 42.473751, 42.490340, 42.507090, 42.524154, 42.540690, 42.557255, 42.574230, 42.590927, 42.607558, 42.628663, 42.642490, 42.657641, 42.674308, 42.690922, 42.707696, 42.724341, 42.740937, 42.757679, 42.774723, 42.791098, 42.807729, 42.824497, 42.841176, 42.858289, 42.874878, 42.892503, 42.907851, 42.924537, 42.941157, 42.957970, 42.974572, 42.991549, 43.008154, 43.024883, 43.041568, 43.058252, 43.075422, 43.091770, 43.108818, 43.125064, 43.143492, 43.158300, 43.175035, 43.191774, 43.208478, 43.225201, 43.241850, 43.258642, 43.275221, 43.291820, 43.308623, 43.326910, 43.342499, 43.359461, 43.375456, 43.393533, 43.410300, 43.425359, 43.442179, 43.458792, 43.475460, 43.496295, 43.508796, 43.525522, 43.542218, 43.558835, 43.575665, 43.592510, 43.609393, 43.625565, 43.643872, 43.658993, 43.675694, 43.692369, 43.709031, 43.725632, 43.742408, 43.759035, 43.775720, 43.792315, 43.809032, 43.825699, 43.842571, 43.859018, 43.875838, 43.894473, 43.909097, 43.925799, 43.942492, 43.959114, 43.975860, 43.992464, 44.009184, 44.027383, 44.042631, 44.059315, 44.075896, 44.093051, 44.110823, 44.126130, 44.144391, 44.159650, 44.176017, 44.192539, 44.209224, 44.229617, 44.242671, 44.259292, 44.275974, 44.292798, 44.309510, 44.326403, 44.343061, 44.359499, 44.376118, 44.394412, 44.409412, 44.426070, 44.442791, 44.459493, 44.476129, 44.492827, 44.509415, 44.526092, 44.542864, 44.559596, 44.576242, 44.593365, 44.609486, 44.626128, 44.644366, 44.659404, 44.676034, 44.692754, 44.709452, 44.726049, 44.742760, 44.759498, 44.776072, 44.792812, 44.809585, 44.826757, 44.842843, 44.861132, 44.876274, 44.894377, 44.909544, 44.926201, 44.942997, 44.959655, 44.976355, 44.994520, 45.009725, 45.026190, 45.043023, 45.059726, 45.076207, 45.093158, 45.109381, 45.126109, 45.142687, 45.161338, 45.176080, 45.192838, 45.209449, 45.226086, 45.242947, 45.259633, 45.276879, 45.293258, 45.309859, 45.327601, 45.343340, 45.359916, 45.378759, 45.393243, 45.411520, 45.426623, 45.443173, 45.459953, 45.476600, 45.493194, 45.509876, 45.526558, 45.543273, 45.559891, 45.576778, 45.593563, 45.610029, 45.626570, 45.643228, 45.661901, 45.676614, 45.693305, 45.709923, 45.727111, 45.743486, 45.760098, 45.776736, 45.793513, 45.810158, 45.826807, 45.843539, 45.860083, 45.876862, 45.893459, 45.911436, 45.927169, 45.943590, 45.960214, 45.976840, 45.993581, 46.010840, 46.027133, 46.043835, 46.060478, 46.077091, 46.093738, 46.110403, 46.127002, 46.143704, 46.161408, 46.177387, 46.193896, 46.210451, 46.227108, 46.243689, 46.260477, 46.277521, 46.293957, 46.310661, 46.327149, 46.343884, 46.360532, 46.377363, 46.393862, 46.412394, 46.427659, 46.443994, 46.461025, 46.478977, 46.494093, 46.510723, 46.527438, 46.544135, 46.561211, 46.577898, 46.593890, 46.610942, 46.627230, 46.643845, 46.662373, 46.677185, 46.695364, 46.710671, 46.727418, 46.744086, 46.760797, 46.777628, 46.797745, 46.811285, 46.827406, 46.844126, 46.860864, 46.877548, 46.894263, 46.912315, 46.927533, 46.944153, 46.960809, 46.977599, 46.994188, 47.010962, 47.028075, 47.044398, 47.061485, 47.077647, 47.094328, 47.110997, 47.127751, 47.144364, 47.162332, 47.177640, 47.194364, 47.211080, 47.227729, 47.244521, 47.261583, 47.278008, 47.294793, 47.311677, 47.327949, 47.344615, 47.361644, 47.378461, 47.394707, 47.412512, 47.427946, 47.444643, 47.461231, 47.477978, 47.494565, 47.511315, 47.527992, 47.544697, 47.561870, 47.578320, 47.594727, 47.611323, 47.628064, 47.645164, 47.663535, 47.678060, 47.694791, 47.711523, 47.728219, 47.744809, 47.761502, 47.778197, 47.794897, 47.811984, 47.828150, 47.845195, 47.862176, 47.878515, 47.895013, 47.913456, 47.928242, 47.944975, 47.961739, 47.978450, 47.995062, 48.011942, 48.028532, 48.046368, 48.062095, 48.078535, 48.095193, 48.111936, 48.128584, 48.145167, 48.163320, 48.178525, 48.195270, 48.211897, 48.228580, 48.245269, 48.261976, 48.278666, 48.295300, 48.313476, 48.328576, 48.345305, 48.361967, 48.379090, 48.395492, 48.413285, 48.429355, 48.445624, 48.462091, 48.478713, 48.495301, 48.512016, 48.528737, 48.547099, 48.562015, 48.578704, 48.595349, 48.612073, 48.628706, 48.645313, 48.663202, 48.678677, 48.695305, 48.711925, 48.728649, 48.745356, 48.762161, 48.778833, 48.795397, 48.812466, 48.829291, 48.845647, 48.862252, 48.878904, 48.896007, 48.914464, 48.929022, 48.945644, 48.962337, 48.984114, 48.996294, 49.012652, 49.029671, 49.046209, 49.062404, 49.079039, 49.095776, 49.112361, 49.129029, 49.145616, 49.164423, 49.179005, 49.195724, 49.212261, 49.228944, 49.246064, 49.262661, 49.279581, 49.295889, 49.312452, 49.329542, 49.346066, 49.362559, 49.379257, 49.395937, 49.414405, 49.429256, 49.445995, 49.462621, 49.479700, 49.496579, 49.512960, 49.529980, 49.546056, 49.562787, 49.579337, 49.596109, 49.612724, 49.629405, 49.646063, 49.664342, 49.679431, 49.696083, 49.712827, 49.729471, 49.746104, 49.762787, 49.779926, 49.796101, 49.812759, 49.829439, 49.846162, 49.862773, 49.879571, 49.896231, 49.914592, 49.929648, 49.946286, 49.962871, 49.979578, 49.996519, 50.013299, 50.030216, 50.046383, 50.062978, 50.079670, 50.096377, 50.113039, 50.130077, 50.146576, 50.165628, 50.179964, 50.196524, 50.213244, 50.229892, 50.246616, 50.263287, 50.280319, 50.296578, 50.313274, 50.329930, 50.346560, 50.363167, 50.379940, 50.396539, 50.415160, 50.431553, 50.446595, 50.463241, 50.479946, 50.496617, 50.513760, 50.530185, 50.546564, 50.563265, 50.579877, 50.596484, 50.613143, 50.629822, 50.646520, 50.665117, 50.679886, 50.698229, 50.713441, 50.730513, 50.747003, 50.763559, 50.780394, 50.797052, 50.813759, 50.830470, 50.847089, 50.863787, 50.880501, 50.897193, 50.915213, 50.930550, 50.947163, 50.963819, 50.980563, 50.997427, 51.016605, 51.030515, 51.047727, 51.064120, 51.080709, 51.097346, 51.113982, 51.130706, 51.147732, 51.166385, 51.180934, 51.197697, 51.214895, 51.231380, 51.248034, 51.264679, 51.281333, 51.297979, 51.315119, 51.331423, 51.348062, 51.364704, 51.381495, 51.398042, 51.416306, 51.431301, 51.448080, 51.464716, 51.481433, 51.498697, 51.514889, 51.531421, 51.547969, 51.564804, 51.581449, 51.598111, 51.614687, 51.631932, 51.648256, 51.666223, 51.681599, 51.698231, 51.714907, 51.731689, 51.748754, 51.764926, 51.781602, 51.798372, 51.814955, 51.832115, 51.848483, 51.864991, 51.883244, 51.898465, 51.917219, 51.931808, 51.948627, 51.965065, 51.981768, 51.999079, 52.016724, 52.031785, 52.048455, 52.065208, 52.081809, 52.098403, 52.115144, 52.131813, 52.148525, 52.167129, 52.181775, 52.198652, 52.215293, 52.231907, 52.249090, 52.265324, 52.281909, 52.298559, 52.315710, 52.335988, 52.348612, 52.365352, 52.382079, 52.398623, 52.417124, 52.432139, 52.448783, 52.465522, 52.482737, 52.499180, 52.515546, 52.532194, 52.548880, 52.565587, 52.582715, 52.598963, 52.615617, 52.632625, 52.649143, 52.667180, 52.682385, 52.699090, 52.715869, 52.732926, 52.749528, 52.765883, 52.782987, 52.799388, 52.815835, 52.832684, 52.849313, 52.865908, 52.882640, 52.899412, 52.917270, 52.934152, 52.949539, 52.966129, 52.983253, 52.999520, 53.016049, 53.032680, 53.049334, 53.066103, 53.084205, 53.099357, 53.116239, 53.132542, 53.149205, 53.167144, 53.182451, 53.199364, 53.215956, 53.233154, 53.249231, 53.265880, 53.282584, 53.299313, 53.315997, 53.332618, 53.349233, 53.366253, 53.382803, 53.399505, 53.417189, 53.437154, 53.449571, 53.465918, 53.482575, 53.499227, 53.515863, 53.532596, 53.549613, 53.566005, 53.582628, 53.599290, 53.615904, 53.632625, 53.649296, 53.667149, 53.682513, 53.699326, 53.715997, 53.732646, 53.749343, 53.765890, 53.782643, 53.799256, 53.815883, 53.832599, 53.849265, 53.865966, 53.882723, 53.899374, 53.918075, 53.932668, 53.949395, 53.966998, 53.982875, 53.999729, 54.016110, 54.032834, 54.049529, 54.066116, 54.082816, 54.099462, 54.116159, 54.132889, 54.149537, 54.168075, 54.182863, 54.199550, 54.216676, 54.233031, 54.249576, 54.266206, 54.283318, 54.299738, 54.316302, 54.332991, 54.349677, 54.366397, 54.383133, 54.399757, 54.418110, 54.433073, 54.449855, 54.466496, 54.483903, 54.499998, 54.516551, 54.533245, 54.549879, 54.566543, 54.583275, 54.599926, 54.616612, 54.633333, 54.650004, 54.668219, 54.683306, 54.699979, 54.717257, 54.733321, 54.750098, 54.767109, 54.783531, 54.800053, 54.816742, 54.833416, 54.850105, 54.866804, 54.883554, 54.900269, 54.919098, 54.933548, 54.952848, 54.967063, 54.983718, 55.000445, 55.017453, 55.033991, 55.050480, 55.067159, 55.083829, 55.100511, 55.117215, 55.133900, 55.150568, 55.169145, 55.184066, 55.202161, 55.217690, 55.233761, 55.250493, 55.267084, 55.283752, 55.300339, 55.316825, 55.333882, 55.350348, 55.366972, 55.383679, 55.400326, 55.417045, 55.435139, 55.450333, 55.467217, 55.483685, 55.500411, 55.517084, 55.537581, 55.550350, 55.567069, 55.583660, 55.600442, 55.617103, 55.633737, 55.650387, 55.667149, 55.685386, 55.700594, 55.717246, 55.734172, 55.750722, 55.767334, 55.783963, 55.800642, 55.817314, 55.833958, 55.850633, 55.867317, 55.883989, 55.900691, 55.917338, 55.936044, 55.950730, 55.967362, 55.983961, 56.000684, 56.017302, 56.034035, 56.050786, 56.067397, 56.084062, 56.100753, 56.117373, 56.134063, 56.150778, 56.167520, 56.185977, 56.201400, 56.217515, 56.234580, 56.251133, 56.267744, 56.284566, 56.301794, 56.318180, 56.334712, 56.351415, 56.368079, 56.384859, 56.401851, 56.418732, 56.437255, 56.451577, 56.468183, 56.484888, 56.501968, 56.518345, 56.534898, 56.551669, 56.568281, 56.585047, 56.601693, 56.618534, 56.635312, 56.651873, 56.668641, 56.687066, 56.702176, 56.718745, 56.735369, 56.752051, 56.768733, 56.785485, 56.802074, 56.818769, 56.835898, 56.852374, 56.868918, 56.885646, 56.902276, 56.919424, 56.938182, 56.952782, 56.969238, 56.985755, 57.003966, 57.019102, 57.035741, 57.052839, 57.069220, 57.085851, 57.102542, 57.119145, 57.135948, 57.152634, 57.169201, 57.190070, 57.202548, 57.219320, 57.235945, 57.252668, 57.269289, 57.285900, 57.302605, 57.319252, 57.335878, 57.352615, 57.373513, 57.388606, 57.402822, 57.419411, 57.436534, 57.454924, 57.469407, 57.486077, 57.502722, 57.519445, 57.536132, 57.552841, 57.569503, 57.586177, 57.602825, 57.619468, 57.636178, 57.652856, 57.669479, 57.686468, 57.705202, 57.719441, 57.736000, 57.752722, 57.769363, 57.786070, 57.802750, 57.819426, 57.836143, 57.852736, 57.869388, 57.886183, 57.902858, 57.919433, 57.936361, 57.954916, 57.969486, 57.986094, 58.002803, 58.019478, 58.036132, 58.052983, 58.069632, 58.086496, 58.103165, 58.119851, 58.136905, 58.153511, 58.170538, 58.187081, 58.205086, 58.219959, 58.236487, 58.253069, 58.269761, 58.286387, 58.303083, 58.319759, 58.336427, 58.353076, 58.369748, 58.386517, 58.403238, 58.419795, 58.436396, 58.454772, 58.469820, 58.488060, 58.503150, 58.519841, 58.536526, 58.553247, 58.569830, 58.586912, 58.603438, 58.619932, 58.636988, 58.653625, 58.670608, 58.688307, 58.705027, 58.720157, 58.736883, 58.753511, 58.770151, 58.786852, 58.803516, 58.820184, 58.840381, 58.853463, 58.870580, 58.887025, 58.903678, 58.920218, 58.936859, 58.954929, 58.970510, 58.987026, 59.003657, 
12, 10, 2, 2.931960, 2.930862, 2.929902, 2.929902, 2.901881, 2.858236, 2.802115, 2.731025, 2.645951, 2.542169, 2.428289, 2.298459, 2.088694, 1.850171, 1.569551, 1.267126, 0.954203, 0.633550, 0.284094, 0.058174, 0.424348, 0.801725, 1.189095, 1.583826, 1.984844, 2.388656, 2.790560, 3.192295, 3.593897, 3.994173, 4.391637, 4.789743, 5.163964, 5.474978, 5.767608, 6.027709, 6.246367, 6.416240, 6.547428, 6.634442, 6.689617, 6.695157, 6.650668, 6.569821, 6.444548, 6.272960, 6.074439, 5.841725, 5.606604, 5.333085, 5.063075, 4.797518, 4.528016, 4.255991, 3.978383, 3.672857, 3.369982, 3.055528, 2.736780, 2.411367, 2.063218, 1.713911, 1.377628, 1.016687, 0.665423, 0.332696, 0.039715, 0.230546, 0.469278, 0.680549, 0.869013, 1.051319, 1.212524, 1.342377, 1.429485, 1.490649, 1.515328, 1.497134, 1.453035, 1.348499, 1.215604, 1.051670, 0.863085, 0.659139, 0.428246, 0.176283, 0.072137, 0.281766, 0.473402, 0.653398, 0.814268, 0.952924, 1.063441, 1.136814, 1.199617, 1.241449, 1.262278, 1.203591, 1.151063, 1.072528, 0.972104, 0.843872, 0.694733, 0.524449, 0.340663, 0.142118, 0.051009, 0.226895, 0.426595, 0.734880, 0.850605, 0.868415, 0.987196, 1.086503, 1.171945, 1.213705, 1.248870, 1.242027, 1.190410, 1.131233, 1.080802, 0.935265, 0.825606, 0.679623, 0.588171, 0.421398, 0.278884, 0.122977, 0.064706, 0.207732, 0.338908, 0.466581, 0.585180, 0.663010, 0.693976, 0.802673, 0.758025, 0.734842, 0.769900, 0.601483, 0.505108, 0.501492, 0.255103, 0.113874, 0.092199, 0.155701, 0.278663, 0.398417, 0.518654, 0.617231, 0.685935, 0.737620, 0.761283, 0.770880, 0.768121, 0.743281, 0.711078, 0.666564, 0.606131, 0.533030, 0.452755, 0.374174, 0.309042, 0.240156, 0.171210, 0.129129, 0.098898, 0.069228, 0.041674, 0.031200, 0.026207, 0.028147, 0.020702, 0.031817, 0.046603, 0.077536, 0.117677, 0.178313, 0.241451, 0.328346, 0.407894, 0.485655, 0.576844, 0.655254, 0.744213, 0.818260, 0.890267, 0.958283, 1.020193, 1.072702, 1.118130, 1.149014, 1.182431, 1.205028, 1.234188, 1.258150, 1.292215, 1.351734, 1.404683, 1.442523, 1.460104, 1.478994, 1.472730, 1.448304, 1.417345, 1.389338, 1.357759, 1.319057, 1.280090, 1.223588, 1.157631, 1.116097, 1.037042, 0.955730, 0.829656, 0.703883, 0.596049, 0.485082, 0.362221, 0.239674, 0.083635, 0.005725, 0.144931, 0.229637, 0.289685, 0.301188, 0.363556, 0.394541, 0.432059, 0.477710, 0.551286, 0.624313, 0.694437, 0.761612, 0.818982, 0.865413, 0.957269, 1.005401, 0.990334, 0.988855, 0.981917, 0.975385, 0.958783, 0.949329, 0.926341, 0.915269, 0.889772, 0.867159, 0.852960, 0.836286, 0.812005, 0.797202, 0.769276, 0.733185, 0.715490, 0.681747, 0.644345, 0.621768, 0.593839, 0.567101, 0.543961, 0.507174, 0.470676, 0.441439, 0.413160, 0.379756, 0.356422, 0.314606, 0.283943, 0.239307, 0.197582, 0.150694, 0.101006, 0.045192, 0.032552, 0.118677, 0.200632, 0.317417, 0.433347, 0.556244, 0.692719, 0.823635, 0.937976, 1.051291, 1.161557, 1.258205, 1.349132, 1.419103, 1.486730, 1.551381, 1.590291, 1.609485, 1.627776, 1.641877, 1.639226, 1.627300, 1.608253, 1.575791, 1.499993, 1.424521, 1.377865, 1.382209, 1.263836, 1.169351, 1.035888, 0.889645, 0.731059, 0.561205, 0.380626, 0.191973, 0.009018, 0.234811, 0.466225, 0.707502, 0.944603, 1.188259, 1.433303, 1.683043, 1.934542, 2.192693, 2.429182, 2.673012, 2.904557, 3.116395, 3.334200, 3.541547, 3.716304, 3.876637, 4.028889, 4.160488, 4.256681, 4.315806, 4.371482, 4.398727, 4.438991, 4.482341, 4.523586, 4.533942, 4.520042, 4.494878, 4.457143, 4.399659, 4.322397, 4.156115, 4.115178, 3.892486, 3.740830, 3.667941, 3.401218, 3.235319, 3.160782, 2.914595, 2.775717, 2.735938, 2.527604, 2.429088, 2.352184, 2.290574, 2.216881, 2.148820, 2.058745, 1.980561, 1.898572, 1.810066, 1.739063, 1.648798, 1.546333, 1.458293, 1.349510, 1.232880, 1.132650, 1.023876, 0.944211, 0.872790, 0.837527, 0.820004, 0.826470, 0.848741, 0.869784, 0.905826, 0.946647, 0.994646, 1.047149, 1.129398, 1.140550, 1.171710, 1.170538, 1.163243, 1.149982, 1.085315, 1.045544, 0.992787, 0.953190, 0.926448, 0.883370, 0.836444, 0.787194, 0.741319, 0.688213, 0.632663, 0.573334, 0.495640, 0.426950, 0.346926, 0.264246, 0.158543, 0.066789, 0.040183, 0.170635, 0.294946, 0.413841, 0.516490, 0.609719, 0.711921, 0.822813, 0.920537, 1.001708, 1.090968, 1.160288, 1.225067, 1.290990, 1.292600, 1.321106, 1.350465, 1.358890, 1.423694, 1.339552, 1.314265, 1.290515, 1.257482, 1.199066, 1.195667, 1.168837, 1.120164, 1.088112, 1.040200, 0.994630, 0.944303, 0.874708, 0.830210, 0.754102, 0.598887, 0.501889, 0.413233, 0.306040, 0.192985, 0.079755, 0.033660, 0.141412, 0.261812, 0.376112, 0.484568, 0.588700, 0.685978, 0.790274, 0.823407, 0.909040, 1.054619, 1.032037, 1.087992, 1.230637, 1.202731, 1.255975, 1.329769, 1.470339, 1.466135, 1.547217, 1.626767, 1.695142, 1.771045, 1.858054, 1.934726, 2.010106, 2.083388, 2.162603, 2.242200, 2.321262, 2.418961, 2.487459, 2.585514, 2.664890, 2.740966, 2.802911, 2.874018, 2.932584, 3.008296, 3.093118, 3.189458, 3.288839, 3.380514, 3.471558, 3.190776, 3.191868, 3.154468, 3.051071, 2.905518, 2.700771, 2.447754, 2.152387, 1.822520, 1.483956, 1.110928, 0.673037, 0.228046, 0.256826, 0.774938, 1.328763, 1.901056, 2.489168, 3.099369, 3.736726, 4.397414, 5.055537, 5.739462, 6.423810, 7.107237, 7.784117, 8.441181, 9.106811, 9.769874, 10.415512, 11.041121, 11.565278, 12.106757, 12.622833, 13.106825, 13.510952, 13.860633, 14.152865, 14.393215, 14.538070, 14.839169, 15.061330, 15.311130, 15.588874, 15.925625, 16.277929, 16.600008, 16.936551, 17.260903, 17.568174, 17.866524, 18.124341, 18.331351, 18.485961, 18.432178, 18.569749, 18.496147, 18.326232, 18.094518, 17.585326, 17.373612, 16.830487, 16.226006, 15.176864, 14.804997, 14.012636, 12.767802, 12.334917, 11.485924, 10.221350, 9.782961, 8.946815, 7.746658, 7.361955, 6.254783, 5.910615, 5.249811, 4.316239, 4.052290, 3.263768, 2.766925, 2.586171, 2.167235, 1.572073, 1.460557, 0.944410, 0.875924, 0.655988, 0.324788, 0.365469, 0.313915, 0.225725, 0.330099, 0.331094, 0.452548, 0.651211, 0.783037, 0.967368, 1.187458, 1.353574, 1.547492, 1.718783, 1.866043, 1.966437, 2.066832, 2.103715, 2.113682, 2.070438, 2.004263, 1.891187, 1.772979, 1.591580, 1.390336, 1.159726, 0.912539, 0.657543, 0.388046, 0.118676, 0.135879, 0.371401, 0.579386, 0.756006, 0.881405, 0.974468, 1.032150, 1.123199, 1.094456, 1.077204, 1.008778, 0.897469, 0.694980, 0.479055, 0.265176, 0.045724, 0.168131, 0.371628, 0.579300, 0.740277, 0.887848, 0.996442, 1.091521, 1.173966, 1.226071, 1.281764, 1.303639, 1.283109, 1.165890, 1.185150, 1.105950, 0.994746, 0.863261, 0.716200, 0.543437, 0.355130, 0.157305, 0.039436, 0.228527, 0.387108, 0.543004, 0.657519, 0.747791, 0.893631, 0.864041, 0.861712, 0.849749, 0.808916, 0.751697, 0.630785, 0.471797, 0.312976, 0.155748, 0.000445, 0.101051, 0.230410, 0.352016, 0.450498, 0.502894, 0.602317, 0.678709, 0.735799, 0.784906, 0.754009, 0.802095, 0.798346, 0.670006, 0.596073, 0.624495, 0.426682, 0.321726, 0.324263, 0.105789, 0.024194, 0.121155, 0.177956, 0.217041, 0.229182, 0.211160, 0.180053, 0.122980, 0.048581, 0.022054, 0.108709, 0.206964, 0.306598, 0.407247, 0.501174, 0.600373, 0.696877, 0.805087, 0.886114, 0.985792, 1.079276, 1.174911, 1.278806, 1.350222, 1.413835, 1.457271, 1.475392, 1.474239, 1.452918, 1.419959, 1.351246, 1.274052, 1.190032, 1.093669, 0.985320, 0.869489, 0.762208, 0.655791, 0.542857, 0.457321, 0.371953, 0.299873, 0.221379, 0.151701, 0.089121, 0.023153, 0.013103, 0.049443, 0.071162, 0.084302, 0.100639, 0.111896, 0.107733, 0.087559, 0.058842, 0.035108, 0.026821, 0.068584, 0.126579, 0.187345, 0.218803, 0.364191, 0.447489, 0.543543, 0.657650, 0.764008, 0.884935, 0.996878, 1.092506, 1.169821, 1.224251, 1.279524, 1.311000, 1.327093, 1.350927, 1.279403, 1.362637, 1.344865, 1.322365, 1.279858, 1.221900, 1.163336, 1.075918, 0.889920, 0.875127, 0.757955, 0.647058, 0.523058, 0.384665, 0.117687, 0.049366, 0.089903, 0.252682, 0.412625, 0.584618, 0.742009, 0.894081, 1.056547, 1.195865, 1.325417, 1.509255, 1.545090, 1.616900, 1.757348, 1.698793, 1.715038, 1.773578, 1.686710, 1.666832, 1.705674, 1.599176, 1.609745, 1.540376, 1.460079, 1.364667, 1.259237, 1.164313, 1.040236, 0.901613, 0.757477, 0.604306, 0.450447, 0.280686, 0.103043, 0.021045, 0.166245, 0.308152, 0.484924, 0.617946, 0.779066, 0.944087, 1.040560, 1.150608, 1.250052, 1.350083, 1.427126, 1.490722, 1.486820, 1.495129, 1.488072, 1.460749, 1.415114, 1.336287, 1.241543, 1.183889, 1.023099, 0.908390, 0.808936, 0.737088, 0.707303, 0.696713, 0.704052, 0.732970, 0.804105, 0.860244, 0.937571, 1.009461, 1.080417, 1.142413, 1.194503, 1.245127, 1.271711, 1.276738, 1.252512, 1.197059, 1.117874, 0.988972, 0.830551, 0.643552, 0.405266, 0.183910, 0.075423, 0.194611, 0.352710, 0.454372, 0.543377, 0.614032, 0.645010, 0.747321, 0.685367, 0.692923, 0.678813, 0.656174, 0.639408, 0.602364, 0.564566, 0.506576, 0.425087, 0.284587, 0.175966, 0.032690, 0.126784, 0.284478, 0.442396, 0.592133, 0.746738, 0.880216, 0.947724, 1.120718, 1.227927, 1.325572, 1.413777, 1.494190, 1.590595, 1.687827, 1.789655, 1.889864, 1.989913, 2.088363, 2.202389, 2.322294, 2.439740, 2.464242, 2.634554, 2.713736, 2.796168, 2.788688, 2.868568, 2.918660, 3.024131, 3.036832, 2.912031, 3.000527, 2.943959, 2.711743, 2.732934, 2.593804, 2.241453, 2.064973, 1.804727, 1.559157, 1.506353, 1.042656, 0.788159, 0.526632, 0.308258, 0.014341, 0.031710, 0.420733, 0.609567, 0.752975, 0.862989, 0.943598, 0.990682, 0.996744, 0.971372, 0.916926, 0.833916, 0.745690, 0.647057, 0.538679, 0.454209, 0.385844, 0.313089, 0.268437, 0.261445, 0.243907, 0.246045, 0.321955, 0.281466, 0.344377, 0.409546, 0.480156, 0.536197, 0.591513, 0.631359, 0.640524, 0.601006, 0.525236, 0.441246, 0.359635, 0.253452, 0.135188, 0.017943, 0.087924, 0.023692, 0.013574, 0.002772, 0.035306, 0.074800, 0.120191, 0.209226, 0.299539, 0.383562, 0.488519, 0.580914, 0.664384, 0.745054, 0.832529, 0.903748, 0.979235, 1.060971, 1.157207, 1.255095, 1.363555, 1.508387, 1.654989, 1.779775, 1.925164, 2.061409, 2.175226, 2.261490, 2.334598, 2.391554, 2.490307, 2.408601, 2.383724, 2.334928, 2.267018, 2.186709, 2.090429, 1.995635, 1.892222, 1.780175, 1.654101, 1.552364, 1.439376, 1.316979, 1.191486, 1.109934, 0.956924, 0.839778, 0.743241, 0.668332, 0.558588, 0.462267, 0.365581, 0.282944, 0.236456, 0.115565, 0.030844, 0.033938, 0.112223, 0.181355, 0.157701, 0.240050, 0.244950, 0.172899, 0.150703, 0.152334, 0.092167, 0.026927, 0.051108, 0.162529, 0.304095, 0.452658, 0.611753, 0.798967, 1.005010, 1.215200, 1.429843, 1.613921, 1.791964, 1.959494, 2.102383, 2.205715, 2.298311, 2.364295, 2.412920, 2.438344, 2.457313, 2.450255, 2.431692, 2.407729, 2.408045, 2.389873, 2.371106, 2.363674, 2.362475, 2.379574, 2.386084, 2.395263, 2.427521, 2.456863, 2.505895, 2.554961, 2.610768, 2.700947, 2.797069, 2.976037, 2.987154, 3.064719, 3.152920, 3.248335, 3.345222, 3.452962, 3.522621, 3.640192, 3.750144, 3.855398, 3.966590, 4.049640, 4.134781, 4.204237, 4.243752, 4.358867, 4.331570, 4.381648, 4.444434, 4.496178, 4.563629, 4.645649, 4.750156, 4.856752, 4.974450, 5.106260, 5.285820, 5.422041, 5.551520, 5.689509, 5.958750, 6.017181, 6.201157, 6.411258, 6.638741, 6.845442, 7.077246, 7.295409, 7.500086, 7.700192, 7.891719, 8.056052, 8.216112, 8.363439, 8.518715, 8.775969, 8.813409, 8.972769, 9.115024, 9.276081, 9.444202, 9.621348, 9.790055, 9.927200, 10.106464, 10.294355, 10.495331, 10.672838, 10.961095, 11.016709, 11.176822, 11.443001, 11.499931, 11.667119, 11.836761, 12.038616, 12.324616, 12.398446, 12.545367, 12.792963, 12.818149, 12.901450, 13.043285, 13.021965, 13.053050, 13.103670, 13.266354, 13.169838, 13.069914, 12.853878, 12.747108, 12.632169, 12.490052, 12.468889, 12.426328, 12.371562, 12.319302, 12.223728, 12.128767, 12.033250, 11.877178, 11.697455, 11.550172, 11.379458, 11.179334, 11.061385, 10.967880, 10.861853, 10.798299, 10.768548, 10.745796, 10.736091, 10.745351, 10.758783, 10.778260, 10.798147, 10.852463, 10.877232, 10.869836, 10.838158, 10.796743, 10.690405, 10.562111, 10.432190, 10.285756, 10.120616, 9.945789, 9.798061, 9.604650, 9.414448, 9.181840, 8.940434, 8.685696, 8.361278, 8.007707, 7.656308, 7.282397, 6.931592, 6.544907, 6.174208, 5.809897, 5.464572, 5.132172, 4.819050, 4.446336, 4.123174, 3.740120, 3.423830, 3.064637, 2.688356, 2.263931, 2.005115, 1.716133, 1.447472, 1.191305, 0.934269, 0.676816, 0.457686, 0.264274, 0.054629, 0.094397, 0.129909, 0.244309, 0.254009, 0.225390, 0.138576, 0.054838, 0.028067, 0.118717, 0.203931, 0.261357, 0.293130, 0.318369, 0.328921, 0.333299, 0.316133, 0.281876, 0.305594, 0.172970, 0.120427, 0.087623, 0.059309, 0.040325, 0.046313, 0.063704, 0.113483, 0.181620, 0.280654, 0.378392, 0.488264, 0.616042, 0.726981, 0.950575, 0.915697, 1.100775, 1.186130, 1.137435, 1.344793, 1.425860, 1.381130, 1.599093, 1.690302, 1.663358, 1.907507, 2.017496, 2.126100, 2.233789, 2.325410, 2.362996, 2.441449, 2.507745, 2.546644, 2.579192, 2.596683, 2.601498, 2.608507, 2.596703, 2.567317, 2.569983, 2.556571, 2.526859, 2.495355, 2.446844, 2.386637, 2.320497, 2.273179, 2.209952, 2.159240, 2.121357, 2.083316, 2.045547, 1.984480, 1.923159, 1.840707, 1.757286, 1.681963, 1.617659, 1.524117, 1.410352, 1.317347, 1.221271, 1.127270, 1.032150, 0.943858, 0.855549, 0.767049, 0.681825, 0.588448, 0.487782, 0.378049, 0.252605, 0.131823, 0.037052, 0.075674, 0.182366, 0.262337, 0.345605, 0.406400, 0.457711, 0.509880, 0.544449, 0.590737, 0.618869, 0.651295, 0.667247, 0.669626, 0.666902, 0.642286, 0.602017, 0.538753, 0.432126, 0.306240, 0.174493, 0.018340, 0.132636, 0.267234, 0.388048, 0.511362, 0.622862, 0.733746, 0.841110, 0.946861, 1.157093, 1.134650, 1.220444, 1.293713, 1.359235, 1.411951, 1.450050, 1.462473, 1.446805, 1.438559, 1.412441, 1.371692, 1.368870, 1.335084, 1.305422, 1.343509, 1.227066, 1.175303, 1.107094, 1.034826, 0.937689, 0.839939, 0.737189, 0.623816, 0.465907, 0.378966, 0.221037, 0.095751, 0.030795, 0.101608, 0.119179, 0.178986, 0.280501, 0.241832, 0.216235, 0.253577, 0.074122, 0.028360, 0.032333, 0.312104, 0.464140, 0.634697, 0.817141, 0.986097, 1.152307, 1.308349, 1.477310, 1.631128, 1.763981, 1.878503, 1.959504, 2.018862, 2.046459, 2.045502, 2.028706, 1.998910, 1.962215, 1.933713, 1.910253, 1.888801, 1.856366, 1.810456, 1.764376, 1.698630, 1.620614, 1.533404, 1.416046, 1.257302, 1.113204, 0.970964, 0.831336, 0.682667, 0.539028, 0.388194, 0.235028, 0.061847, 0.118915, 0.305557, 0.473510, 0.623604, 0.811497, 0.997408, 1.182315, 1.367222, 1.550213, 1.732005, 1.914184, 2.073500, 2.192017, 2.263867, 2.249432, 2.305580, 2.252416, 2.166443, 2.042622, 1.915814, 1.775278, 1.635840, 1.499130, 1.349234, 1.204255, 1.064534, 0.917276, 0.743254, 0.503072, 0.303106, 0.013238, 0.051618, 0.199982, 0.335959, 0.452835, 0.536373, 0.590859, 0.628876, 0.647680, 0.647739, 0.633808, 0.679544, 0.605874, 0.565209, 0.515072, 0.552505, 0.467321, 0.446146, 0.403091, 0.364750, 0.333859, 0.280568, 0.239474, 0.180713, 0.131722, 0.086440, 0.034962, 0.004852, 0.048579, 0.026264, 0.025434, 0.074754, 0.064039, 0.008737, 0.164929, 0.265824, 0.272814, 0.489698, 0.610532, 0.623281, 0.819635, 0.896731, 0.887515, 1.017260, 1.067434, 1.117954, 1.172701, 1.207227, 1.238639, 1.263184, 1.282267, 1.278944, 1.259944, 1.207584, 1.137383, 1.050311, 0.975847, 0.890942, 0.798344, 0.703036, 0.524481, 0.375808, 0.195522, 0.044823, 0.079589, 0.237579, 0.402180, 0.520277, 0.633972, 0.748328, 0.864373, 0.996046, 1.124286, 1.257477, 1.370141, 1.472712, 1.533363, 1.560886, 1.545727, 1.504596, 1.425131, 1.313393, 1.174771, 1.003653, 0.822345, 0.631296, 0.442139, 0.236634, 0.051183, 0.120352, 0.274231, 0.411115, 0.524944, 0.615365, 0.689167, 0.738237, 0.771766, 0.780557, 0.770720, 0.749973, 0.725232, 0.692682, 0.664005, 0.645423, 0.671662, 0.691145, 0.715350, 0.746666, 0.780284, 0.879772, 0.829258, 0.836723, 0.838929, 0.803127, 0.765903, 0.746350, 0.733170, 0.795233, 0.745525, 0.751786, 0.871667, 0.792027, 0.805553, 0.823698, 0.846704, 0.872328, 0.906863, 0.938076, 0.952960, 0.941787, 0.894010, 0.833917, 0.765648, 0.648563, 0.576405, 0.588074, 0.459802, 0.433817, 0.418967, 0.414601, 0.421087, 0.448470, 0.506100, 0.588564, 0.822861, 0.970385, 0.973477, 1.287268, 1.471319, 1.676198, 1.890408, 2.124616, 2.360016, 2.605040, 2.823810, 3.032367, 3.218376, 3.396233, 3.546585, 3.661279, 3.739857, 3.792104, 3.826621, 3.808754, 3.703193, 3.605607, 3.447913, 3.264396, 3.027683, 2.765759, 2.486085, 2.190748, 1.930511, 1.631799, 1.355530, 1.059538, 0.760026, 0.442573, 0.068169, 0.170547, 0.481414, 0.777047, 1.000339, 1.199835, 1.349943, 1.443917, 1.498662, 1.484576, 1.428329, 1.333021, 1.195323, 1.011731, 0.821205, 0.623709, 0.415017, 0.245998, 0.104693, 0.014780, 0.091574, 0.142339, 0.149320, 0.083049, 0.064729, 0.015325, 0.096753, 0.185942, 0.243265, 0.277291, 0.306937, 0.254759, 0.210446, 0.017228, 0.062039, 0.020343, 0.084346, 0.153291, 0.226978, 0.294965, 0.365170, 0.448993, 0.558187, 0.683632, 0.971761, 1.079925, 1.320351, 1.604137, 2.139614, 2.281361, 2.674708, 3.118244, 3.574251, 4.056291, 4.575882, 5.100232, 5.636394, 6.174977, 6.701332, 7.241133, 7.750976, 8.241421, 8.724515, 9.172437, 9.838645, 10.011883, 10.402431, 10.775008, 11.127679, 11.475004, 11.790940, 12.074623, 12.336353, 12.596695, 12.834034, 13.037758, 13.226947, 13.361091, 13.454491, 13.658684, 13.593812, 13.611452, 13.585766, 13.527567, 13.458894, 13.337746, 13.201248, 13.003622, 12.757819, 12.496284, 12.234856, 11.973459, 11.713592, 11.455813, 11.165155, 10.831286, 10.513990, 10.137370, 9.722721, 9.341641, 9.011322, 8.580762, 8.196338, 7.816346, 7.435500, 7.051907, 6.649215, 6.252397, 5.858970, 5.481658, 5.115349, 4.758266, 4.429566, 4.115121, 3.816297, 3.555878, 3.279794, 3.038927, 2.817258, 2.579554, 2.334681, 2.112495, 1.891247, 1.670842, 1.451069, 1.235763, 1.045102, 0.861398, 0.693548, 0.523828, 0.357529, 0.184036, 0.009584, 0.157507, 0.313563, 0.426244, 0.518731, 0.601504, 0.673601, 0.745212, 0.810389, 0.854998, 0.893816, 0.934322, 0.980609, 1.011872, 1.050890, 1.094095, 1.112091, 1.118029, 1.111000, 1.079541, 1.057446, 1.012808, 0.893420, 0.937911, 0.906760, 0.863767, 0.832994, 0.771881, 0.727472, 0.696718, 0.641768, 0.588015, 0.535661, 0.469435, 0.400389, 0.313559, 0.213957, 0.018713, 0.010380, 0.136110, 0.270029, 0.391752, 0.618221, 0.672500, 0.811039, 0.935877, 1.058754, 1.170812, 1.295064, 1.398688, 1.493527, 1.562072, 1.686103, 1.664866, 1.707909, 1.732088, 1.882149, 1.896955, 1.888011, 1.880177, 1.845322, 1.822161, 1.771392, 1.736060, 1.726403, 1.707843, 1.702370, 1.709959, 1.730410, 1.763525, 1.808969, 1.866442, 1.939130, 2.057485, 2.183404, 2.313267, 2.517087, 2.690682, 2.878448, 3.104787, 3.331514, 3.542022, 3.737015, 3.934706, 4.168640, 4.410657, 4.601360, 4.834380, 5.030248, 5.234228, 5.410038, 5.568419, 5.732750, 5.857383, 5.861503, 5.813520, 5.721627, 5.570071, 5.356393, 5.082985, 4.763027, 4.407531, 4.026627, 3.631358, 3.239425, 2.844233, 2.437065, 2.025751, 1.619254, 1.222603, 0.828151, 0.428692, 0.024796, 0.345328, 0.700958, 1.035142, 1.343048, 1.607710, 1.831621, 1.988162, 2.106608, 2.169433, 2.180780, 2.174478, 2.124950, 2.069242, 1.964230, 1.830303, 1.696409, 1.561436, 1.426080, 1.290514, 1.151197, 0.993372, 0.856815, 0.713213, 0.548564, 0.379081, 0.208913, 0.040265, 0.125167, 0.272730, 0.417188, 0.562700, 0.707351, 0.852123, 0.978352, 1.087842, 1.167713, 1.225014, 1.276657, 1.350198, 1.416950, 1.453445, 1.498983, 1.536592, 1.547016, 1.569029, 1.646139, 1.658119, 1.669185, 1.662733, 1.676936, 1.666256, 1.675996, 1.690660, 1.720908, 1.739963, 1.765219, 1.780729, 1.805819, 1.802582, 1.748117, 1.758485, 1.697094, 1.535570, 1.523947, 1.439963, 1.251423, 1.219775, 1.014497, 0.903387, 0.877648, 0.661279, 0.540764, 0.522163, 0.328619, 0.234279, 0.160104, 0.074265, 0.016076, 0.073081, 0.182356, 0.245663, 0.309843, 0.367967, 0.426974, 0.485742, 0.525671, 0.580186, 0.619053, 0.649020, 0.661322, 0.664762, 0.657106, 0.655661, 0.629841, 0.604273, 0.575772, 0.540669, 0.491226, 0.440833, 0.398885, 0.367048, 0.327906, 0.289511, 0.260731, 0.225527, 0.167873, 0.104188, 0.047488, 0.009528, 0.061420, 0.103911, 0.134113, 0.173542, 0.207821, 0.223217, 0.239108, 0.239675, 0.241331, 0.238166, 0.237675, 0.251003, 0.272866, 0.296429, 0.305554, 0.323182, 0.323987, 0.326802, 0.338507, 0.328786, 0.325820, 0.326854, 0.322411, 0.345641, 0.357457, 0.389400, 0.408569, 0.429212, 0.456812, 0.482985, 0.505146, 0.527879, 0.544960, 0.542770, 0.553803, 0.565739, 0.552135, 0.556080, 0.549840, 0.528872, 0.514014, 0.438214, 0.515433, 0.508812, 0.505637, 0.519154, 0.493466, 0.569608, 0.601975, 0.582733, 0.677336, 0.721163, 0.757012, 0.786192, 0.789927, 0.804987, 0.852318, 0.902004, 0.919205, 0.951695, 0.996627, 1.029156, 1.117078, 1.086021, 1.105598, 1.182252, 1.130084, 1.111243, 1.092032, 1.052487, 1.000498, 0.927887, 0.841392, 0.762214, 0.667449, 0.538592, 0.461343, 0.306096, 0.189414, 0.085984, 0.002970, 0.071869, 0.121117, 0.166050, 0.181594, 0.180434, 0.166780, 0.145037, 0.099226, 0.037246, 0.004216, 0.067686, 0.126559, 0.191539, 0.244219, 0.292670, 0.337226, 0.376419, 0.405519, 0.432946, 0.449992, 0.452865, 0.442751, 0.454025, 0.416895, 0.398191, 0.355215, 0.321594, 0.276534, 0.229064, 0.198767, 0.131903, 0.089865, 0.031003, 0.021510, 0.068063, 0.099200, 0.137461, 0.160688, 0.213148, 0.309462, 0.320669, 0.359267, 0.398585, 0.429845, 0.468123, 0.499927, 0.530487, 0.564645, 0.582334, 0.612512, 0.655971, 0.700332, 0.733812, 0.773559, 0.811255, 0.826194, 0.844871, 0.872874, 0.889628, 0.890986, 0.896431, 0.864174, 0.830461, 0.789119, 0.734739, 0.662873, 0.618861, 0.488958, 0.383862, 0.277030, 0.162475, 0.039172, 0.084587, 0.260966, 0.382675, 0.506476, 0.589667, 0.676956, 0.757636, 0.821311, 0.878196, 0.850866, 0.915056, 0.909265, 0.900741, 0.880286, 0.855123, 0.819676, 0.780385, 0.739512, 0.668557, 0.591698, 0.516704, 0.436739, 0.351086, 0.275465, 0.202170, 0.037767, 0.054356, 0.016482, 0.167061, 0.134933, 0.198089, 0.322748, 0.290290, 0.393843, 0.425949, 0.383103, 0.487505, 0.505940, 0.508830, 0.490049, 0.469718, 0.436483, 0.407679, 0.360094, 0.297164, 0.226837, 0.162125, 0.090588, 0.027955, 0.025994, 0.080441, 0.115219, 0.143481, 0.152637, 0.164898, 0.160909, 0.170621, 0.172796, 0.180612, 0.182997, 0.176810, 0.166554, 0.152477, 0.101404, 0.037820, 0.021148, 0.090656, 0.165282, 0.239637, 0.301853, 0.378639, 0.433980, 0.492421, 0.536607, 0.548505, 0.542765, 0.497608, 0.430747, 0.366986, 0.281596, 0.197064, 0.116215, 0.030505, 0.092849, 0.198114, 0.296453, 0.412656, 0.549875, 0.673923, 0.806810, 0.936835, 1.046544, 1.136392, 1.205800, 1.261403, 1.285814, 1.312122, 1.320580, 1.313764, 1.286531, 1.223191, 1.062895, 1.054341, 0.936514, 0.714580, 0.657229, 0.531294, 0.404818, 0.277579, 0.158358, 0.031442, 0.091234, 0.225220, 0.349729, 0.494283, 0.613588, 0.824969, 0.864219, 0.972474, 1.070785, 1.142556, 1.199416, 1.247066, 1.281387, 1.300267, 1.309815, 1.293907, 1.278525, 1.268084, 1.256495, 1.232034, 1.238984, 1.199143, 1.128344, 1.077757, 1.031816, 0.931093, 0.830728, 0.687537, 0.545316, 0.421456, 0.310565, 0.165177, 0.028259, 0.113299, 0.270267, 0.394266, 0.531150, 0.669496, 0.779872, 0.878675, 0.951706, 1.030264, 1.103471, 1.150619, 1.186453, 1.221747, 1.250728, 1.264443, 1.318949, 1.383646, 1.448501, 1.513539, 1.583879, 1.652508, 1.725274, 1.786429, 1.846340, 1.862177, 1.869173, 1.855359, 1.819402, 1.780189, 1.747754, 1.695431, 1.642134, 1.584443, 1.500234, 1.428931, 1.327347, 1.230757, 1.118373, 1.012318, 0.880413, 0.743464, 0.589696, 0.438890, 0.291581, 0.134738, 0.018185, 0.168474, 0.306431, 0.431039, 0.537478, 0.636782, 0.711063, 0.769163, 0.810674, 0.865512, 0.919702, 0.981549, 1.040638, 1.077849, 1.087755, 1.080331, 1.049779, 1.007401, 0.944875, 0.884696, 0.819339, 0.734981, 0.640555, 0.577173, 0.540630, 0.542400, 0.562077, 0.585222, 0.608466, 0.636499, 0.653095, 0.620294, 0.566291, 0.455408, 0.333494, 0.204239, 0.027399, 0.160466, 0.356811, 0.530539, 0.708147, 0.872650, 1.011289, 1.181592, 1.288273, 1.357077, 1.358849, 1.273417, 1.299752, 1.239142, 1.167084, 1.089557, 0.996190, 0.801935, 0.751902, 0.609803, 0.371868, 0.329723, 0.195451, 0.070587, 0.117226, 0.362600, 0.510385, 0.650277, 0.760763, 0.864009, 0.957045, 1.028170, 1.082256, 1.116457, 1.131901, 1.151796, 1.173874, 1.221349, 1.271858, 1.313048, 1.347133, 1.392869, 1.423469, 1.452257, 1.475827, 1.470113, 1.454810, 1.450855, 1.441873, 1.422385, 1.483694, 1.484696, 1.504569, 1.540637, 1.581523, 1.623045, 1.692389, 1.769100, 1.863663, 1.977382, 2.138415, 2.291211, 2.454249, 2.638273, 2.847539, 3.057845, 3.292326, 3.567150, 3.856150, 4.129942, 4.419983, 4.705926, 4.972135, 5.218358, 5.443822, 5.607794, 5.739012, 5.853513, 5.875388, 5.865758, 5.811274, 5.723842, 5.570220, 5.362016, 5.117485, 4.812419, 4.466760, 4.086900, 3.691913, 3.280413, 2.872632, 2.486446, 2.100101, 1.755636, 1.347299, 1.167067, 0.904164, 0.671216, 0.444026, 0.226682, 0.026256, 0.152206, 0.324699, 0.464706, 0.574493, 0.656787, 0.743094, 0.804212, 0.842832, 0.868822, 0.875689, 0.892657, 0.901074, 0.912337, 0.915917, 0.917987, 0.902948, 0.932519, 0.852665, 0.821199, 0.764390, 0.712829, 0.616029, 0.500164, 0.341460, 0.175450, 0.015245, 0.149669, 0.317145, 0.486630, 0.659785, 0.833842, 1.005878, 1.181645, 1.359745, 1.539134, 1.718817, 1.900587, 2.072027, 2.236333, 2.371800, 2.435379, 2.549085, 2.562677, 2.612734, 2.696670, 2.635437, 2.613075, 2.642720, 2.476418, 2.383531, 2.367534, 2.125067, 1.977000, 1.837260, 1.703413, 1.562720, 1.424804, 1.284866, 1.165633, 1.064455, 0.951296, 0.867243, 0.796726, 0.740308, 0.700797, 0.655230, 0.624253, 0.601505, 0.588741, 0.579235, 0.561706, 0.573352, 0.588278, 0.603106, 0.619753, 0.640468, 0.653984, 0.669605, 0.681916, 0.689762, 0.705753, 0.730722, 0.736491, 0.761699, 0.780475, 0.764717, 0.757887, 0.736501, 0.699322, 0.675767, 0.661104, 0.650081, 0.643054, 0.614190, 0.612208, 0.605060, 0.608109, 0.623487, 0.664189, 0.676358, 0.711843, 0.756855, 0.814047, 0.870851, 0.922256, 0.977307, 0.952230, 1.073788, 1.139488, 1.160685, 1.193814, 1.223367, 1.239768, 1.255451, 1.252652, 1.264705, 1.240747, 1.218349, 1.204259, 1.197606, 1.189926, 1.150912, 1.178329, 1.162509, 1.143545, 1.131361, 1.105679, 1.078276, 1.052328, 1.001037, 0.940523, 0.874712, 0.795989, 0.715633, 0.634957, 0.566674, 0.467782, 0.272331, 0.339648, 0.295213, 0.282493, 0.293384, 0.322180, 0.349017, 0.316621, 0.482438, 0.487474, 0.554345, 0.740921, 0.850889, 0.865240, 1.040860, 1.005929, 1.050763, 1.085086, 1.096077, 1.107941, 1.110484, 1.088198, 1.071085, 1.053358, 1.018396, 0.982158, 0.952773, 0.909348, 0.850562, 0.792014, 0.710708, 0.616329, 0.520520, 0.433113, 0.349942, 0.275346, 0.210978, 0.171633, 0.151019, 0.157041, 0.179655, 0.218191, 0.261446, 0.310086, 0.366687, 0.432317, 0.498747, 0.581448, 0.658404, 0.741368, 0.849320, 0.902865, 0.989896, 1.075772, 1.157545, 1.217141, 1.287399, 1.338866, 1.380316, 1.419581, 1.457472, 1.488885, 1.554821, 1.607351, 1.678151, 1.750383, 1.822024, 1.919096, 2.007378, 2.095751, 2.175232, 2.240513, 2.304738, 2.361843, 2.390296, 2.406653, 2.409389, 2.408520, 2.409499, 2.389534, 2.358088, 2.336590, 2.313751, 2.283540, 2.228495, 2.165003, 2.087529, 1.993042, 1.914507, 1.762914, 1.450786, 1.458728, 1.268239, 1.077528, 0.889237, 0.690168, 0.489056, 0.291821, 0.104204, 0.074301, 0.240301, 0.384310, 0.531460, 0.668448, 0.790814, 1.084511, 1.040819, 1.153081, 1.286287, 1.420160, 1.580440, 1.732361, 2.029730, 2.058297, 2.226704, 2.380819, 2.543705, 2.683736, 2.823694, 2.984667, 3.303936, 3.269525, 3.337011, 3.427371, 3.509081, 3.523553, 3.496871, 3.449597, 3.393791, 3.300215, 3.236273, 3.298717, 3.181196, 3.253695, 3.221333, 3.294872, 3.311922, 3.317472, 3.195438, 3.231807, 3.152652, 2.944340, 2.819637, 2.658741, 2.471452, 2.263416, 2.087557, 1.926580, 1.790146, 1.710253, 1.644458, 1.768001, 1.771653, 1.810214, 1.888204, 1.960186, 2.043075, 2.151333, 2.307162, 2.489625, 2.675856, 2.887076, 3.144813, 3.406873, 3.665571, 3.943827, 4.236393, 4.529356, 4.872216, 5.188685, 5.453400, 5.708386, 5.926909, 6.113299, 6.314366, 6.529149, 6.802148, 7.124249, 7.567916, 8.047990, 8.620014, 9.246662, 9.880282, 10.530299, 11.203988, 11.789767, 12.304476, 12.799011, 13.207557, 13.506321, 13.766910, 13.928829, 13.974819, 13.955243, 13.902019, 13.781663, 13.619838, 13.297875, 12.948807, 12.747978, 12.356156, 11.924583, 11.468551, 11.017689, 10.505246, 10.018518, 9.551663, 9.112784, 8.691589, 8.335304, 8.001059, 7.654282, 7.347524, 7.078719, 6.768607, 6.406471, 6.005880, 5.583314, 5.136071, 4.668458, 4.203498, 3.792239, 3.401784, 3.048280, 2.735240, 2.289454, 2.228818, 2.034646, 1.877276, 1.733530, 1.624866, 1.521333, 1.415311, 1.313101, 1.232170, 1.184775, 1.156365, 1.148532, 1.157776, 1.156763, 1.060780, 1.172802, 1.172200, 1.085172, 1.198531, 1.223502, 1.186271, 1.331421, 1.424921, 1.450840, 1.623697, 1.755099, 1.816484, 2.023589, 2.126579, 2.301047, 2.473839, 2.661979, 2.841441, 3.008807, 3.166824, 3.320166, 3.442463, 3.555225, 3.647312, 3.738771, 3.827557, 3.919147, 4.014648, 4.116562, 4.201995, 4.292088, 4.354284, 4.411723, 4.379777, 4.357313, 4.302053, 4.205537, 4.098124, 3.973053, 3.824073, 3.643048, 3.442866, 3.249427, 3.031840, 2.814141, 2.590998, 2.362328, 2.096617, 1.819913, 1.531047, 1.229959, 0.904125, 0.559606, 0.233333, 0.080858, 0.364764, 0.631719, 0.851802, 0.995053, 1.193581, 1.329767, 1.708671, 1.693285, 1.649991, 1.604176, 1.562275, 1.530907, 1.500691, 1.478274, 1.471594, 1.474857, 1.482941, 1.475841, 1.514813, 1.592784, 1.544028, 1.620428, 1.721239, 1.860993, 2.043946, 2.277728, 2.534385, 2.838387, 3.166247, 3.534664, 3.938094, 4.373847, 4.820297, 5.307530, 5.919533, 6.384299, 6.953516, 7.555442, 8.158983, 8.778960, 9.388649, 9.969424, 10.508198, 10.995863, 11.405163, 11.755690, 12.065340, 12.306645, 12.423895, 12.360993, 12.276071, 12.266085, 11.849393, 11.730413, 11.342581, 10.631216, 10.367921, 9.494243, 8.874587, 8.236546, 7.481418, 6.833567, 6.214349, 5.631335, 5.110655, 4.640126, 4.195834, 3.800447, 3.437009, 3.110038, 2.824834, 2.599478, 2.435875, 2.314999, 2.237972, 2.179636, 2.148574, 2.145900, 2.151519, 2.168102, 2.189689, 2.195741, 2.221959, 2.223038, 2.237040, 2.252149, 2.270120, 2.261375, 2.258637, 2.239799, 2.211825, 2.159414, 2.094579, 2.020358, 1.958754, 1.879288, 1.794533, 1.688443, 1.568368, 1.441678, 1.326694, 1.184893, 1.036424, 0.886499, 0.734014, 0.597007, 0.463076, 0.309831, 0.144688, 0.030640, 0.190898, 0.322484, 0.412340, 0.501189, 0.544137, 0.585969, 0.584640, 0.567218, 0.546084, 0.518418, 0.486483, 0.463722, 0.466774, 0.474391, 0.473602, 0.489899, 0.635947, 0.564629, 0.598709, 0.640561, 0.666498, 0.761776, 0.841795, 0.916992, 0.978513, 1.050346, 1.109772, 1.161018, 1.194870, 1.207147, 1.178353, 1.210135, 1.088520, 1.004382, 0.917851, 0.828552, 0.745785, 0.672309, 0.605909, 0.549615, 0.470337, 0.414648, 0.373508, 0.337421, 0.316706, 0.308178, 0.387650, 0.300904, 0.316198, 0.335509, 0.357978, 0.392836, 0.445277, 0.508190, 0.600193, 0.712955, 0.849972, 1.105388, 1.220187, 1.218899, 1.417273, 1.507290, 1.475329, 1.604629, 1.550771, 1.631404, 1.613822, 1.585984, 1.548143, 1.504236, 1.460529, 1.400064, 1.338643, 1.266568, 1.189977, 1.096662, 1.004650, 0.916225, 0.810478, 0.696174, 0.584765, 0.473492, 0.376316, 0.274337, 0.171511, 0.086776, 0.001628, 0.054423, 0.097806, 0.113657, 0.114522, 0.073488, 0.004627, 0.101252, 0.221045, 0.371631, 0.529470, 0.695354, 0.862419, 1.031371, 1.210076, 1.360761, 1.503764, 1.641066, 1.780094, 1.906131, 2.024159, 2.136284, 2.238131, 2.327926, 2.397254, 2.465872, 2.501558, 2.518089, 2.519636, 2.525487, 2.518367, 2.517432, 2.522710, 2.552410, 2.581199, 2.697674, 2.661283, 2.714480, 2.763237, 2.808148, 2.850187, 2.879402, 2.904374, 2.934903, 2.957151, 2.971217, 2.964590, 2.975265, 2.974523, 2.984767, 2.958863, 2.877133, 2.821020, 2.754085, 2.627908, 2.535561, 2.465613, 2.379370, 2.284190, 2.156659, 2.008874, 1.858118, 1.716836, 1.525228, 1.268324, 0.924370, 0.650445, 0.277995, 0.138295, 0.608629, 1.239901, 1.644727, 2.214543, 2.937240, 3.524885, 3.954117, 4.713472, 5.150448, 5.899320, 6.465278, 7.005169, 7.500032, 7.943553, 8.317717, 8.626986, 8.865219, 9.056142, 9.174407, 9.174487, 9.115787, 9.010788, 8.873125, 8.708901, 8.533478, 8.336940, 8.129533, 7.897455, 7.659656, 7.402046, 7.142748, 6.854154, 6.574003, 6.286084, 5.985115, 5.668113, 5.378380, 5.079451, 4.749534, 4.407265, 4.083282, 3.737444, 3.386394, 3.019309, 2.650452, 2.286675, 1.889843, 1.495598, 1.133507, 0.783577, 0.440391, 0.110225, 0.185068, 0.444310, 0.691324, 0.900782, 1.084058, 1.239424, 1.376149, 1.511189, 1.629520, 1.733174, 1.833515, 1.940167, 2.057029, 2.345744, 2.416199, 2.569546, 2.733552, 2.941525, 3.160924, 3.402362, 3.676936, 3.958365, 4.255624, 4.582599, 4.923576, 5.281079, 5.644131, 6.036177, 6.435944, 6.859610, 7.294875, 7.734955, 8.194692, 8.663012, 9.249676, 9.625888, 10.110376, 10.590089, 11.088345, 11.582690, 12.076210, 12.589049, 13.079165, 13.651347, 14.016874, 14.574792, 14.902065, 15.324921, 15.824805, 16.225130, 16.517624, 16.956630, 17.249662, 17.594093, 17.979230, 18.248216, 18.653978, 19.040665, 19.315815, 19.800041, 20.245601, 20.591789, 21.151115, 21.628697, 22.127599, 22.636050, 23.156942, 23.686039, 24.211195, 24.735244, 25.266157, 25.771461, 26.268987, 26.756645, 27.273400, 27.786890, 28.300174, 28.810088, 29.323672, 29.815132, 30.286769, 30.754290, 31.204082, 31.542441, 31.980467, 32.398275, 32.779813, 33.138564, 33.483840, 33.814809, 34.118827, 34.406557, 34.673661, 34.924972, 35.183138, 35.423900, 35.648526, 35.851760, 36.030171, 36.170751, 36.292538, 36.400560, 36.500505, 36.561902, 36.630645, 36.670875, 36.711748, 36.724553, 36.756004, 36.777029, 36.795455, 36.824425, 36.841638, 36.874362, 36.925031, 36.977726, 37.031230, 37.075952, 37.120999, 37.177469, 37.209665, 37.222881, 37.241072, 37.239845, 37.281897, 37.318547, 37.339309, 37.367001, 37.401188, 37.432286, 37.455154, 37.468797, 37.444812, 37.358228, 37.217058, 36.999175, 36.576356, 36.038705, 35.380303, 34.593699, 33.706958, 32.701955, 31.272371, 30.423211, 29.203096, 27.957444, 26.681808, 25.385454, 24.099631, 22.810077, 21.535463, 20.265530, 19.012098, 17.798057, 16.603267, 15.444365, 14.324169, 13.232820, 11.873907, 11.104493, 10.052152, 9.004945, 7.941340, 6.876786, 5.781287, 4.671551, 3.540309, 2.393586, 1.284311, 0.184318, 0.875491, 1.904575, 3.098726, 3.949117, 4.694656, 5.300824, 5.694709, 6.087649, 6.301136, 6.379515, 6.310831, 6.137750, 6.052671, 5.573501, 5.225007, 4.835791, 4.429158, 4.212264, 3.510004, 3.013736, 2.698344, 1.877401, 1.286599, 0.665929, 0.022192, 0.620712, 1.256558, 1.876223, 2.483839, 3.103147, 3.733180, 4.379837, 5.035405, 5.702895, 6.376561, 7.040039, 7.626731, 8.263451, 8.839803, 9.372726, 9.880676, 10.333280, 10.747997, 11.145463, 11.493878, 11.800452, 12.063115, 12.262498, 12.401197, 12.482176, 12.505753, 12.474016, 12.342911, 12.111349, 11.838377, 11.539786, 11.142528, 10.692302, 10.200048, 9.676504, 9.128137, 8.596752, 8.066124, 7.538313, 7.036133, 6.528461, 6.088723, 5.659990, 5.301704, 4.933454, 4.589161, 4.271454, 3.928554, 3.604454, 3.302043, 3.030586, 2.725183, 2.394930, 2.085618, 1.736795, 1.297012, 0.858712, 0.376061, 0.118242, 0.633339, 1.140409, 1.650058, 2.146793, 2.594456, 3.014921, 3.383903, 3.688577, 3.881633, 3.909110, 3.999463, 4.093309, 4.066520, 4.000033, 3.918135, 3.820712, 3.724470, 3.629758, 3.537110, 3.470478, 3.318562, 3.394096, 3.280975, 3.427249, 3.403572, 3.506099, 3.720374, 3.857675, 3.972475, 4.234639, 4.432821, 4.730324, 5.002289, 5.246543, 5.615047, 5.827979, 6.007173, 6.182126, 6.397402, 6.354065, 6.317411, 6.224363, 6.037358, 5.778308, 5.487051, 5.150090, 4.773234, 4.365651, 3.975409, 3.580526, 3.219149, 2.909183, 2.631210, 2.414906, 2.254039, 2.143226, 2.101588, 2.084316, 2.116682, 2.167427, 2.223806, 2.281202, 2.317591, 2.341138, 2.342031, 2.315544, 2.273617, 2.236472, 2.183542, 
,,,0.010898, 0.030314, 0.044678, 0.062003, 0.076924, 0.088442, 0.099705, 0.111089, 0.122575, 0.134254, 0.145591, 0.157690, 0.174074, 0.190732, 0.207324, 0.223996, 0.240738, 0.257626, 0.276394, 0.290399, 0.307067, 0.323765, 0.340424, 0.357065, 0.373732, 0.390354, 0.407014, 0.423690, 0.440401, 0.457107, 0.473696, 0.490492, 0.507217, 0.523800, 0.541883, 0.557100, 0.573799, 0.590417, 0.607122, 0.623802, 0.640472, 0.657131, 0.673805, 0.690457, 0.707197, 0.723848, 0.740603, 0.757625, 0.774461, 0.791780, 0.807191, 0.823877, 0.840624, 0.857317, 0.873956, 0.890675, 0.907295, 0.923992, 0.940692, 0.957378, 0.974096, 0.990856, 1.007954, 1.024132, 1.042741, 1.057456, 1.074143, 1.090812, 1.107525, 1.124151, 1.140869, 1.157558, 1.174216, 1.190880, 1.207549, 1.224253, 1.241001, 1.258218, 1.274398, 1.292737, 1.307785, 1.324460, 1.341130, 1.357820, 1.374543, 1.391183, 1.407884, 1.424552, 1.441231, 1.457898, 1.474609, 1.491322, 1.508521, 1.524682, 1.542726, 1.558058, 1.576313, 1.591434, 1.608138, 1.624757, 1.641859, 1.658363, 1.674981, 1.691575, 1.708321, 1.725038, 1.741638, 1.759061, 1.775087, 1.794241, 1.810036, 1.825111, 1.841764, 1.858739, 1.875591, 1.891914, 1.908507, 1.925175, 1.941945, 1.958571, 1.976354, 1.992201, 2.010086, 2.025194, 2.043812, 2.058530, 2.075236, 2.092325, 2.108687, 2.125266, 2.141958, 2.158646, 2.179271, 2.191993, 2.209217, 2.225569, 2.242239, 2.259322, 2.275438, 2.293863, 2.308884, 2.325889, 2.342372, 2.358884, 2.375517, 2.392243, 2.408848, 2.425524, 2.442233, 2.459052, 2.475606, 2.492396, 2.509035, 2.525588, 2.543731, 2.558867, 2.575581, 2.592253, 2.608927, 2.625639, 2.642309, 2.658936, 2.676342, 2.692625, 2.709199, 2.725877, 2.742605, 2.759382, 2.775859, 2.793820, 2.809147, 2.825881, 2.842537, 2.859195, 2.876272, 2.892907, 2.909240, 2.925920, 2.942565, 2.959403, 2.976377, 2.993265, 3.009425, 3.026443, 3.045365, 3.059581, 3.076164, 3.092782, 3.109489, 3.126129, 3.142818, 3.159502, 3.176162, 3.192828, 3.209480, 3.226207, 3.242851, 3.259501, 3.276126, 3.294733, 3.309482, 3.326263, 3.343323, 3.360001, 3.376595, 3.393268, 3.409943, 3.426613, 3.443400, 3.461619, 3.477269, 3.493826, 3.510228, 3.526751, 3.544828, 3.560739, 3.577048, 3.593567, 3.610205, 3.626929, 3.648889, 3.660846, 3.680618, 3.693880, 3.710997, 3.727820, 3.743872, 3.764459, 3.777202, 3.795834, 3.810931, 3.827344, 3.843988, 3.860571, 3.877241, 3.893947, 3.910519, 3.927262, 3.944098, 3.960835, 3.978433, 3.994449, 4.011023, 4.027752, 4.045774, 4.061132, 4.077790, 4.094880, 4.111357, 4.127849, 4.144581, 4.161606, 4.178252, 4.194694, 4.211832, 4.228016, 4.244649, 4.261349, 4.277975, 4.296793, 4.311319, 4.327982, 4.344682, 4.361297, 4.377912, 4.394988, 4.411467, 4.428126, 4.444792, 4.461427, 4.478206, 4.494724, 4.511379, 4.528049, 4.546742, 4.561385, 4.579570, 4.594712, 4.611357, 4.627990, 4.644754, 4.661364, 4.678153, 4.694824, 4.711970, 4.729657, 4.744787, 4.761509, 4.778094, 4.796659, 4.811480, 4.828177, 4.844878, 4.861460, 4.878164, 4.894836, 4.911499, 4.928362, 4.944955, 4.961587, 4.978680, 4.995542, 5.015617, 5.028390, 5.046742, 5.061728, 5.078400, 5.095129, 5.112271, 5.129332, 5.145517, 5.162087, 5.178663, 5.195638, 5.211997, 5.228681, 5.245328, 5.262088, 5.278731, 5.296842, 5.312017, 5.328631, 5.345339, 5.362012, 5.378713, 5.395364, 5.412019, 5.428686, 5.445907, 5.462299, 5.478787, 5.495436, 5.512166, 5.528747, 5.546697, 5.563111, 5.578822, 5.595489, 5.612134, 5.628823, 5.645473, 5.662181, 5.678874, 5.695725, 5.712219, 5.728934, 5.745598, 5.762231, 5.778925, 5.797639, 5.812365, 5.828993, 5.845645, 5.862678, 5.879074, 5.895683, 5.912781, 5.929301, 5.946214, 5.964034, 5.979132, 5.995750, 6.012434, 6.029109, 6.047729, 6.062464, 6.079110, 6.095760, 6.112398, 6.129069, 6.147746, 6.162776, 6.179463, 6.196895, 6.213143, 6.229399, 6.246052, 6.262816, 6.279428, 6.297791, 6.312798, 6.329441, 6.346093, 6.366669, 6.379408, 6.396212, 6.412703, 6.429359, 6.446477, 6.462498, 6.479190, 6.495769, 6.512346, 6.528875, 6.545647, 6.563611, 6.579300, 6.595921, 6.612655, 6.629319, 6.646006, 6.662705, 6.679474, 6.696037, 6.712682, 6.729773, 6.746171, 6.762864, 6.779440, 6.796158, 6.814638, 6.829489, 6.846280, 6.862899, 6.879566, 6.896397, 6.912967, 6.929630, 6.947505, 6.963146, 6.985785, 6.997910, 7.014711, 7.030143, 7.046678, 7.064823, 7.080067, 7.096775, 7.113450, 7.130074, 7.148350, 7.163567, 7.180117, 7.197141, 7.213460, 7.230066, 7.246785, 7.263463, 7.280149, 7.298318, 7.315633, 7.330144, 7.346893, 7.363524, 7.380140, 7.396895, 7.413657, 7.430186, 7.446973, 7.463556, 7.480291, 7.496909, 7.513664, 7.530266, 7.546962, 7.565605, 7.580498, 7.597161, 7.613921, 7.630606, 7.647337, 7.664158, 7.680590, 7.697251, 7.717827, 7.730608, 7.747190, 7.763927, 7.780596, 7.797269, 7.815675, 7.830710, 7.847406, 7.864026, 7.880884, 7.897826, 7.914511, 7.931847, 7.947543, 7.964137, 7.980812, 7.997507, 8.014154, 8.030890, 8.047518, 8.065593, 8.080948, 8.097981, 8.114861, 8.131195, 8.148051, 8.165174, 8.181332, 8.197931, 8.214631, 8.231311, 8.247993, 8.264662, 8.282412, 8.298178, 8.316601, 8.334460, 8.348941, 8.365629, 8.382198, 8.398793, 8.415962, 8.432252, 8.448590, 8.465214, 8.481984, 8.498582, 8.515182, 8.532239, 8.548867, 8.566646, 8.582098, 8.598721, 8.615336, 8.632131, 8.648916, 8.665944, 8.682057, 8.699115, 8.715615, 8.732109, 8.748932, 8.765487, 8.782288, 8.798803, 8.817639, 8.832235, 8.848863, 8.865626, 8.882393, 8.899088, 8.916056, 8.932192, 8.948847, 8.965619, 8.982295, 8.998918, 9.015543, 9.032129, 9.049176, 9.067594, 9.082082, 9.098859, 9.115442, 9.132244, 9.152306, 9.165900, 9.182133, 9.198853, 9.216014, 9.232197, 9.248860, 9.265473, 9.282453, 9.298955, 9.317640, 9.332207, 9.348953, 9.365643, 9.382195, 9.398734, 9.415455, 9.432089, 9.448780, 9.465317, 9.483641, 9.498658, 9.515181, 9.531712, 9.548427, 9.564982, 9.583526, 9.598185, 9.614893, 9.632087, 9.648136, 9.665155, 9.683012, 9.698120, 9.714794, 9.731604, 9.748235, 9.765012, 9.781657, 9.798160, 9.814907, 9.831554, 9.849557, 9.864980, 9.881901, 9.899421, 9.915078, 9.931665, 9.948738, 9.965168, 9.981840, 9.998536, 10.015304, 10.031967, 10.048678, 10.065774, 10.082609, 10.100791, 10.115677, 10.132309, 10.148943, 10.165524, 10.182322, 10.198947, 10.215587, 10.232263, 10.253637, 10.266643, 10.282412, 10.299150, 10.315763, 10.332511, 10.350745, 10.365919, 10.383397, 10.399889, 10.415900, 10.432531, 10.449212, 10.466253, 10.482652, 10.499209, 10.516306, 10.532729, 10.549358, 10.566029, 10.582779, 10.601667, 10.616244, 10.633380, 10.649726, 10.666326, 10.683042, 10.699776, 10.716399, 10.733143, 10.749781, 10.766502, 10.783046, 10.799682, 10.816341, 10.833059, 10.851512, 10.866419, 10.883714, 10.899861, 10.916481, 10.933213, 10.949841, 10.966474, 10.983254, 10.999961, 11.017082, 11.034135, 11.050260, 11.066931, 11.085214, 11.101552, 11.116983, 11.133889, 11.150315, 11.167046, 11.185300, 11.200351, 11.217140, 11.233685, 11.250410, 11.267034, 11.283888, 11.300471, 11.317047, 11.333815, 11.352485, 11.367155, 11.384807, 11.400974, 11.417315, 11.433906, 11.450625, 11.467271, 11.483959, 11.500674, 11.517349, 11.533979, 11.550700, 11.567447, 11.584446, 11.603061, 11.617608, 11.634672, 11.650755, 11.667933, 11.684267, 11.700903, 11.717984, 11.734373, 11.750986, 11.767624, 11.784302, 11.800966, 11.817702, 11.834415, 11.852594, 11.868184, 11.884826, 11.900893, 11.917568, 11.934243, 11.950945, 11.967542, 11.984239, 12.000887, 12.017599, 12.034257, 12.051386, 12.067885, 12.084552, 12.102534, 12.117883, 12.134690, 12.151181, 12.167829, 12.184428, 12.201163, 12.217800, 12.234476, 12.251157, 12.271731, 12.284423, 12.301631, 12.318019, 12.334529, 12.353496, 12.368501, 12.384583, 12.401231, 12.417947, 12.434618, 12.451301, 12.467966, 12.484706, 12.501362, 12.517963, 12.534722, 12.551308, 12.568111, 12.584909, 12.603456, 12.618724, 12.635041, 12.651632, 12.668327, 12.684964, 12.701721, 12.718321, 12.736567, 12.751687, 12.768446, 12.785068, 12.801751, 12.818494, 12.836792, 12.854424, 12.868442, 12.885261, 12.901803, 12.918567, 12.935247, 12.951978, 12.968574, 12.985194, 13.001865, 13.022120, 13.035216, 13.051887, 13.068781, 13.085088, 13.101861, 13.120392, 13.134978, 13.151700, 13.168478, 13.185197, 13.201999, 13.218641, 13.235428, 13.252011, 13.268979, 13.285493, 13.302183, 13.318904, 13.335633, 13.352505, 13.370353, 13.385710, 13.402415, 13.419077, 13.435671, 13.452417, 13.469065, 13.485739, 13.502570, 13.520623, 13.535720, 13.552462, 13.569189, 13.585689, 13.603224, 13.622519, 13.635714, 13.652248, 13.669066, 13.686001, 13.702511, 13.719735, 13.736035, 13.756686, 13.769314, 13.785863, 13.802604, 13.819298, 13.836618, 13.852615, 13.869260, 13.887483, 13.902631, 13.919168, 13.935878, 13.952530, 13.969200, 13.985848, 14.002565, 14.019205, 14.035868, 14.052775, 14.069662, 14.086037, 14.103168, 14.119354, 14.137409, 14.152816, 14.169451, 14.186287, 14.203432, 14.221128, 14.236147, 14.252742, 14.269442, 14.286044, 14.302815, 14.321676, 14.336307, 14.352811, 14.369641, 14.387376, 14.402805, 14.419339, 14.435983, 14.452634, 14.469320, 14.489917, 14.502618, 14.519362, 14.535979, 14.553137, 14.569621, 14.586153, 14.603247, 14.619519, 14.638364, 14.652874, 14.669520, 14.686210, 14.702880, 14.719527, 14.736260, 14.753011, 14.769606, 14.786269, 14.802893, 14.819759, 14.836525, 14.853181, 14.869694, 14.888355, 14.902949, 14.919635, 14.936371, 14.953311, 14.970950, 14.987469, 15.002993, 15.019734, 15.036512, 15.053098, 15.070173, 15.086476, 15.103137, 15.119722, 15.138342, 15.154655, 15.169902, 15.186546, 15.203588, 15.220119, 15.236588, 15.253979, 15.271801, 15.286844, 15.303325, 15.320612, 15.337205, 15.353543, 15.370172, 15.388544, 15.403528, 15.420215, 15.436901, 15.453504, 15.470656, 15.486966, 15.503671, 15.520213, 15.536827, 15.553395, 15.570376, 15.586995, 15.603210, 15.619997, 15.636635, 15.658407, 15.670242, 15.686713, 15.703358, 15.719998, 15.736665, 15.753345, 15.769985, 15.786708, 15.803407, 15.820521, 15.836985, 15.853362, 15.870050, 15.886699, 15.903417, 15.921305, 15.937290, 15.953432, 15.970133, 15.986852, 16.004205, 16.020489, 16.037108, 16.053693, 16.070645, 16.087223, 16.103717, 16.120429, 16.137061, 16.153743, 16.172418, 16.187601, 16.203892, 16.220455, 16.237126, 16.254315, 16.270856, 16.287549, 16.304770, 16.321352, 16.337533, 16.354180, 16.371343, 16.387728, 16.404245, 16.422399, 16.437570, 16.454239, 16.470970, 16.487687, 16.504398, 16.521041, 16.537708, 16.554324, 16.571492, 16.589033, 16.604315, 16.620898, 16.637534, 16.654272, 16.672257, 16.687531, 16.704224, 16.720923, 16.739150, 16.754659, 16.771105, 16.787747, 16.804401, 16.821496, 16.837696, 16.854791, 16.871888, 16.888091, 16.904685, 16.922514, 16.938026, 16.954873, 16.971619, 16.988441, 17.007223, 17.021894, 17.038639, 17.055165, 17.072351, 17.088347, 17.105087, 17.121747, 17.138451, 17.155116, 17.173294, 17.188470, 17.205117, 17.221727, 17.238402, 17.255352, 17.271851, 17.289062, 17.305615, 17.321976, 17.338533, 17.355197, 17.371942, 17.388630, 17.405356, 17.423678, 17.438809, 17.455381, 17.472097, 17.488790, 17.505645, 17.522258, 17.539015, 17.556046, 17.572225, 17.588866, 17.605576, 17.622233, 17.639349, 17.655620, 17.675368, 17.689518, 17.705605, 17.722352, 17.738994, 17.755975, 17.772960, 17.791239, 17.805789, 17.822424, 17.839880, 17.856065, 17.872509, 17.889529, 17.905907, 17.922599, 17.941434, 17.955935, 17.972696, 17.989853, 18.006207, 18.022818, 18.039969, 18.056536, 18.072803, 18.089406, 18.106088, 18.123288, 18.139498, 18.156203, 18.172871, 18.191385, 18.206225, 18.223339, 18.239833, 18.256683, 18.273589, 18.290209, 18.306281, 18.323045, 18.339684, 18.356296, 18.372989, 18.389700, 18.406323, 18.422971, 18.441301, 18.456553, 18.472921, 18.489700, 18.506341, 18.522879, 18.540518, 18.556397, 18.573003, 18.589662, 18.606352, 18.623016, 18.639528, 18.658825, 18.672793, 18.689424, 18.707297, 18.722659, 18.739445, 18.756472, 18.772687, 18.790288, 18.806165, 18.822660, 18.839379, 18.855983, 18.872673, 18.889411, 18.906055, 18.922688, 18.939464, 18.957711, 18.976844, 18.989498, 19.006116, 19.023181, 19.040840, 19.056434, 19.073038, 19.089672, 19.106359, 19.123050, 19.139706, 19.156319, 19.173045, 19.189782, 19.208410, 19.223027, 19.239798, 19.256547, 19.273079, 19.290240, 19.306554, 19.323255, 19.339902, 19.356603, 19.373217, 19.389944, 19.406597, 19.423231, 19.439911, 19.458347, 19.473262, 19.490015, 19.506874, 19.523880, 19.540524, 19.556696, 19.573407, 19.590070, 19.606796, 19.623453, 19.640109, 19.656764, 19.673526, 19.690131, 19.708192, 19.723532, 19.740248, 19.757211, 19.773551, 19.791872, 19.807041, 19.823623, 19.840300, 19.856984, 19.873631, 19.890301, 19.907492, 19.925390, 19.940472, 19.959388, 19.973795, 19.991015, 20.007387, 20.026737, 20.040596, 20.057216, 20.073973, 20.090624, 20.107228, 20.123941, 20.140692, 20.157339, 20.174009, 20.190724, 20.209633, 20.224218, 20.240880, 20.258550, 20.274306, 20.290841, 20.307401, 20.324047, 20.340415, 20.357157, 20.373783, 20.390427, 20.407127, 20.423813, 20.440392, 20.457124, 20.475234, 20.490467, 20.507660, 20.523843, 20.540538, 20.557164, 20.573871, 20.590546, 20.607619, 20.624084, 20.641074, 20.657466, 20.674033, 20.690732, 20.707927, 20.725475, 20.740813, 20.758221, 20.774245, 20.790946, 20.807580, 20.824226, 20.840885, 20.857626, 20.874268, 20.890900, 20.907647, 20.924269, 20.940906, 20.957661, 20.976138, 20.992494, 21.008320, 21.024406, 21.041089, 21.057783, 21.074476, 21.091142, 21.107764, 21.124564, 21.142679, 21.157870, 21.174454, 21.191234, 21.207942, 21.226136, 21.241904, 21.258821, 21.274666, 21.291344, 21.307967, 21.324657, 21.341307, 21.357959, 21.374658, 21.391281, 21.407964, 21.428608, 21.441252, 21.458144, 21.476540, 21.491982, 21.508555, 21.524721, 21.541808, 21.558175, 21.574749, 21.591417, 21.608100, 21.624796, 21.641873, 21.658196, 21.674796, 21.691470, 21.708248, 21.726146, 21.741960, 21.758748, 21.774805, 21.791515, 21.808175, 21.824811, 21.841494, 21.858565, 21.875012, 21.891535, 21.908239, 21.924917, 21.941612, 21.958357, 21.976168, 21.991741, 22.008748, 22.024934, 22.041602, 22.058276, 22.074939, 22.091553, 22.108138, 22.124873, 22.141563, 22.158265, 22.174900, 22.191637, 22.208746, 22.227675, 22.242359, 22.258866, 22.275094, 22.291853, 22.308504, 22.325173, 22.341778, 22.358517, 22.375188, 22.391879, 22.410049, 22.425220, 22.441862, 22.458638, 22.477137, 22.491857, 22.508609, 22.525255, 22.541890, 22.558581, 22.575255, 22.591931, 22.610147, 22.625290, 22.642061, 22.658657, 22.675296, 22.692014, 22.708727, 22.727104, 22.742081, 22.762685, 22.775403, 22.792092, 22.808713, 22.825441, 22.842100, 22.858754, 22.875441, 22.892116, 22.908783, 22.925478, 22.942202, 22.958962, 22.978027, 22.992251, 23.008868, 23.025564, 23.042272, 23.059337, 23.075758, 23.092345, 23.109049, 23.125711, 23.142340, 23.159501, 23.175911, 23.192520, 23.209173, 23.228138, 23.243078, 23.259274, 23.275750, 23.292475, 23.309228, 23.325866, 23.342637, 23.359363, 23.375993, 23.392685, 23.409357, 23.426085, 23.442712, 23.459591, 23.477944, 23.493086, 23.509467, 23.526129, 23.542784, 23.559526, 23.576164, 23.592812, 23.609551, 23.626141, 23.643270, 23.660124, 23.676528, 23.693165, 23.709744, 23.729188, 23.743108, 23.759820, 23.776496, 23.793229, 23.809780, 23.826514, 23.843076, 23.859729, 23.876717, 23.893253, 23.909805, 23.927007, 23.943372, 23.962281, 23.976551, 23.995212, 24.009842, 24.026522, 24.043658, 24.059978, 24.077030, 24.093404, 24.110054, 24.126747, 24.143280, 24.159960, 24.178416, 24.193332, 24.210028, 24.227625, 24.245335, 24.260094, 24.276667, 24.293738, 24.310152, 24.330289, 24.343514, 24.360083, 24.376818, 24.393451, 24.410502, 24.426992, 24.443960, 24.460431, 24.477909, 24.495268, 24.510367, 24.526994, 24.543727, 24.560387, 24.577063, 24.594083, 24.610506, 24.627068, 24.643748, 24.660413, 24.677133, 24.693794, 24.710420, 24.727345, 24.745088, 24.760455, 24.777122, 24.793716, 24.810319, 24.827073, 24.843700, 24.860886, 24.877215, 24.894052, 24.910478, 24.927203, 24.943938, 24.960613, 24.977293, 24.995095, 25.010712, 25.028282, 25.045750, 25.060603, 25.077213, 25.093886, 25.111002, 25.127313, 25.143981, 25.160593, 25.177345, 25.193991, 25.211167, 25.227277, 25.245992, 25.260750, 25.277339, 25.294044, 25.310612, 25.327340, 25.344033, 25.360706, 25.377376, 25.394113, 25.410710, 25.427515, 25.444210, 25.460842, 25.477483, 25.495973, 25.510849, 25.527898, 25.544351, 25.560926, 25.577675, 25.594492, 25.611137, 25.628061, 25.645298, 25.661712, 25.678238, 25.695549, 25.712167, 25.728333, 25.746071, 25.761810, 25.778263, 25.794975, 25.813275, 25.828347, 25.844949, 25.862034, 25.878382, 25.894997, 25.911723, 25.929007, 25.947509, 25.961894, 25.978601, 25.997118, 26.011861, 26.028452, 26.045658, 26.061854, 26.078514, 26.095108, 26.111798, 26.128523, 26.145233, 26.161853, 26.182239, 26.197526, 26.211704, 26.228447, 26.247052, 26.261820, 26.278495, 26.295093, 26.311780, 26.328441, 26.345152, 26.362210, 26.378666, 26.395425, 26.412113, 26.428680, 26.445949, 26.462422, 26.479125, 26.498422, 26.512925, 26.529482, 26.546095, 26.562792, 26.579401, 26.596159, 26.612780, 26.629458, 26.646186, 26.662945, 26.679684, 26.696541, 26.712741, 26.730900, 26.747941, 26.762966, 26.779499, 26.797768, 26.812883, 26.829665, 26.846253, 26.862895, 26.879706, 26.896382, 26.913641, 26.929643, 26.946698, 26.967005, 26.979594, 26.997922, 27.013409, 27.030322, 27.046611, 27.063161, 27.079874, 27.096414, 27.113090, 27.130394, 27.146484, 27.163474, 27.179984, 27.196445, 27.213116, 27.229561, 27.246226, 27.263917, 27.279361, 27.296088, 27.312720, 27.329400, 27.347685, 27.362727, 27.379456, 27.396185, 27.412883, 27.429934, 27.446257, 27.464504, 27.479554, 27.496299, 27.514973, 27.529378, 27.545960, 27.562529, 27.579323, 27.596104, 27.612766, 27.629358, 27.646211, 27.663127, 27.680115, 27.700075, 27.712724, 27.729565, 27.746141, 27.765000, 27.779566, 27.796155, 27.812755, 27.829454, 27.846491, 27.863059, 27.879365, 27.895784, 27.912370, 27.929423, 27.945428, 27.962152, 27.978780, 27.995441, 28.012181, 28.030939, 28.045516, 28.062207, 28.078798, 28.095508, 28.112606, 28.129091, 28.145702, 28.162399, 28.179118, 28.195712, 28.212416, 28.229100, 28.245794, 28.263005, 28.281103, 28.295899, 28.312587, 28.329205, 28.345873, 28.362944, 28.379439, 28.396098, 28.412804, 28.429797, 28.446177, 28.462735, 28.479412, 28.496048, 28.512735, 28.530969, 28.546085, 28.562743, 28.579551, 28.596236, 28.613020, 28.629743, 28.646445, 28.663517, 28.680127, 28.696613, 28.713195, 28.729894, 28.746557, 28.763410, 28.781924, 28.796762, 28.813408, 28.830812, 28.847043, 28.864002, 28.880561, 28.897014, 28.914260, 28.930523, 28.946881, 28.963611, 28.980264, 28.996924, 29.013604, 29.031948, 29.046993, 29.063577, 29.080265, 29.096944, 29.113810, 29.130336, 29.147670, 29.164189, 29.180433, 29.197232, 29.213973, 29.230681, 29.247399, 29.264033, 29.282848, 29.297409, 29.314046, 29.330640, 29.347326, 29.363896, 29.380525, 29.397628, 29.414471, 29.430999, 29.447410, 29.463933, 29.480656, 29.497317, 29.514025, 29.532899, 29.547394, 29.564114, 29.580751, 29.599053, 29.614302, 29.631360, 29.648186, 29.664467, 29.681232, 29.697664, 29.714254, 29.730922, 29.747678, 29.764334, 29.783015, 29.797641, 29.814320, 29.831050, 29.847707, 29.866016, 29.881263, 29.897685, 29.914758, 29.931172, 29.947802, 29.964517, 29.981072, 29.997759, 30.014476, 30.032893, 30.048231, 30.064634, 30.081153, 30.098392, 30.114548, 30.131207, 30.147917, 30.164546, 30.181290, 30.197904, 30.218815, 30.231806, 30.248178, 30.264798, 30.283011, 30.298473, 30.314915, 30.331508, 30.348201, 30.364885, 30.381666, 30.398201, 30.414854, 30.431532, 30.448161, 30.464860, 30.481510, 30.498169, 30.514775, 30.532814, 30.548120, 30.564789, 30.581472, 30.598296, 30.614955, 30.632502, 30.648353, 30.664944, 30.681992, 30.698425, 30.714976, 30.731640, 30.748328, 30.764994, 30.783835, 30.798296, 30.814987, 30.831739, 30.848347, 30.865071, 30.881874, 30.898626, 30.915114, 30.931705, 30.948363, 30.965055, 30.981683, 30.998380, 31.015064, 31.033722, 31.048527, 31.065099, 31.081817, 31.098403, 31.115089, 31.131761, 31.148349, 31.165036, 31.181787, 31.198488, 31.215229, 31.231889, 31.248598, 31.265372, 31.283730, 31.298636, 31.315287, 31.332003, 31.348702, 31.365421, 31.382591, 31.398766, 31.415435, 31.432098, 31.448731, 31.465449, 31.482166, 31.499575, 31.515749, 31.533890, 31.548986, 31.565636, 31.582398, 31.599173, 31.615800, 31.632911, 31.649123, 31.665701, 31.682460, 31.699152, 31.715736, 31.732404, 31.749044, 31.767370, 31.784186, 31.799265, 31.815856, 31.832653, 31.849652, 31.866571, 31.883096, 31.899293, 31.916396, 31.932926, 31.949487, 31.966028, 31.982713, 31.999301, 32.016389, 32.036128, 32.049437, 32.066038, 32.082788, 32.099375, 32.116111, 32.133262, 32.149425, 32.166154, 32.182861, 32.199552, 32.216216, 32.232828, 32.249501, 32.266228, 32.282837, 32.301727, 32.316190, 32.332942, 32.352699, 32.366262, 32.382928, 32.399609, 32.416288, 32.432968, 32.449617, 32.466324, 32.482955, 32.499643, 32.516368, 32.532994, 32.551721, 32.566409, 32.583039, 32.599865, 32.616370, 32.633106, 32.650202, 32.666999, 32.683327, 32.700383, 32.716745, 32.733306, 32.750016, 32.767208, 32.783490, 32.801914, 32.816826, 32.833488, 32.850165, 32.867242, 32.883655, 32.900073, 32.916696, 32.933423, 32.950490, 32.966862, 32.983836, 33.000249, 33.016804, 33.033513, 33.051801, 33.067111, 33.083591, 33.100217, 33.117285, 33.133526, 33.150179, 33.166818, 33.183388, 33.200117, 33.217279, 33.233686, 33.250456, 33.267143, 33.283923, 33.301844, 33.317268, 33.334016, 33.350727, 33.367610, 33.384074, 33.401194, 33.417766, 33.434383, 33.450953, 33.467678, 33.484378, 33.501147, 33.517735, 33.534375, 33.552795, 33.567821, 33.584591, 33.601131, 33.617769, 33.635991, 33.651183, 33.667935, 33.684605, 33.701105, 33.717804, 33.734458, 33.751166, 33.769544, 33.784666, 33.802781, 33.819486, 33.835659, 33.852012, 33.868051, 33.884785, 33.901359, 33.918077, 33.934799, 33.951438, 33.968115, 33.984780, 34.001366, 34.018109, 34.034756, 34.054133, 34.068884, 34.085208, 34.102088, 34.118322, 34.138916, 34.151803, 34.168415, 34.185121, 34.201774, 34.218402, 34.235077, 34.251830, 34.269016, 34.285249, 34.303710, 34.318556, 34.335155, 34.352379, 34.368524, 34.385202, 34.401929, 34.418937, 34.435345, 34.451876, 34.468622, 34.485178, 34.501842, 34.518527, 34.535309, 34.553692, 34.568723, 34.586978, 34.602367, 34.618722, 34.635430, 34.651873, 34.668674, 34.685121, 34.703781, 34.718502, 34.735105, 34.752197, 34.768672, 34.785257, 34.803616, 34.818447, 34.835587, 34.851610, 34.872632, 34.885029, 34.901761, 34.918362, 34.935136, 34.951673, 34.968354, 34.985040, 35.001712, 35.018379, 35.034971, 35.051782, 35.069689, 35.085093, 35.101860, 35.118463, 35.135127, 35.151787, 35.168470, 35.185159, 35.201841, 35.218453, 35.235206, 35.251873, 35.268556, 35.285278, 35.301985, 35.320682, 35.335824, 35.351975, 35.368599, 35.385756, 35.402159, 35.418715, 35.435470, 35.452124, 35.468825, 35.485575, 35.502172, 35.518923, 35.535561, 35.552282, 35.570695, 35.585555, 35.602207, 35.619470, 35.636204, 35.652433, 35.669022, 35.685672, 35.702399, 35.719084, 35.735742, 35.752446, 35.769126, 35.785816, 35.802430, 35.820565, 35.835798, 35.852359, 35.869100, 35.885782, 35.902412, 35.919148, 35.935858, 35.952446, 35.969146, 35.985784, 36.002448, 36.019194, 36.035883, 36.053003, 36.071758, 36.086003, 36.102763, 36.119265, 36.136001, 36.152738, 36.169804, 36.186208, 36.202711, 36.219430, 36.236130, 36.252769, 36.269535, 36.286118, 36.302784, 36.319704, 36.337646, 36.352830, 36.369492, 36.386104, 36.402796, 36.419445, 36.436114, 36.452866, 36.469457, 36.486167, 36.502888, 36.519543, 36.536273, 36.552953, 36.571178, 36.587570, 36.602957, 36.619606, 36.636282, 36.653100, 36.669691, 36.686409, 36.703415, 36.719872, 36.736487, 36.753162, 36.769947, 36.786532, 36.803698, 36.820320, 36.839720, 36.853219, 36.869909, 36.886632, 36.903251, 36.919982, 36.937007, 36.953438, 36.970034, 36.986764, 37.003362, 37.020115, 37.036969, 37.053466, 37.070555, 37.087278, 37.105901, 37.120165, 37.136937, 37.156042, 37.170353, 37.187023, 37.203570, 37.220290, 37.237109, 37.253603, 37.270898, 37.287272, 37.304377, 37.320502, 37.337134, 37.355723, 37.370327, 37.387093, 37.403716, 37.420399, 37.437081, 37.453749, 37.470472, 37.487104, 37.504216, 37.520708, 37.537296, 37.553927, 37.570637, 37.587213, 37.605662, 37.620648, 37.637246, 37.653944, 37.670694, 37.687269, 37.703980, 37.720638, 37.737214, 37.754773, 37.770885, 37.787848, 37.804028, 37.820837, 37.839536, 37.855604, 37.871156, 37.887590, 37.904226, 37.920884, 37.937606, 37.954162, 37.970880, 37.987528, 38.004271, 38.020972, 38.038219, 38.054905, 38.071160, 38.087780, 38.106573, 38.121115, 38.137852, 38.154484, 38.171134, 38.187808, 38.204481, 38.221078, 38.237761, 38.255149, 38.271417, 38.288456, 38.304566, 38.321649, 38.337944, 38.356598, 38.371024, 38.387771, 38.405115, 38.421390, 38.437980, 38.454619, 38.471264, 38.487956, 38.504681, 38.521426, 38.538510, 38.554685, 38.571369, 38.588418, 38.606764, 38.621298, 38.637959, 38.654675, 38.671324, 38.688039, 38.706327, 38.721397, 38.738098, 38.755023, 38.771748, 38.788734, 38.804801, 38.821474, 38.838140, 38.856520, 38.871485, 38.888138, 38.904837, 38.921497, 38.938244, 38.954906, 38.973231, 38.988314, 39.005492, 39.021940, 39.038983, 39.055126, 39.071811, 39.088383, 39.106598, 39.121785, 39.138495, 39.155137, 39.171821, 39.188572, 39.205620, 39.221940, 39.238596, 39.255614, 39.272617, 39.291760, 39.305384, 39.322135, 39.338782, 39.357561, 39.372120, 39.388838, 39.405471, 39.422157, 39.438844, 39.455560, 39.472169, 39.489010, 39.505702, 39.522268, 39.539028, 39.555678, 39.572301, 39.589042, 39.607481, 39.622431, 39.639074, 39.655776, 39.672520, 39.689197, 39.705884, 39.722549, 39.739270, 39.756646, 39.772842, 39.789486, 39.806327, 39.822936, 39.839610, 39.858498, 39.872988, 39.889907, 39.906402, 39.923044, 39.939741, 39.956382, 39.973128, 39.989868, 40.007444, 40.023102, 40.039806, 40.056914, 40.073339, 40.089847, 40.108542, 40.123113, 40.140237, 40.156503, 40.173075, 40.189817, 40.206400, 40.223137, 40.240140, 40.257027, 40.273158, 40.289806, 40.306529, 40.323143, 40.341459, 40.358492, 40.373138, 40.389870, 40.406556, 40.423172, 40.439858, 40.456516, 40.473228, 40.489943, 40.507068, 40.524866, 40.539852, 40.556518, 40.573152, 40.589733, 40.606250, 40.624463, 40.639972, 40.656392, 40.673406, 40.689842, 40.706419, 40.723185, 40.744452, 40.757233, 40.773230, 40.789954, 40.806617, 40.823269, 40.839981, 40.856645, 40.874488, 40.889901, 40.906482, 40.923075, 40.939812, 40.956398, 40.973193, 40.989867, 41.006953, 41.023205, 41.039830, 41.056442, 41.073164, 41.089820, 41.106514, 41.124407, 41.139829, 41.156580, 41.173258, 41.189957, 41.206610, 41.223294, 41.240449, 41.257364, 41.273428, 41.290056, 41.306756, 41.323465, 41.340101, 41.356790, 41.375503, 41.390098, 41.406818, 41.423949, 41.440231, 41.456897, 41.473606, 41.490267, 41.507057, 41.523533, 41.540193, 41.556928, 41.573684, 41.590215, 41.606979, 41.625478, 41.640207, 41.656972, 41.673541, 41.690205, 41.706990, 41.723682, 41.740288, 41.757383, 41.773667, 41.790305, 41.806971, 41.823629, 41.840285, 41.857005, 41.875409, 41.890335, 41.907034, 41.923676, 41.940370, 41.957105, 41.973719, 41.990328, 42.007423, 42.023672, 42.040342, 42.057030, 42.073731, 42.090404, 42.107100, 42.125382, 42.140822, 42.157191, 42.173827, 42.190505, 42.207206, 42.223933, 42.240558, 42.257480, 42.273877, 42.290558, 42.307223, 42.324351, 42.340744, 42.357373, 42.375431, 42.392336, 42.407563, 42.424385, 42.441058, 42.457887, 42.474466, 42.491767, 42.507786, 42.524403, 42.541170, 42.557760, 42.574910, 42.591339, 42.607874, 42.626484, 42.641226, 42.659526, 42.674685, 42.691251, 42.708008, 42.724753, 42.741855, 42.758049, 42.774764, 42.791788, 42.808140, 42.824671, 42.841274, 42.857948, 42.879559, 42.891622, 42.908069, 42.925007, 42.941496, 42.958118, 42.974733, 42.991887, 43.008239, 43.024739, 43.041464, 43.058076, 43.074966, 43.091537, 43.108393, 43.125081, 43.143429, 43.158825, 43.175259, 43.191986, 43.208550, 43.225629, 43.242135, 43.258725, 43.275274, 43.292899, 43.308681, 43.325655, 43.342128, 43.358755, 43.375339, 43.393524, 43.408727, 43.425503, 43.442527, 43.458950, 43.476045, 43.492153, 43.508822, 43.525480, 43.542577, 43.558864, 43.575553, 43.592180, 43.608870, 43.625535, 43.643425, 43.658695, 43.675658, 43.692023, 43.708414, 43.725247, 43.741761, 43.758531, 43.775161, 43.791840, 43.808580, 43.825276, 43.841914, 43.858621, 43.875265, 43.893244, 43.908601, 43.925282, 43.942091, 43.958701, 43.976302, 43.992129, 44.008763, 44.025404, 44.042121, 44.058774, 44.075436, 44.092109, 44.108784, 44.125343, 44.143288, 44.158492, 44.175194, 44.191951, 44.208499, 44.225682, 44.241898, 44.258596, 44.275224, 44.291942, 44.308595, 44.325224, 44.341901, 44.358700, 44.375299, 44.393165, 44.409069, 44.425511, 44.442098, 44.458960, 44.475511, 44.492554, 44.509000, 44.525602, 44.542262, 44.558911, 44.575711, 44.592278, 44.610602, 44.625671, 44.644473, 44.659079, 44.675900, 44.692603, 44.709196, 44.725841, 44.742553, 44.759190, 44.775880, 44.792526, 44.809141, 44.825914, 44.842622, 44.859229, 44.875942, 44.894396, 44.909272, 44.926047, 44.942656, 44.959942, 44.976032, 44.992757, 45.011121, 45.026102, 45.042797, 45.059406, 45.076125, 45.092728, 45.109456, 45.126043, 45.144315, 45.159331, 45.176241, 45.192782, 45.209343, 45.226073, 45.242708, 45.259468, 45.276081, 45.292788, 45.309454, 45.326610, 45.343021, 45.359618, 45.380269, 45.394546, 45.409755, 45.426475, 45.443554, 45.459988, 45.476528, 45.493175, 45.509883, 45.526502, 45.543146, 45.559801, 45.576465, 45.593141, 45.609826, 45.626540, 45.645716, 45.660467, 45.676994, 45.693574, 45.709998, 45.726685, 45.743770, 45.760275, 45.776800, 45.793439, 45.810135, 45.826761, 45.843851, 45.860202, 45.876813, 45.895444, 45.910162, 45.926984, 45.944328, 45.960349, 45.976914, 45.993592, 46.010225, 46.027315, 46.043712, 46.060284, 46.077005, 46.093629, 46.110301, 46.126994, 46.145458, 46.160341, 46.177063, 46.194544, 46.210518, 46.227007, 46.243704, 46.260480, 46.277088, 46.293790, 46.310417, 46.327131, 46.344210, 46.360647, 46.377184, 46.395523, 46.413175, 46.433103, 46.446937, 46.460491, 46.477233, 46.493900, 46.510574, 46.527229, 46.543900, 46.560577, 46.577196, 46.593858, 46.610659, 46.627795, 46.645540, 46.660785, 46.677952, 46.694712, 46.710838, 46.727415, 46.744041, 46.760745, 46.777266, 46.794020, 46.810658, 46.827287, 46.844505, 46.860910, 46.877550, 46.896388, 46.910875, 46.927760, 46.944581, 46.960816, 46.977545, 46.994146, 47.010889, 47.027533, 47.044184, 47.060861, 47.077581, 47.094204, 47.110892, 47.127600, 47.146241, 47.161031, 47.177735, 47.194463, 47.211344, 47.227794, 47.244371, 47.261063, 47.277782, 47.294400, 47.311079, 47.327851, 47.344443, 47.361079, 47.377873, 47.396227, 47.411250, 47.427854, 47.444536, 47.461586, 47.478082, 47.494604, 47.511231, 47.527961, 47.544627, 47.561272, 47.577963, 47.594696, 47.611303, 47.628014, 47.646248, 47.661422, 47.678005, 47.696240, 47.711364, 47.728030, 47.744686, 47.761416, 47.778453, 47.794873, 47.811453, 47.828127, 47.845208, 47.861618, 47.878139, 47.896277, 47.911707, 47.928397, 47.944906, 47.961592, 47.978215, 47.994923, 48.011605, 48.028233, 48.044911, 48.061576, 48.078261, 48.094880, 48.111619, 48.130458, 48.146361, 48.161702, 48.178960, 48.194986, 48.211671, 48.228501, 48.245168, 48.262018, 48.278692, 48.295376, 48.312033, 48.328686, 48.345351, 48.362019, 48.383108, 48.397229, 48.412219, 48.428771, 48.445610, 48.462211, 48.479024, 48.495817, 48.512473, 48.529175, 48.545869, 48.562529, 48.579236, 48.595859, 48.612572, 48.629368, 48.647216, 48.663137, 48.679344, 48.695975, 48.712789, 48.729384, 48.746546, 48.763102, 48.779716, 48.796345, 48.812991, 48.829663, 48.846816, 48.863173, 48.879946, 48.898281, 48.913422, 48.929568, 48.946275, 48.962929, 48.979568, 48.996311, 49.013020, 49.029752, 49.046438, 49.063128, 49.080310, 49.096566, 49.113199, 49.129897, 49.148174, 49.163622, 49.180253, 49.196676, 49.213263, 49.229892, 49.246414, 49.263131, 49.279586, 49.296262, 49.312944, 49.329567, 49.346243, 49.363049, 49.379647, 49.396305, 49.415110, 49.430020, 49.446454, 49.463023, 49.479735, 49.496364, 49.513090, 49.529776, 49.546793, 49.563278, 49.579879, 49.596504, 49.613257, 49.630457, 49.646636, 49.663261, 49.681874, 49.697324, 49.713511, 49.730497, 49.746941, 49.763485, 49.780184, 49.796834, 49.813539, 49.830146, 49.846877, 49.863610, 49.880344, 49.897225, 49.914055, 49.932409, 49.946984, 49.963570, 49.981913, 49.996948, 50.013589, 50.030304, 50.046934, 50.063606, 50.080338, 50.096919, 50.113683, 50.130344, 50.147580, 50.163610, 50.182248, 50.197011, 50.214032, 50.230433, 50.248643, 50.263650, 50.280388, 50.296954, 50.313605, 50.330341, 50.346947, 50.363841, 50.380365, 50.397480, 50.413923, 50.432247, 50.447046, 50.463793, 50.480548, 50.497154, 50.513851, 50.530599, 50.547235, 50.567485, 50.580572, 50.597760, 50.614105, 50.630633, 50.648210, 50.664542, 50.682391, 50.697441, 50.714100, 50.730851, 50.747483, 50.764182, 50.780832, 50.797497, 50.814584, 50.830971, 50.847591, 50.864283, 50.881489, 50.897741, 50.914302, 50.932207, 50.947644, 50.964345, 50.981422, 50.997881, 51.014353, 51.031145, 51.047730, 51.064421, 51.081140, 51.097774, 51.114426, 51.131242, 51.147793, 51.164460, 51.183125, 51.197803, 51.214455, 51.231107, 51.247891, 51.264673, 51.281377, 51.298191, 51.314769, 51.331451, 51.348220, 51.364816, 51.381954, 51.398202, 51.414856, 51.433067, 51.448245, 51.464905, 51.481622, 51.498264, 51.514931, 51.531646, 51.548246, 51.565000, 51.581733, 51.598407, 51.615042, 51.632190, 51.648383, 51.665520, 51.683226, 51.698549, 51.715197, 51.731841, 51.748561, 51.765242, 51.781890, 51.799012, 51.815711, 51.832640, 51.848899, 51.865402, 51.882677, 51.898668, 51.915783, 51.934363, 51.950310, 51.965541, 51.982634, 51.998931, 52.015710, 52.032240, 52.048855, 52.065598, 52.082740, 52.099109, 52.116168, 52.132428, 52.149059, 52.167318, 52.184203, 52.199271, 52.216343, 52.232833, 52.249377, 52.269608, 52.282688, 52.299462, 52.316025, 52.332857, 52.349477, 52.366632, 52.382831, 52.399473, 52.416153, 52.434114, 52.449411, 52.466082, 52.482802, 52.499504, 52.516247, 52.532802, 52.549512, 52.566270, 52.583019, 52.599757, 52.616762, 52.632909, 52.649652, 52.666277, 52.684042, 52.699598, 52.716271, 52.733027, 52.749584, 52.766479, 52.783053, 52.799876, 52.816808, 52.833265, 52.849843, 52.867012, 52.883144, 52.899861, 52.916570, 52.935115, 52.949888, 52.966505, 52.983228, 52.999950, 53.016505, 53.033552, 53.050026, 53.066697, 53.083385, 53.100139, 53.118232, 53.133386, 53.150040, 53.166671, 53.185079, 53.200020, 53.216796, 53.233353, 53.251507, 53.266877, 53.283402, 53.300069, 53.316734, 53.333499, 53.350640, 53.366838, 53.383472, 53.400079, 53.416845, 53.434999, 53.450168, 53.466838, 53.483536, 53.500251, 53.516835, 53.533522, 53.550297, 53.567041, 53.588218, 53.600831, 53.617042, 53.633746, 53.650447, 53.667095, 53.685021, 53.700450, 53.717217, 53.733745, 53.750485, 53.767358, 53.783874, 53.800530, 53.817296, 53.833884, 53.851068, 53.867337, 53.884215, 53.901173, 53.917625, 53.936116, 53.951028, 53.967708, 53.984895, 54.001399, 54.017980, 54.034740, 54.051359, 54.068572, 54.085323, 54.101345, 54.119915, 54.134895, 54.151392, 54.168142, 54.188181, 54.201392, 54.218172, 54.234820, 54.251345, 54.268184, 54.284763, 54.301602, 54.321582, 54.335139, 54.352346, 54.368350, 54.384978, 54.401746, 54.418337, 54.435081, 54.453142, 54.468316, 54.485082, 54.501731, 54.518354, 54.534950, 54.551614, 54.568078, 54.585174, 54.601437, 54.618053, 54.634723, 54.651416, 54.667881, 54.684978, 54.701257, 54.720024, 54.734590, 54.751986, 54.768122, 54.784706, 54.801369, 54.818490, 54.834864, 54.851452, 54.868127, 54.884732, 54.901402, 54.918086, 54.934760, 54.951376, 54.971121, 54.984822, 55.001472, 55.018202, 55.034838, 55.051450, 55.068490, 55.084834, 55.101432, 55.118594, 55.135124, 55.153261, 55.168353, 55.184921, 55.201647, 55.218275, 55.237024, 55.251695, 55.268410, 55.285074, 55.301739, 55.318982, 55.335097, 55.351753, 55.368455, 55.385149, 55.401906, 55.420603, 55.435254, 55.451814, 55.468447, 55.486954, 55.502279, 55.518755, 55.535266, 55.551849, 55.568463, 55.585121, 55.601719, 55.618346, 55.635050, 55.651766, 55.668621, 55.685928, 55.702303, 55.718813, 55.737053, 55.752284, 55.768947, 55.786122, 55.802470, 55.819619, 55.836109, 55.852570, 55.869161, 55.885895, 55.902587, 55.919158, 55.935818, 55.952366, 55.968968, 55.985489, 56.004117, 56.018766, 56.035495, 56.052642, 56.069498, 56.085538, 56.102338, 56.119353, 56.135678, 56.152299, 56.168909, 56.185687, 56.202412, 56.219213, 56.235973, 56.254628, 56.269522, 56.286122, 56.302810, 56.319939, 56.336126, 56.354242, 56.369554, 56.386102, 56.402783, 56.419486, 56.436754, 56.452926, 56.469391, 56.486194, 56.504145, 56.520947, 56.536053, 56.553244, 56.569743, 56.586052, 56.603203, 56.619500, 56.636154, 56.652810, 56.669500, 56.686254, 56.702907, 56.719572, 56.736642, 56.755431, 56.769830, 56.786481, 56.806660, 56.820143, 56.836369, 56.853091, 56.869733, 56.886452, 56.903105, 56.919766, 56.936428, 56.953069, 56.969818, 56.986468, 57.004996, 57.019895, 57.036586, 57.053194, 57.070144, 57.086583, 57.103288, 57.119877, 57.136655, 57.153282, 57.169925, 57.186606, 57.203750, 57.220134, 57.236674, 57.255217, 57.270113, 57.287253, 57.303457, 57.320155, 57.336801, 57.353419, 57.370160, 57.386777, 57.403420, 57.420103, 57.436833, 57.453500, 57.470171, 57.486874, 57.504994, 57.520222, 57.537505, 57.553586, 57.570734, 57.587116, 57.603698, 57.620395, 57.637081, 57.653759, 57.670469, 57.687131, 57.703748, 57.720506, 57.737152, 57.756016, 57.772070, 57.787689, 57.804241, 57.820470, 57.837204, 57.853842, 57.870520, 57.887239, 57.903901, 57.920599, 57.938830, 57.954009, 57.970759, 57.987311, 58.005885, 58.020788, 58.037492, 58.054017, 58.070781, 58.087375, 58.104049, 58.120692, 58.137453, 58.154129, 58.174597, 58.187486, 58.204175, 58.220777, 58.237462, 58.255898, 58.270913, 58.287949, 58.304161, 58.320758, 58.337338, 58.354077, 58.370729, 58.387356, 58.404105, 58.421169, 58.437677, 58.454238, 58.470893, 58.487705, 58.505853, 58.520964, 58.538019, 58.554170, 58.570818, 58.587519, 58.604166, 58.620861, 58.637552, 58.654152, 58.670798, 58.687387, 58.703971, 58.720642, 58.737811, 
12, 20, 0, 1.405446, 1.428725, 1.461656, 1.493389, 1.545056, 1.617077, 1.690443, 1.778607, 1.885274, 1.993646, 2.121395, 2.252708, 2.457413, 2.714711, 3.000010, 3.312827, 3.650225, 4.010479, 4.391519, 4.792972, 5.208769, 5.622898, 6.034809, 6.439639, 6.817096, 7.097784, 7.346399, 7.553788, 7.735331, 7.858978, 7.925293, 7.933306, 7.867288, 7.532370, 7.519479, 7.248823, 6.928620, 6.552262, 6.163105, 5.779840, 5.370400, 4.968203, 4.575755, 4.197051, 3.827853, 3.466868, 3.118460, 2.780298, 2.221427, 2.105944, 1.789731, 1.482034, 1.006550, 0.755019, 0.526678, 0.313765, 0.184533, 0.023519, 0.176931, 0.318115, 0.468478, 0.594318, 0.717903, 0.825385, 0.903761, 0.953076, 0.981318, 0.985556, 0.996720, 1.000765, 1.006866, 0.996136, 0.988795, 0.979619, 1.012482, 1.022943, 1.042934, 1.056778, 1.074285, 1.087381, 1.094680, 1.106650, 1.126188, 1.114847, 1.159812, 1.169125, 1.161453, 1.161120, 1.159411, 1.155485, 1.165137, 1.192002, 1.227558, 1.270197, 1.313440, 1.366678, 1.421707, 1.476750, 1.565428, 1.627751, 1.689737, 1.733545, 1.818852, 1.894724, 1.991683, 2.093343, 2.190155, 2.299570, 2.521145, 2.531117, 2.650453, 2.777710, 2.875020, 2.973998, 3.043679, 3.101836, 3.157050, 3.196095, 3.232905, 3.240756, 3.236039, 3.195793, 3.149276, 3.051679, 2.940821, 2.826963, 2.669760, 2.510963, 2.355848, 2.201031, 2.041003, 1.868753, 1.716881, 1.559366, 1.374301, 1.170055, 1.007744, 0.862416, 0.718400, 0.575915, 0.434386, 0.294520, 0.197271, 0.143068, 0.145113, 0.159880, 0.243461, 0.261687, 0.349906, 0.445477, 0.568910, 0.695749, 0.816218, 1.027782, 1.175518, 1.230715, 1.459148, 1.666881, 1.832758, 1.913484, 2.145543, 2.312962, 2.469420, 2.623703, 2.762426, 2.903748, 3.050288, 3.191503, 3.285997, 3.428400, 3.602237, 3.783921, 3.973421, 4.168940, 4.308551, 4.529869, 4.763379, 4.988034, 5.225214, 5.461449, 5.705320, 5.907799, 6.108137, 6.307466, 6.508500, 6.710993, 6.906780, 7.065084, 7.142617, 7.181361, 7.173676, 7.115250, 7.017659, 6.872756, 6.694028, 6.480400, 6.227328, 5.935318, 5.616760, 5.283051, 4.912716, 4.520467, 4.115508, 3.691787, 3.265340, 2.842849, 2.443470, 2.044162, 1.659328, 1.283597, 0.921249, 0.587446, 0.279382, 0.006547, 0.204669, 0.375903, 0.501126, 0.580109, 0.612381, 0.612842, 0.579362, 0.534299, 0.517187, 0.476522, 0.445248, 0.404293, 0.351658, 0.304729, 0.256265, 0.216340, 0.188066, 0.154168, 0.125056, 0.140691, 0.135903, 0.135321, 0.149719, 0.166836, 0.193455, 0.202067, 0.226161, 0.243748, 0.263944, 0.356175, 0.313651, 0.335302, 0.389942, 0.385231, 0.414839, 0.443276, 0.480052, 0.496488, 0.528356, 0.548704, 0.538154, 0.531537, 0.522308, 0.498094, 0.531549, 0.448210, 0.419727, 0.389663, 0.350802, 0.306135, 0.260496, 0.230990, 0.191682, 0.156481, 0.118406, 0.091260, 0.055542, 0.031781, 0.085070, 0.080073, 0.007213, 0.073089, 0.067847, 0.013200, 0.077947, 0.004214, 0.009505, 0.068462, 0.025252, 0.003616, 0.027613, 0.124065, 0.089818, 0.128239, 0.158647, 0.184033, 0.187704, 0.177790, 0.171216, 0.173554, 0.176813, 0.169640, 0.163637, 0.173942, 0.178490, 0.206472, 0.233411, 0.265235, 0.309963, 0.357120, 0.387767, 0.409075, 0.410210, 0.415886, 0.406324, 0.399047, 0.353025, 0.274424, 0.192263, 0.088505, 0.021655, 0.137693, 0.280210, 0.420866, 0.540937, 0.653305, 0.743594, 0.812456, 0.889583, 0.917176, 0.908140, 0.888004, 0.842790, 0.756490, 0.643661, 0.510552, 0.373172, 0.231771, 0.079402, 0.094930, 0.276607, 0.462927, 0.622061, 0.812400, 0.940458, 1.095006, 1.238755, 1.389404, 1.518253, 1.629050, 1.743950, 1.847719, 1.936673, 2.007127, 2.043840, 2.068711, 2.084889, 2.051237, 2.021209, 1.971818, 1.937343, 1.854397, 1.783261, 1.681815, 1.603719, 1.511283, 1.391384, 1.198721, 1.149142, 0.869494, 0.870878, 0.716784, 0.535474, 0.336515, 0.123766, 0.102685, 0.311914, 0.515311, 0.697597, 0.849033, 0.976695, 1.071048, 1.134800, 1.180262, 1.332418, 1.251364, 1.348744, 1.245928, 1.289015, 1.173228, 1.119823, 1.142791, 1.024625, 0.975809, 1.037590, 0.927450, 0.992554, 0.968316, 0.859884, 0.902713, 0.864974, 0.836838, 0.778696, 0.723242, 0.663192, 0.599617, 0.536668, 0.463838, 0.407018, 0.346255, 0.295635, 0.247162, 0.227073, 0.216945, 0.209706, 0.206552, 0.231137, 0.254501, 0.275011, 0.319892, 0.369659, 0.413757, 0.461726, 0.471919, 0.526511, 0.563029, 0.573396, 0.557076, 0.521894, 0.465936, 0.411702, 0.366959, 0.336597, 0.276925, 0.282302, 0.298837, 0.334297, 0.374113, 0.415554, 0.499868, 0.566481, 0.630479, 0.702771, 0.804504, 0.900263, 1.022173, 1.179079, 1.446669, 1.576623, 1.803255, 2.054421, 2.338139, 2.637107, 2.952793, 3.278727, 3.629075, 3.999906, 4.378663, 4.767144, 5.178490, 5.724502, 6.052869, 6.516101, 6.945162, 7.364068, 7.768958, 8.153208, 8.501506, 8.809946, 9.064996, 9.263045, 9.435118, 9.564447, 9.597119, 9.555779, 9.329292, 9.219828, 8.941308, 8.574710, 8.138912, 7.617724, 7.035988, 6.412039, 5.750388, 4.801724, 4.346776, 3.624607, 2.901489, 2.203174, 1.521484, 0.878796, 0.060612, 0.255374, 0.742820, 1.337490, 1.566114, 1.895992, 2.165126, 2.370699, 2.549809, 2.661683, 2.734680, 2.788179, 2.789729, 2.746564, 2.694234, 2.658410, 2.587812, 2.497248, 2.440231, 2.353347, 2.262489, 2.166970, 2.059482, 1.932952, 1.760514, 1.582534, 1.465193, 1.368478, 1.271197, 1.146090, 1.038330, 0.953148, 0.865521, 0.778951, 0.696105, 0.614310, 0.537853, 0.487474, 0.462047, 0.451960, 0.431981, 0.407009, 0.398109, 0.371286, 0.356455, 0.356265, 0.372647, 0.421174, 0.484287, 0.551456, 0.650487, 0.731451, 0.823591, 0.927799, 1.066468, 1.237053, 1.423326, 1.621499, 1.820442, 2.034655, 2.254149, 2.468251, 2.679262, 2.893479, 3.116179, 3.340984, 3.567935, 3.793947, 4.007538, 4.194509, 4.331895, 4.439066, 4.533223, 4.618769, 4.683691, 4.707150, 4.692101, 4.639600, 4.540955, 4.416667, 4.276935, 4.126927, 3.955143, 3.770758, 3.570985, 3.363178, 3.179157, 2.935244, 2.707537, 2.483676, 2.257653, 2.006640, 1.761053, 1.519216, 1.270101, 1.045237, 0.688114, 0.605086, 0.391411, 0.193095, 0.042017, 0.096518, 0.229087, 0.346024, 0.450444, 0.535418, 0.670373, 0.744624, 0.706105, 0.744658, 0.764668, 0.775820, 0.770916, 0.737704, 0.699885, 0.642782, 0.556525, 0.463562, 0.361241, 0.213118, 0.103529, 0.042676, 0.204003, 0.347057, 0.511371, 0.637102, 0.762404, 0.914679, 0.996897, 1.112990, 1.246729, 1.299361, 1.357999, 1.463283, 1.447472, 1.485642, 1.492607, 1.484087, 1.461594, 1.422812, 1.373242, 1.321705, 1.249726, 1.159115, 1.086712, 0.998660, 0.903620, 0.823068, 0.754984, 0.679006, 0.626271, 0.575193, 0.537837, 0.484886, 0.454888, 0.415369, 0.383050, 0.349536, 0.349055, 0.307986, 0.296737, 0.290437, 0.298386, 0.260276, 0.270179, 0.251159, 0.235666, 0.216751, 0.185101, 0.161575, 0.123430, 0.086308, 0.038578, 0.009660, 0.070216, 0.104143, 0.137270, 0.250671, 0.286274, 0.278987, 0.285067, 0.286237, 0.287982, 0.282444, 0.283666, 0.286851, 0.288826, 0.274121, 0.262930, 0.253561, 0.243179, 0.247668, 0.254586, 0.249544, 0.248472, 0.265463, 0.282352, 0.286612, 0.328888, 0.279382, 0.279295, 0.272988, 0.266086, 0.292466, 0.308804, 0.338383, 0.383323, 0.436874, 0.558546, 0.555638, 0.606429, 0.657356, 0.699547, 0.818819, 0.792928, 0.846912, 0.861914, 0.911619, 0.926603, 0.942512, 0.948741, 0.949510, 0.952671, 0.947036, 0.933839, 0.911989, 0.880905, 0.894614, 0.847473, 0.749196, 0.723469, 0.613086, 0.536218, 0.508556, 0.373079, 0.306565, 0.205655, 0.064598, 0.010589, 0.123046, 0.263972, 0.335097, 0.437819, 0.548786, 0.646359, 0.745797, 0.855783, 0.955219, 1.055234, 1.139760, 1.195966, 1.268758, 1.317611, 1.351761, 1.384696, 1.394173, 1.411463, 1.421711, 1.430827, 1.445149, 1.450429, 1.447427, 1.459969, 1.481820, 1.501518, 1.512805, 1.518812, 1.502638, 1.490630, 1.467605, 1.454683, 1.392528, 1.336820, 1.257850, 1.183407, 1.097504, 1.006395, 0.931180, 0.871467, 0.802728, 0.746402, 0.701066, 0.659224, 0.603471, 0.533834, 0.482733, 0.406916, 0.328215, 0.226638, 0.125844, 0.030751, 0.073237, 0.166125, 0.226736, 0.274856, 0.308620, 0.295081, 0.259213, 0.215106, 0.143689, 0.073468, 0.030678, 0.159986, 0.274867, 0.409751, 0.542509, 0.671811, 0.797106, 0.918992, 1.023663, 1.096374, 1.193415, 1.276969, 1.360557, 1.436702, 1.505764, 1.580454, 1.643705, 1.712970, 1.700679, 1.851164, 1.911580, 1.977207, 2.030474, 2.079700, 2.121433, 2.166987, 2.197131, 2.220534, 2.243421, 2.251996, 2.254581, 2.278552, 2.283619, 2.191705, 2.317087, 2.348387, 2.371534, 2.406243, 2.440719, 2.479893, 2.501885, 2.523815, 2.529520, 2.522585, 2.523797, 2.486725, 2.452288, 2.406351, 2.221305, 2.190315, 2.224894, 2.146560, 1.905580, 1.945583, 1.821898, 1.536060, 1.557399, 1.367012, 1.016526, 0.822176, 0.790706, 0.457444, 0.248060, 0.072957, 0.073953, 0.207568, 0.323361, 0.431427, 0.526175, 0.605776, 0.621525, 0.777890, 0.874564, 0.965453, 1.049443, 1.130893, 1.203477, 1.278218, 1.339167, 1.387720, 1.434319, 1.457358, 1.491192, 1.521919, 1.553555, 1.590902, 1.627495, 1.659656, 1.710464, 1.792780, 1.874796, 1.957372, 2.047642, 2.131886, 2.193744, 2.246778, 2.269773, 2.278797, 2.283409, 2.267081, 2.223519, 2.157403, 2.092299, 2.034487, 1.942841, 1.865187, 1.776028, 1.671500, 1.612969, 1.426008, 1.287577, 1.153212, 1.003181, 0.833131, 0.701248, 0.545030, 0.395390, 0.245966, 0.108756, 0.015804, 0.121117, 0.218564, 0.291112, 0.284117, 0.393331, 0.421791, 0.379596, 0.376625, 0.280479, 0.291529, 0.204369, 0.109897, 0.009538, 0.089505, 0.195799, 0.289926, 0.386949, 0.468365, 0.664549, 0.694995, 0.751673, 0.805865, 0.844881, 0.797417, 0.832016, 0.850492, 0.775984, 0.718981, 0.651778, 0.582318, 0.482304, 0.357869, 0.258559, 0.085563, 0.025647, 0.146797, 0.274453, 0.393476, 0.542769, 0.635939, 0.666472, 0.746850, 0.706618, 0.724600, 0.793393, 0.717486, 0.722548, 0.801753, 0.725016, 0.728180, 0.769169, 0.768666, 0.779655, 0.777679, 0.797395, 0.806067, 0.814182, 0.837108, 0.856916, 0.868936, 0.877887, 0.897936, 0.890125, 0.877624, 0.868864, 0.835777, 0.796662, 0.752041, 0.701810, 0.641770, 0.603181, 0.576520, 0.548400, 0.528212, 0.490400, 0.481956, 0.462704, 0.441577, 0.417605, 0.388794, 0.373841, 0.349843, 0.325452, 0.293858, 0.274205, 0.245215, 0.214979, 0.189784, 0.154802, 0.112894, 0.080592, 0.057790, 0.048275, 0.043125, 0.058185, 0.068728, 0.078921, 0.107611, 0.130211, 0.155592, 0.186269, 0.195498, 0.211631, 0.214954, 0.225090, 0.212064, 0.205966, 0.180890, 0.152835, 0.114668, 0.005695, 0.014575, 0.035505, 0.100969, 0.160744, 0.206681, 0.278448, 0.338663, 0.436200, 0.458433, 0.514400, 0.560199, 0.606824, 0.640827, 0.658276, 0.683901, 0.750468, 0.706970, 0.718025, 0.727234, 0.747478, 0.762409, 0.774109, 0.790471, 0.806308, 0.809556, 0.826675, 0.829992, 0.859839, 0.848720, 0.822341, 0.814376, 0.715024, 0.638674, 0.557619, 0.466957, 0.379334, 0.268766, 0.155785, 0.051703, 0.062987, 0.169660, 0.266118, 0.373056, 0.474558, 0.560631, 0.616920, 0.732732, 0.793304, 0.838694, 0.863651, 0.886044, 0.889085, 0.814293, 0.830561, 0.762686, 0.652853, 0.620135, 0.525123, 0.336863, 0.187555, 0.015949, 0.246239, 0.498189, 0.774285, 1.081908, 1.399194, 1.744225, 2.080079, 2.416864, 2.756669, 3.085720, 3.396646, 3.704046, 3.989887, 4.270422, 4.524893, 4.780733, 4.992493, 5.168591, 5.302551, 5.374297, 5.371979, 5.319552, 5.179696, 4.974403, 4.733527, 4.449926, 4.122122, 3.765464, 3.382816, 2.970529, 2.550546, 2.126171, 1.694977, 1.281227, 0.864747, 0.491912, 0.152743, 0.152250, 0.418996, 0.626638, 0.805590, 0.947421, 1.062953, 1.143104, 1.209509, 1.265576, 1.318284, 1.359934, 1.393778, 1.442798, 1.423220, 1.411558, 1.394118, 1.343950, 1.281536, 1.201511, 1.107870, 0.985737, 0.853882, 0.769511, 0.652838, 0.566476, 0.500489, 0.428706, 0.367083, 0.319194, 0.272980, 0.221132, 0.168120, 0.118257, 0.065875, 0.027688, 0.034335, 0.073216, 0.051201, 0.140860, 0.179732, 0.225620, 0.268037, 0.293878, 0.347401, 0.377984, 0.414159, 0.434251, 0.457541, 0.443559, 0.526775, 0.551301, 0.580304, 0.516696, 0.521810, 0.596681, 0.581312, 0.454282, 0.510346, 0.463765, 0.330651, 0.268912, 0.233314, 0.148628, 0.120153, 0.078041, 0.039632, 0.004394, 0.023884, 0.037151, 0.020630, 0.046749, 0.035164, 0.019743, 0.024599, 0.069920, 0.136887, 0.217713, 0.318380, 0.408777, 0.498023, 0.564019, 0.639100, 0.691330, 0.748765, 0.798310, 0.836398, 0.861216, 0.877353, 0.897989, 0.920056, 0.931456, 0.911204, 0.891621, 0.849954, 0.780115, 0.698510, 0.609394, 0.480123, 0.335000, 0.175303, 0.017563, 0.135887, 0.294219, 0.444430, 0.609976, 0.770543, 0.936146, 1.093770, 1.253092, 1.438500, 1.610678, 1.784290, 1.941739, 2.091148, 2.208316, 2.300205, 2.374528, 2.430827, 2.480660, 2.488550, 2.486347, 2.472325, 2.454627, 2.427016, 2.414924, 2.385436, 2.372140, 2.347249, 2.304135, 2.263812, 2.208759, 2.153059, 2.103739, 2.024016, 1.954533, 1.882223, 1.793974, 1.708384, 1.600340, 1.499737, 1.931496, 1.836529, 1.886168, 1.691919, 1.596789, 1.508330, 1.442882, 1.390876, 1.326615, 1.283040, 1.244219, 1.296133, 1.272814, 1.118458, 1.101305, 1.223373, 1.096517, 1.246788, 1.264619, 1.150319, 1.173515, 1.333302, 1.211862, 1.355049, 1.303509, 1.341166, 1.315814, 1.285130, 1.291047, 1.270824, 1.244464, 1.221503, 1.203847, 1.195262, 1.206988, 1.242684, 1.301940, 1.352625, 1.413390, 1.472446, 1.513506, 1.544341, 1.561946, 1.550653, 1.530828, 1.484317, 1.435684, 1.375821, 1.306306, 1.221170, 1.135907, 1.049639, 0.962787, 0.871756, 0.806114, 0.739023, 0.676950, 0.628376, 0.575101, 0.528002, 0.499819, 0.466428, 0.433775, 0.428177, 0.403596, 0.386427, 0.359802, 0.346529, 0.340391, 0.337388, 0.324715, 0.335796, 0.366124, 0.407185, 0.452167, 0.523345, 0.601153, 0.704231, 0.817839, 0.939308, 1.059245, 1.165637, 1.301503, 1.408377, 1.497769, 1.575874, 1.641190, 1.699171, 1.729215, 1.761335, 1.768193, 1.765412, 1.828801, 1.721185, 1.681723, 1.630970, 1.573720, 1.508362, 1.422834, 1.325919, 1.210368, 1.100564, 0.979470, 0.844324, 0.714367, 0.581376, 0.463672, 0.377434, 0.217103, 0.100171, 0.011476, 0.120086, 0.231914, 0.339638, 0.414893, 0.523639, 0.646605, 0.742153, 0.879069, 0.963284, 1.005916, 1.112607, 1.111605, 1.164970, 1.255148, 1.217311, 1.213892, 1.271241, 1.180375, 1.152877, 1.179952, 1.054471, 0.990222, 0.924965, 0.852097, 0.784129, 0.699241, 0.609751, 0.509487, 0.402784, 0.267827, 0.129548, 0.002447, 0.143593, 0.257903, 0.376615, 0.470195, 0.549781, 0.610486, 0.678367, 0.745451, 0.792396, 0.837493, 0.884306, 0.924388, 0.948941, 0.981267, 1.006052, 1.022810, 1.033939, 1.062972, 1.083827, 1.113819, 1.138337, 1.173452, 1.206503, 1.242142, 1.299809, 1.344005, 1.384531, 1.409504, 1.456852, 1.489816, 1.516469, 1.546043, 1.577724, 1.599449, 1.610940, 1.615152, 1.612697, 1.615807, 1.617758, 1.605893, 1.610597, 1.600502, 1.588310, 1.575025, 1.570965, 1.554187, 1.541364, 1.515319, 1.494902, 1.478246, 1.472286, 1.454946, 1.424149, 1.321137, 1.277433, 1.181447, 1.088418, 0.947192, 0.822067, 0.659018, 0.487978, 0.323478, 0.183558, 0.039195, 0.109315, 0.253942, 0.400645, 0.560493, 0.717022, 0.870127, 1.016751, 1.166678, 1.326008, 1.488084, 1.650323, 1.787533, 1.909373, 2.045208, 2.185922, 2.303023, 2.421627, 2.474480, 2.530076, 2.546582, 2.536628, 2.460097, 2.469368, 2.415536, 2.340709, 2.174146, 2.070346, 1.962926, 1.824725, 1.779281, 1.643964, 1.416318, 1.362431, 1.113601, 0.958052, 0.897349, 0.642242, 0.476137, 0.407338, 0.122966, 0.040809, 0.210303, 0.364098, 0.523520, 0.672062, 0.806686, 0.929816, 1.037663, 1.130585, 1.222881, 1.289452, 1.347417, 1.388147, 1.411159, 1.428437, 1.412347, 1.382576, 1.328216, 1.289375, 1.244439, 1.201375, 1.163055, 1.114833, 1.061975, 1.023690, 1.003238, 0.970533, 0.953825, 0.942155, 0.928019, 0.914841, 0.907859, 0.895669, 0.882294, 0.859793, 0.833249, 0.789659, 0.741195, 0.684594, 0.591002, 0.529375, 0.459021, 0.384175, 0.303657, 0.230771, 0.161210, 0.093376, 0.034732, 0.026970, 0.084620, 0.135355, 0.184413, 0.242440, 0.298793, 0.348768, 0.394330, 0.439224, 0.487800, 0.541198, 0.582597, 0.617742, 0.657902, 0.685362, 0.721840, 0.746349, 0.758986, 0.771743, 0.778732, 0.779313, 0.774801, 0.768587, 0.692100, 0.729151, 0.702031, 0.663975, 0.622914, 0.563151, 0.477207, 0.395103, 0.316990, 0.218371, 0.111997, 0.005630, 0.107025, 0.234400, 0.358045, 0.587375, 0.621260, 0.775408, 0.935837, 1.106277, 1.268367, 1.447752, 1.618004, 1.798955, 1.961219, 2.130214, 2.289511, 2.471309, 2.621769, 2.747706, 2.961514, 2.954353, 3.116581, 3.168633, 3.209339, 3.250516, 3.269009, 3.207647, 3.293474, 3.231241, 3.231092, 3.278357, 3.244937, 3.204691, 3.141249, 3.027986, 3.004516, 2.923361, 2.821370, 2.711826, 2.609883, 2.509526, 2.393232, 2.279290, 2.125166, 2.008786, 1.896373, 1.771925, 1.646589, 1.525043, 1.413205, 1.319224, 1.238541, 1.172983, 1.128235, 1.101762, 1.072123, 1.040625, 0.999627, 0.953567, 0.905666, 0.856907, 0.820665, 0.730930, 0.755329, 0.727889, 0.712191, 0.687438, 0.684449, 0.653248, 0.630068, 0.583839, 0.523317, 0.455594, 0.380727, 0.306292, 0.235657, 0.159283, 0.085040, 0.003054, 0.075196, 0.154681, 0.229756, 0.305212, 0.367951, 0.417133, 0.473457, 0.519512, 0.572820, 0.611584, 0.645731, 0.656838, 0.663123, 0.650130, 0.619505, 0.585678, 0.451069, 0.456791, 0.373689, 0.284859, 0.176839, 0.064718, 0.028632, 0.132120, 0.237147, 0.350754, 0.471333, 0.673176, 0.717078, 0.816725, 0.902919, 0.987120, 1.153129, 1.109837, 1.161147, 1.175945, 1.178943, 1.172297, 1.134310, 1.088822, 1.019198, 0.937399, 0.835003, 0.727493, 0.616303, 0.502439, 0.381567, 0.304790, 0.155148, 0.080009, 0.066815, 0.190373, 0.275436, 0.439705, 0.536997, 0.628457, 0.785318, 0.882279, 0.928581, 1.055185, 1.057715, 1.103233, 1.131543, 1.138284, 1.126741, 1.111416, 1.078100, 1.043994, 1.026664, 0.951593, 0.928588, 0.845026, 0.786814, 0.730585, 0.691432, 0.657366, 0.626880, 0.597193, 0.588876, 0.594909, 0.583880, 0.576354, 0.559876, 0.548342, 0.544462, 0.531070, 0.522001, 0.531740, 0.547048, 0.561688, 0.583367, 0.625797, 0.661809, 0.706827, 0.748347, 0.810249, 0.867146, 0.928078, 0.969150, 0.997092, 1.018728, 1.027652, 1.019783, 0.966863, 0.898005, 0.810095, 0.694143, 0.574366, 0.417842, 0.238031, 0.056148, 0.140455, 0.332855, 0.503383, 0.646652, 0.758957, 0.833756, 0.862707, 0.891085, 0.897241, 0.892729, 0.883856, 0.937525, 0.875782, 0.839674, 0.786788, 0.699363, 0.587622, 0.472095, 0.308378, 0.121351, 0.028205, 0.232471, 0.379988, 0.498903, 0.660485, 0.765426, 0.841549, 0.822706, 0.903178, 0.891548, 0.846319, 0.788172, 0.696228, 0.600983, 0.508228, 0.396067, 0.280613, 0.177636, 0.075519, 0.014837, 0.224890, 0.228561, 0.437955, 0.440292, 0.560494, 0.671088, 0.779775, 0.885900, 0.984406, 1.180417, 1.160773, 1.299964, 1.346021, 1.290794, 1.358205, 1.283466, 1.255787, 1.254849, 1.125427, 1.086975, 0.978541, 0.807467, 0.740927, 0.634759, 0.524812, 0.418027, 0.295593, 0.199500, 0.111606, 0.024599, 0.052794, 0.147316, 0.228563, 0.316757, 0.400960, 0.469351, 0.525621, 0.557999, 0.571394, 0.568147, 0.552761, 0.532240, 0.500578, 0.473335, 0.437322, 0.401265, 0.363765, 0.329106, 0.295102, 0.262464, 0.218792, 0.168334, 0.117485, 0.071712, 0.010855, 0.024511, 0.064557, 0.100226, 0.137973, 0.168582, 0.211447, 0.268868, 0.312179, 0.349308, 0.376136, 0.417368, 0.439942, 0.470033, 0.496560, 0.537824, 0.576893, 0.613771, 0.648019, 0.672987, 0.697034, 0.733201, 0.740495, 0.734612, 0.724045, 0.702572, 0.684614, 0.652263, 0.608461, 0.565333, 0.520626, 0.476273, 0.415468, 0.371787, 0.322155, 0.261383, 0.217058, 0.186220, 0.196236, 0.130987, 0.097055, 0.077115, 0.043056, 0.016834, 0.020629, 0.062705, 0.093837, 0.131988, 0.156368, 0.177612, 0.185526, 0.182405, 0.173605, 0.095421, 0.130703, 0.091913, 0.066073, 0.019451, 0.019769, 0.109189, 0.077402, 0.102876, 0.184141, 0.158579, 0.241440, 0.253225, 0.212618, 0.270015, 0.290577, 0.298550, 0.300711, 0.316547, 0.322785, 0.333728, 0.367686, 0.408348, 0.463593, 0.536284, 0.615091, 0.701983, 0.786885, 0.875931, 0.947747, 1.016444, 1.082452, 1.123052, 1.160270, 1.204939, 1.244698, 1.280051, 1.324522, 1.363669, 1.404305, 1.432929, 1.468265, 1.497090, 1.518311, 1.519142, 1.517068, 1.513233, 1.510600, 1.456456, 1.376390, 1.335216, 1.291692, 1.223837, 1.164577, 1.139158, 1.133819, 1.123575, 1.129540, 1.139641, 1.113446, 1.103550, 1.106350, 1.115703, 1.124981, 1.176183, 1.232494, 1.310421, 1.400004, 1.523603, 1.651106, 1.824142, 1.967156, 2.122945, 2.303200, 2.492313, 2.684317, 2.880060, 3.024986, 3.194243, 3.289264, 3.366231, 3.412905, 3.451861, 3.457407, 3.468926, 3.452804, 3.415870, 3.354706, 3.278781, 3.115036, 3.058527, 2.847159, 2.809133, 2.660595, 2.484174, 2.333929, 2.157679, 1.977998, 1.801987, 1.609169, 1.453989, 1.296007, 1.145710, 0.993794, 0.874370, 0.767118, 0.577177, 0.559747, 0.470464, 0.381992, 0.312645, 0.253483, 0.143131, 0.155432, 0.117735, 0.085511, 0.029641, 0.004821, 0.043767, 0.089934, 0.120533, 0.192089, 0.140448, 0.134437, 0.115586, 0.094100, 0.065969, 0.036893, 0.023297, 0.007907, 0.011902, 0.054940, 0.033524, 0.117796, 0.160325, 0.147020, 0.201840, 0.295429, 0.295820, 0.393911, 0.417123, 0.490518, 0.601846, 0.657445, 0.735735, 0.815319, 0.885804, 0.964047, 1.031681, 1.097562, 1.157435, 1.200780, 1.248706, 1.300509, 1.325860, 1.368907, 1.416793, 1.481545, 1.526764, 1.583122, 1.640296, 1.672275, 1.703031, 1.732380, 1.749064, 1.746031, 1.744458, 1.726610, 1.702366, 1.663864, 1.608491, 1.554493, 1.471558, 1.367867, 1.188253, 1.140183, 0.991756, 0.843459, 0.685020, 0.530143, 0.360837, 0.200322, 0.011420, 0.195462, 0.410651, 0.638732, 0.893880, 1.162093, 1.437260, 1.725658, 1.993288, 2.280202, 2.533485, 2.759656, 2.931700, 3.055084, 3.137074, 3.161186, 3.146256, 3.100618, 3.009171, 2.932700, 2.819989, 2.700919, 2.576100, 2.429462, 2.265395, 2.111073, 1.919075, 1.735550, 1.607424, 1.483764, 1.418035, 1.285227, 1.197518, 1.117650, 1.066338, 1.014346, 0.998366, 0.954325, 0.948797, 0.958596, 0.979895, 0.999527, 1.031115, 1.051923, 1.073446, 1.198936, 1.144962, 1.186586, 1.206952, 1.221767, 1.243989, 1.256122, 1.255926, 1.260549, 1.252709, 1.228649, 1.200031, 1.160026, 1.096957, 1.021256, 1.006696, 0.871908, 0.805705, 0.718484, 0.621385, 0.506892, 0.391861, 0.263583, 0.145939, 0.023955, 0.092510, 0.154131, 0.317736, 0.426266, 0.466115, 0.566682, 0.710922, 0.747707, 0.881020, 0.897158, 0.960506, 1.034773, 1.083530, 1.118162, 1.232492, 1.183998, 1.183352, 1.170168, 1.132022, 1.106784, 1.038231, 0.977391, 0.909194, 0.816603, 0.740679, 0.658698, 0.572175, 0.474575, 0.381846, 0.321900, 0.191307, 0.090864, 0.018433, 0.108353, 0.186868, 0.264934, 0.337954, 0.394872, 0.448010, 0.474131, 0.489649, 0.487986, 0.477289, 0.455775, 0.424348, 0.367260, 0.301912, 0.162200, 0.132980, 0.032794, 0.063270, 0.166703, 0.258255, 0.345042, 0.418647, 0.484797, 0.541290, 0.557037, 0.556063, 0.525936, 0.448444, 0.368143, 0.274432, 0.148956, 0.024926, 0.098266, 0.220262, 0.359903, 0.494037, 0.634301, 0.747662, 0.890770, 1.001535, 1.099307, 1.197361, 1.273548, 1.331005, 1.361845, 1.356266, 1.315172, 1.249362, 1.168937, 1.067570, 0.931761, 0.775161, 0.613454, 0.417977, 0.234402, 0.047591, 0.144407, 0.334972, 0.516381, 0.715284, 0.891009, 1.059357, 1.194776, 1.375477, 1.519443, 1.612632, 1.744036, 1.861631, 1.949470, 2.031546, 2.112741, 2.176243, 2.234050, 2.223896, 2.306787, 2.324071, 2.339153, 2.262563, 2.332603, 2.320131, 2.310832, 2.208762, 2.289326, 2.204551, 2.191623, 2.262820, 2.158508, 2.139119, 2.197149, 2.085015, 2.041840, 2.057789, 1.981757, 1.936174, 1.902405, 1.843636, 1.793925, 1.739100, 1.690817, 1.624589, 1.555452, 1.490717, 1.419987, 1.341043, 1.261298, 1.182444, 1.099552, 1.025677, 0.954258, 0.874354, 0.802794, 0.732644, 0.665382, 0.598238, 0.540594, 0.504777, 0.493119, 0.471126, 0.472137, 0.493581, 0.522792, 0.568944, 0.629055, 0.698439, 0.773026, 0.851978, 0.943954, 1.026227, 1.109584, 1.210199, 1.264525, 1.343727, 1.426389, 1.463916, 1.488420, 1.519798, 1.551019, 1.574342, 1.582266, 1.593479, 1.593486, 1.590010, 1.567930, 1.516612, 1.480858, 1.434127, 1.378613, 1.320643, 1.249126, 1.185697, 1.117203, 1.053607, 0.976838, 0.906501, 0.833058, 0.769586, 0.674019, 0.528784, 0.483746, 0.375946, 0.267295, 0.162943, 0.049994, 0.049849, 0.148673, 0.248570, 0.349220, 0.540384, 0.552647, 0.640516, 0.881857, 0.912798, 0.947665, 0.944781, 0.932501, 0.891604, 0.840052, 0.777009, 0.695917, 0.613868, 0.533244, 0.455334, 0.417068, 0.274664, 0.167566, 0.063695, 0.089665, 0.253471, 0.388787, 0.538858, 0.606373, 0.692827, 0.723286, 0.700013, 0.726674, 0.701768, 0.636426, 0.599102, 0.563338, 0.439482, 0.373102, 0.250504, 0.051541, 0.085752, 0.348013, 0.588099, 0.882014, 1.181966, 1.465410, 1.840838, 2.310929, 2.632830, 3.115116, 3.533248, 3.919041, 4.291855, 4.668475, 4.966735, 5.258093, 5.488645, 5.693599, 5.871419, 5.974193, 6.000571, 5.954652, 5.851133, 5.685676, 5.455445, 5.181715, 4.860102, 4.482971, 4.104291, 3.624183, 3.149623, 2.649746, 2.166705, 1.682657, 1.228967, 0.789252, 0.385097, 0.004125, 0.330976, 0.638233, 0.899203, 1.112483, 1.277374, 1.405982, 1.510724, 1.584695, 1.639158, 1.667595, 1.676766, 1.663432, 1.626226, 1.562534, 1.491382, 1.405030, 1.310657, 1.202000, 1.107438, 0.988959, 0.873163, 0.740558, 0.602008, 0.483370, 0.352587, 0.239091, 0.131526, 0.031820, 0.051046, 0.108359, 0.148095, 0.160467, 0.161513, 0.134828, 0.101580, 0.048840, 0.004212, 0.083054, 0.168102, 0.244388, 0.319881, 0.408785, 0.489515, 0.571070, 0.648199, 0.727430, 0.806200, 0.878166, 1.060578, 1.018016, 1.079212, 1.136803, 1.175492, 1.230053, 1.272242, 1.288421, 1.313625, 1.317431, 1.317981, 1.309188, 1.299287, 1.341652, 1.249337, 1.274444, 1.169954, 1.124989, 1.078439, 1.037259, 0.989589, 0.936605, 0.893632, 0.858199, 0.825188, 0.776808, 0.798808, 0.699788, 0.766317, 0.639496, 0.701720, 0.592850, 0.570063, 0.649018, 0.551867, 0.484889, 0.523891, 0.461729, 0.316320, 0.327483, 0.259121, 0.173314, 0.100378, 0.005665, 0.073708, 0.166213, 0.219980, 0.272680, 0.308202, 0.328616, 0.346654, 0.348092, 0.338260, 0.319348, 0.295342, 0.260317, 0.213040, 0.148091, 0.083511, 0.021321, 0.043305, 0.116188, 0.206424, 0.280128, 0.364666, 0.465609, 0.574998, 0.639055, 0.695488, 0.727623, 0.734772, 0.706834, 0.661407, 0.589867, 0.499990, 0.393124, 0.291944, 0.183369, 0.072050, 0.038666, 0.150215, 0.268145, 0.390156, 0.517055, 0.633139, 0.748559, 0.858238, 0.961574, 1.037549, 1.095539, 1.162968, 1.207413, 1.241251, 1.268696, 1.307546, 1.339914, 1.352233, 1.372320, 1.368351, 1.340444, 1.310765, 1.275548, 1.244472, 1.190217, 1.119990, 1.045528, 0.959991, 0.858209, 0.781178, 0.715239, 0.671497, 0.616429, 0.608335, 0.634689, 0.657100, 0.683117, 0.704433, 0.709014, 0.702586, 0.691937, 0.651133, 0.463773, 0.546022, 0.496151, 0.422304, 0.353213, 0.278823, 0.181894, 0.077013, 0.043184, 0.147667, 0.365880, 0.339992, 0.416104, 0.507972, 0.594078, 0.818806, 0.762332, 0.869796, 1.002208, 1.122859, 1.232814, 1.344396, 1.522659, 1.620165, 1.527974, 1.627857, 1.518398, 1.450119, 1.468927, 1.366761, 1.255562, 1.140789, 1.001631, 0.854199, 0.691299, 0.526860, 0.360924, 0.207600, 0.060581, 0.083644, 0.235839, 0.373628, 0.527611, 0.663009, 0.797769, 0.937149, 1.062593, 1.169374, 1.259936, 1.326310, 1.371686, 1.411935, 1.451330, 1.477458, 1.506121, 1.531934, 1.546350, 1.534197, 1.504573, 1.453195, 1.412130, 1.374193, 1.333391, 1.307901, 1.280594, 1.239924, 1.209431, 1.182532, 1.142071, 1.096585, 1.065895, 1.027613, 1.016333, 0.991331, 0.976427, 0.964554, 0.923187, 0.879700, 0.831041, 0.761879, 0.699947, 0.618725, 0.552202, 0.489453, 0.437491, 0.395656, 0.377117, 0.366991, 0.368085, 0.372741, 0.319077, 0.406799, 0.414387, 0.432331, 0.390045, 0.353017, 0.296917, 0.227211, 0.140299, 0.049152, 0.059123, 0.257870, 0.278000, 0.389881, 0.485449, 0.667148, 0.648656, 0.722870, 0.776666, 0.823373, 0.860610, 0.882172, 0.907446, 0.920511, 0.940399, 0.943159, 0.944328, 0.927044, 0.940120, 0.954025, 0.938315, 0.855834, 0.822599, 0.764978, 0.732705, 0.623683, 0.535753, 0.469230, 0.328216, 0.204664, 0.033762, 0.092613, 0.209206, 0.310465, 0.399889, 0.490725, 0.608751, 0.752616, 0.871142, 1.027507, 1.146419, 1.269641, 1.386871, 1.509850, 1.642387, 1.779966, 1.902482, 2.022389, 2.131460, 2.226294, 2.317527, 2.387661, 2.437012, 2.481967, 2.528971, 2.550739, 2.558349, 2.575753, 2.574362, 2.568990, 2.542284, 2.482129, 2.403320, 2.315804, 2.196938, 2.076236, 1.958862, 1.772182, 1.592590, 1.413775, 1.212819, 1.014057, 0.825943, 0.606682, 0.401590, 0.225836, 0.030524, 0.126913, 0.332263, 0.515079, 0.662618, 0.793077, 0.907051, 1.003087, 1.083655, 1.131597, 1.168468, 1.164515, 1.143901, 1.095695, 1.016615, 0.940666, 0.868159, 0.772711, 0.696218, 0.621870, 0.530578, 0.426235, 0.324099, 0.215989, 0.098821, 0.019660, 0.157657, 0.288157, 0.417512, 0.555432, 0.689159, 0.807203, 0.920019, 1.028727, 1.078130, 1.212279, 1.268570, 1.318549, 1.331065, 1.323558, 1.299799, 1.247743, 1.173057, 1.090862, 1.003036, 0.877719, 0.753952, 0.613898, 0.475901, 0.260575, 0.291122, 0.225324, 0.185450, 0.170003, 0.159281, 0.163285, 0.180799, 0.204079, 0.122469, 0.191415, 0.196083, 0.203950, 0.227626, 0.276320, 0.303717, 0.469773, 0.560748, 0.726893, 0.918862, 1.061753, 1.219759, 1.404158, 1.494892, 1.588077, 1.664871, 1.704805, 1.729339, 1.730243, 1.698203, 1.648905, 1.608629, 1.509853, 1.441209, 1.369659, 1.300571, 1.220893, 1.149544, 1.087544, 1.042176, 0.980829, 0.911997, 0.849387, 0.792321, 0.744801, 0.715262, 0.676815, 0.707150, 0.637680, 0.630941, 0.620910, 0.605301, 0.609427, 0.625426, 0.612445, 0.608669, 0.591926, 0.572913, 0.549964, 0.508091, 0.470434, 0.424748, 0.378927, 0.350005, 0.308005, 0.240842, 0.155707, 0.066525, 0.015834, 0.120333, 0.225696, 0.353557, 0.478721, 0.611770, 0.754540, 0.885944, 1.029613, 1.171084, 1.319322, 1.483626, 1.645660, 1.805850, 1.988743, 2.151009, 2.270842, 2.396878, 2.503230, 2.604300, 2.693328, 2.757957, 2.814486, 2.862472, 2.896728, 2.935388, 2.955009, 2.961053, 2.967091, 2.966934, 2.954618, 2.934837, 2.944353, 2.934261, 2.910078, 2.871494, 2.834043, 2.791974, 2.815841, 2.681158, 2.630362, 2.575620, 2.530937, 2.465549, 2.451852, 2.343518, 2.304841, 2.247520, 2.185171, 2.147770, 2.108595, 2.069433, 2.056131, 2.060648, 1.941896, 1.895433, 1.848928, 1.803012, 1.748984, 1.768879, 1.711584, 1.605095, 1.634536, 1.525517, 1.502479, 1.559310, 1.459365, 1.526607, 1.526034, 1.440562, 1.528519, 1.531998, 1.461711, 1.557014, 1.565039, 1.558361, 1.560780, 1.552925, 1.542618, 1.548220, 1.566112, 1.603828, 1.641717, 1.693699, 1.763153, 1.830159, 1.892730, 1.956810, 2.019348, 2.060437, 2.073115, 2.093859, 2.083476, 2.046073, 2.007101, 1.945748, 1.888531, 1.816748, 1.761772, 1.680148, 1.591133, 1.506927, 1.439154, 1.355542, 1.251005, 1.153392, 1.054853, 0.940762, 0.823923, 0.720121, 0.626580, 0.507667, 0.398530, 0.294940, 0.149266, 0.025214, 0.168144, 0.362921, 0.513831, 0.598324, 0.742511, 0.844525, 0.925425, 1.015913, 1.070346, 1.111083, 1.119975, 1.113454, 1.069998, 0.927334, 0.950523, 0.882421, 0.792273, 0.707334, 0.617452, 0.545799, 0.468950, 0.385553, 0.320898, 0.266128, 0.191796, 0.132600, 0.088237, 0.048681, 0.075807, 0.050286, 0.092115, 0.124147, 0.128986, 0.111922, 0.099778, 0.069541, 0.048647, 0.035109, 0.085244, 0.153993, 0.232995, 0.298268, 0.334482, 0.429735, 0.573086, 0.704514, 0.830428, 0.956708, 1.016997, 1.175380, 1.213714, 1.364263, 1.452108, 1.413726, 1.486654, 1.438667, 1.220252, 1.208869, 0.934281, 0.790074, 0.772205, 0.551804, 0.460345, 0.474098, 0.370459, 0.355238, 0.359223, 0.391078, 0.429482, 0.487221, 0.538205, 0.577448, 0.641347, 0.681277, 0.743184, 0.806829, 0.871038, 0.947169, 1.022024, 1.132033, 1.209579, 1.270034, 1.296231, 1.293568, 1.287902, 1.258932, 1.210005, 1.147810, 1.073041, 0.977401, 0.866284, 0.760756, 0.647095, 0.527469, 0.417723, 0.327741, 0.242656, 0.180309, 0.135076, 0.107000, 0.110134, 0.141134, 0.190923, 0.257484, 0.345854, 0.435652, 0.533007, 0.631081, 0.716191, 0.763975, 0.817618, 0.876594, 0.913017, 0.934451, 0.949268, 0.982082, 0.973167, 0.996374, 1.005225, 0.935183, 1.029669, 1.041274, 1.076457, 1.086619, 1.081576, 1.069016, 1.057569, 1.030812, 1.011415, 0.994786, 0.977709, 0.954263, 0.916452, 0.865386, 0.789175, 0.621222, 0.588521, 0.451203, 0.301429, 0.146312, 0.007043, 0.164728, 0.311818, 0.454880, 0.602096, 0.727304, 0.826589, 0.914499, 0.966740, 0.995135, 1.005822, 1.068120, 0.925419, 0.841935, 0.721558, 0.578323, 0.408947, 0.211352, 0.018821, 0.170729, 0.369334, 0.574243, 0.774389, 0.956737, 1.134507, 1.313053, 1.437916, 1.650131, 1.798847, 1.957968, 2.095117, 2.236941, 2.380519, 2.507110, 2.614592, 2.705379, 2.799300, 2.868953, 2.925612, 2.885405, 3.018740, 2.978553, 3.036671, 3.188630, 3.241179, 3.202325, 3.343035, 3.268032, 3.297458, 3.402660, 3.283553, 3.247696, 3.326456, 3.148244, 3.081580, 3.140473, 2.917361, 2.787843, 2.644492, 2.475333, 2.264391, 2.035719, 1.804336, 1.583304, 1.357498, 1.148446, 0.977046, 0.835304, 0.725831, 0.622116, 0.507612, 0.388711, 0.260399, 0.120802, 0.024139, 0.177592, 0.303488, 0.405552, 0.549991, 0.644695, 0.737205, 0.812458, 0.894799, 0.980808, 1.067294, 1.158386, 1.284781, 1.438300, 1.614646, 1.814929, 2.029378, 2.257781, 2.483815, 2.676569, 2.903917, 3.091551, 3.241468, 3.360367, 3.410171, 3.473583, 3.517130, 3.531735, 3.516135, 3.495001, 3.446005, 3.384080, 3.322279, 3.241302, 3.117345, 2.990940, 2.851188, 2.671753, 2.445666, 2.265938, 2.053180, 1.803057, 1.571077, 1.327451, 1.092636, 0.854662, 0.641539, 0.421653, 0.207689, 0.010506, 0.219517, 0.421658, 0.620506, 0.795502, 0.946644, 1.053910, 1.153475, 1.110725, 1.257793, 1.276434, 1.280256, 1.279039, 1.273405, 1.270816, 1.284051, 1.275730, 1.264794, 1.258078, 1.232750, 1.198464, 1.167389, 1.128684, 0.948971, 1.019974, 0.971134, 0.821648, 0.899713, 0.880671, 0.758845, 0.846993, 0.819324, 0.697092, 0.787510, 0.653457, 0.625520, 0.614566, 0.594329, 0.554688, 0.549350, 0.546716, 0.538179, 0.528584, 0.528271, 0.504911, 0.495035, 0.493102, 0.505197, 0.488609, 0.471682, 0.458100, 0.450525, 0.427375, 0.391696, 0.354119, 0.315705, 0.260996, 0.180769, 0.091568, 0.024564, 0.146977, 0.291661, 0.432125, 0.567990, 0.710545, 0.854119, 0.993597, 1.122305, 1.267419, 1.375274, 1.487009, 1.575530, 1.651526, 1.708041, 1.742397, 1.757696, 1.746324, 1.736672, 1.706358, 1.653889, 1.583477, 1.474994, 1.397659, 1.301452, 1.210444, 1.092880, 0.972504, 0.841959, 0.727965, 0.619474, 0.487253, 0.370634, 0.263705, 0.147768, 0.033813, 0.106543, 0.213539, 0.358653, 0.483826, 0.620316, 0.710683, 0.807937, 0.895456, 0.985807, 1.085114, 1.181887, 1.263531, 1.339797, 1.398806, 1.466545, 1.513657, 1.546911, 1.594751, 1.558582, 1.632662, 1.645720, 1.666763, 1.693742, 1.707110, 1.692422, 1.718507, 1.716832, 1.707324, 1.683997, 1.651545, 1.596714, 1.531577, 1.433271, 1.243841, 1.224380, 1.093825, 0.969481, 0.848022, 0.737134, 0.622112, 0.507294, 0.376986, 0.236049, 0.074664, 0.246055, 0.324594, 0.515413, 0.827450, 1.029867, 1.229036, 1.414787, 1.480408, 1.738178, 1.879006, 1.951617, 2.185228, 2.310690, 2.367134, 2.535178, 2.626990, 2.716549, 2.816594, 2.923993, 3.059481, 3.235074, 3.428632, 3.655122, 3.890189, 4.148021, 4.410109, 4.673330, 4.937956, 5.213944, 5.501511, 5.795460, 6.092750, 6.401574, 6.715981, 7.051647, 7.379356, 7.721714, 8.058833, 8.406224, 8.769299, 9.137757, 9.530807, 9.918178, 10.301379, 10.675808, 11.065474, 11.459730, 11.855292, 12.245801, 12.636149, 13.026738, 13.431651, 13.845512, 14.269221, 14.712164, 15.146792, 15.592884, 16.060480, 16.519564, 16.992270, 17.449841, 17.918839, 18.379169, 18.828351, 19.253162, 19.668958, 20.054844, 20.445648, 20.815934, 21.170329, 21.515578, 21.826839, 22.135511, 22.427910, 22.781888, 22.962678, 23.135946, 23.297706, 23.483134, 23.660168, 23.794688, 23.924426, 24.054465, 24.184423, 24.310890, 24.439611, 24.558242, 24.657162, 24.749273, 24.833741, 24.914524, 24.994353, 25.067405, 25.135330, 25.201024, 25.325524, 25.456860, 25.587505, 25.719501, 25.852006, 25.985482, 26.119611, 26.299101, 26.501721, 26.764535, 27.027486, 27.253125, 27.592590, 27.857511, 28.274421, 28.642345, 
,,,0.017337, 0.035662, 0.050096, 0.067672, 0.082468, 0.094391, 0.105347, 0.116076, 0.127251, 0.138116, 0.148718, 0.159551, 0.174564, 0.191283, 0.207984, 0.224604, 0.241290, 0.258011, 0.276025, 0.291037, 0.307684, 0.324333, 0.341043, 0.357624, 0.374910, 0.390992, 0.407568, 0.424231, 0.441026, 0.457569, 0.474258, 0.491022, 0.507644, 0.525664, 0.541065, 0.557689, 0.574428, 0.591229, 0.607877, 0.625095, 0.641325, 0.657952, 0.674643, 0.691351, 0.708055, 0.724771, 0.741408, 0.758093, 0.776617, 0.791369, 0.808055, 0.824846, 0.841796, 0.858723, 0.875447, 0.891730, 0.911278, 0.928172, 0.942342, 0.959158, 0.975402, 0.992128, 1.008816, 1.027486, 1.042145, 1.058769, 1.075549, 1.092342, 1.108924, 1.125673, 1.142228, 1.158823, 1.175566, 1.193768, 1.208968, 1.225629, 1.242233, 1.258950, 1.277464, 1.292349, 1.308971, 1.325728, 1.342427, 1.361088, 1.375850, 1.392441, 1.409037, 1.425786, 1.442467, 1.459108, 1.475822, 1.492443, 1.509288, 1.527509, 1.542802, 1.559497, 1.576238, 1.593442, 1.609563, 1.626694, 1.643062, 1.661708, 1.676403, 1.693035, 1.709704, 1.726390, 1.742996, 1.759787, 1.778635, 1.793080, 1.809898, 1.826430, 1.844246, 1.859918, 1.876508, 1.893292, 1.909845, 1.926543, 1.943198, 1.959944, 1.976543, 1.993148, 2.010435, 2.028700, 2.043315, 2.060096, 2.076632, 2.093506, 2.110104, 2.126774, 2.143404, 2.160047, 2.176789, 2.193484, 2.210581, 2.227380, 2.243611, 2.260285, 2.278703, 2.293650, 2.310420, 2.327426, 2.344426, 2.360409, 2.377071, 2.393757, 2.412309, 2.427218, 2.443761, 2.460464, 2.477134, 2.493736, 2.510495, 2.528700, 2.543866, 2.560485, 2.578613, 2.594910, 2.610606, 2.627145, 2.643856, 2.660480, 2.677229, 2.693816, 2.710547, 2.727215, 2.743820, 2.760607, 2.778574, 2.793984, 2.810888, 2.827754, 2.844880, 2.864776, 2.877627, 2.894216, 2.910748, 2.927555, 2.944198, 2.960871, 2.977813, 2.994700, 3.011088, 3.029815, 3.044356, 3.061017, 3.077917, 3.094769, 3.110897, 3.127614, 3.144233, 3.160886, 3.177585, 3.194255, 3.210941, 3.227543, 3.244102, 3.260870, 3.279504, 3.294086, 3.311052, 3.327908, 3.344467, 3.361089, 3.377535, 3.394051, 3.410740, 3.427391, 3.444085, 3.461252, 3.477568, 3.494180, 3.510895, 3.529640, 3.544350, 3.561015, 3.577504, 3.594371, 3.610905, 3.627527, 3.644145, 3.662343, 3.677481, 3.694061, 3.710789, 3.727405, 3.744042, 3.760666, 3.779792, 3.794265, 3.811088, 3.827493, 3.845742, 3.860806, 3.877986, 3.894347, 3.910871, 3.927678, 3.944479, 3.960925, 3.977540, 3.994204, 4.010916, 4.029581, 4.044300, 4.061091, 4.081531, 4.094211, 4.111008, 4.127698, 4.144247, 4.160985, 4.177686, 4.194324, 4.211053, 4.227725, 4.244381, 4.261485, 4.279687, 4.294541, 4.311505, 4.327915, 4.344607, 4.361244, 4.377958, 4.394609, 4.411279, 4.427947, 4.444636, 4.461292, 4.478325, 4.494740, 4.511400, 4.529570, 4.544716, 4.561928, 4.578472, 4.594713, 4.611482, 4.628175, 4.644777, 4.661505, 4.678573, 4.694957, 4.711524, 4.728187, 4.744877, 4.761568, 4.779506, 4.795458, 4.812792, 4.828505, 4.845091, 4.861723, 4.878417, 4.895533, 4.912264, 4.928578, 4.945155, 4.962359, 4.978623, 4.995251, 5.011884, 5.030600, 5.045383, 5.062329, 5.078461, 5.095122, 5.111682, 5.128256, 5.144971, 5.162030, 5.178393, 5.194915, 5.211611, 5.228363, 5.245401, 5.261760, 5.280424, 5.295160, 5.312352, 5.329935, 5.345098, 5.361730, 5.378355, 5.395412, 5.411811, 5.428365, 5.445045, 5.461709, 5.478390, 5.495070, 5.511735, 5.530408, 5.545164, 5.562276, 5.578446, 5.597145, 5.611968, 5.628557, 5.645195, 5.662412, 5.678725, 5.695303, 5.711973, 5.728622, 5.745315, 5.761996, 5.780432, 5.795343, 5.812822, 5.828749, 5.845374, 5.862021, 5.880126, 5.895653, 5.913152, 5.929063, 5.945925, 5.962475, 5.979093, 5.999968, 6.012691, 6.031411, 6.046055, 6.063589, 6.079574, 6.096168, 6.112847, 6.129518, 6.146246, 6.162856, 6.179619, 6.196266, 6.212901, 6.229590, 6.246271, 6.262995, 6.281409, 6.296365, 6.313315, 6.329718, 6.346462, 6.363003, 6.379746, 6.396428, 6.413491, 6.429986, 6.446546, 6.463201, 6.479915, 6.496614, 6.513264, 6.532825, 6.547723, 6.563531, 6.580105, 6.596807, 6.613506, 6.630170, 6.646834, 6.663544, 6.680172, 6.696857, 6.713507, 6.730258, 6.746877, 6.763590, 6.780220, 6.799354, 6.813570, 6.830238, 6.846841, 6.863536, 6.880295, 6.896876, 6.913917, 6.931793, 6.946870, 6.963488, 6.980160, 6.996896, 7.013652, 7.030694, 7.049393, 7.064074, 7.080342, 7.098437, 7.113603, 7.130258, 7.147018, 7.163582, 7.180282, 7.197510, 7.213675, 7.230363, 7.247130, 7.263813, 7.280518, 7.299355, 7.314201, 7.334638, 7.347527, 7.364027, 7.380660, 7.397259, 7.413974, 7.431197, 7.447709, 7.464417, 7.481142, 7.497817, 7.514438, 7.531173, 7.549446, 7.564455, 7.581177, 7.598348, 7.614663, 7.631298, 7.647872, 7.664558, 7.681246, 7.697949, 7.714623, 7.731238, 7.748046, 7.764639, 7.781815, 7.799362, 7.814652, 7.831275, 7.848043, 7.864749, 7.881378, 7.898028, 7.914860, 7.931413, 7.949546, 7.964640, 7.981373, 7.997874, 8.014497, 8.031499, 8.047666, 8.066337, 8.080982, 8.097702, 8.115989, 8.131098, 8.148153, 8.164512, 8.181056, 8.197661, 8.214404, 8.231107, 8.247775, 8.264300, 8.281370, 8.297422, 8.314219, 8.332385, 8.347500, 8.364340, 8.380892, 8.397997, 8.414514, 8.431078, 8.447911, 8.464620, 8.485244, 8.498088, 8.515220, 8.531362, 8.548511, 8.564942, 8.583362, 8.598252, 8.614754, 8.631496, 8.648945, 8.665200, 8.681698, 8.698256, 8.714993, 8.732215, 8.748606, 8.765711, 8.781745, 8.798439, 8.815179, 8.833465, 8.848540, 8.865036, 8.881710, 8.898433, 8.915106, 8.931802, 8.948797, 8.965271, 8.982092, 8.998826, 9.015747, 9.031807, 9.048540, 9.065250, 9.083342, 9.098653, 9.115106, 9.131842, 9.148440, 9.165079, 9.181740, 9.198365, 9.214867, 9.232832, 9.248966, 9.265094, 9.281724, 9.298389, 9.315118, 9.331805, 9.350354, 9.365143, 9.381743, 9.398846, 9.415321, 9.431928, 9.448722, 9.465443, 9.482205, 9.500912, 9.515688, 9.532229, 9.548916, 9.565655, 9.582136, 9.600267, 9.615738, 9.632486, 9.649129, 9.667288, 9.682473, 9.699251, 9.716004, 9.732635, 9.749664, 9.765960, 9.782623, 9.799313, 9.816798, 9.834831, 9.851383, 9.866080, 9.882837, 9.899540, 9.916040, 9.932866, 9.949554, 9.966344, 9.982959, 10.000054, 10.016166, 10.032869, 10.049531, 10.066242, 10.082712, 10.101284, 10.116212, 10.133318, 10.149741, 10.166216, 10.182892, 10.200102, 10.216551, 10.233140, 10.250209, 10.266803, 10.283257, 10.299988, 10.316819, 10.333428, 10.351316, 10.366854, 10.383474, 10.400153, 10.416884, 10.433378, 10.450253, 10.466805, 10.484005, 10.500566, 10.516813, 10.533533, 10.550191, 10.566817, 10.583536, 10.603281, 10.616963, 10.633603, 10.650139, 10.667002, 10.683642, 10.702313, 10.717017, 10.733690, 10.750377, 10.766947, 10.787560, 10.800360, 10.817041, 10.833762, 10.850414, 10.868211, 10.883733, 10.900448, 10.917071, 10.933930, 10.950717, 10.967100, 10.984424, 11.000603, 11.017684, 11.033894, 11.051025, 11.067276, 11.083883, 11.100574, 11.119246, 11.134054, 11.150789, 11.167574, 11.184274, 11.200894, 11.218104, 11.234308, 11.250863, 11.267518, 11.284221, 11.303011, 11.317769, 11.334174, 11.350971, 11.369221, 11.384206, 11.401005, 11.417805, 11.435921, 11.451307, 11.467748, 11.484413, 11.501005, 11.517555, 11.535849, 11.550952, 11.568154, 11.584527, 11.601175, 11.619306, 11.634460, 11.651471, 11.667901, 11.684364, 11.701019, 11.717986, 11.734968, 11.751103, 11.767659, 11.784406, 11.800977, 11.817755, 11.834368, 11.851110, 11.869126, 11.884327, 11.901114, 11.917626, 11.934637, 11.951167, 11.972679, 11.984918, 12.001211, 12.017856, 12.034490, 12.051668, 12.068054, 12.084716, 12.101319, 12.119251, 12.134752, 12.151770, 12.168597, 12.185527, 12.201534, 12.218576, 12.235342, 12.251728, 12.268186, 12.284899, 12.301593, 12.318303, 12.334913, 12.351583, 12.370265, 12.384832, 12.401573, 12.418216, 12.434878, 12.452014, 12.468607, 12.484818, 12.501469, 12.518168, 12.534845, 12.551548, 12.569703, 12.584856, 12.601586, 12.620152, 12.634893, 12.651599, 12.668280, 12.685473, 12.703429, 12.719054, 12.735214, 12.752125, 12.768560, 12.785314, 12.802013, 12.819230, 12.835588, 12.852089, 12.870257, 12.885331, 12.902467, 12.918809, 12.935447, 12.952495, 12.968982, 12.985142, 13.001700, 13.018319, 13.035011, 13.052122, 13.072353, 13.085307, 13.101719, 13.118183, 13.136295, 13.151621, 13.168442, 13.185067, 13.201741, 13.218877, 13.235062, 13.251756, 13.268847, 13.285162, 13.301689, 13.318512, 13.335036, 13.351734, 13.368446, 13.387290, 13.401731, 13.418545, 13.435247, 13.452385, 13.468814, 13.485204, 13.501961, 13.518614, 13.535205, 13.551983, 13.568659, 13.585226, 13.602013, 13.618732, 13.637242, 13.652046, 13.668744, 13.685449, 13.702289, 13.718850, 13.735429, 13.752133, 13.768825, 13.785400, 13.802139, 13.818863, 13.835483, 13.852179, 13.868853, 13.887141, 13.903906, 13.918931, 13.935781, 13.952393, 13.968908, 13.986011, 14.002459, 14.018949, 14.036173, 14.052408, 14.069088, 14.085809, 14.104053, 14.119437, 14.138147, 14.152810, 14.169518, 14.186614, 14.203250, 14.219517, 14.236147, 14.256392, 14.269501, 14.286187, 14.303623, 14.320321, 14.336628, 14.353293, 14.369831, 14.388238, 14.403318, 14.420002, 14.436686, 14.453254, 14.469912, 14.486686, 14.503232, 14.519837, 14.536548, 14.553200, 14.569891, 14.586538, 14.603273, 14.619977, 14.638188, 14.653411, 14.670112, 14.687298, 14.703796, 14.720037, 14.736815, 14.753461, 14.770369, 14.787459, 14.803881, 14.820563, 14.837110, 14.853828, 14.870594, 14.889203, 14.903947, 14.921111, 14.937736, 14.953877, 14.972132, 14.987380, 15.003932, 15.020560, 15.037096, 15.053860, 15.072552, 15.087440, 15.104071, 15.120652, 15.139220, 15.154168, 15.171246, 15.191786, 15.210048, 15.223019, 15.237415, 15.254201, 15.271223, 15.287604, 15.304209, 15.320863, 15.337548, 15.354240, 15.371068, 15.389184, 15.406265, 15.429484, 15.445709, 15.461144, 15.476212, 15.490939, 15.505612, 15.521421, 15.537855, 15.554301, 15.571018, 15.587717, 15.604353, 15.621237, 15.639037, 15.654644, 15.671081, 15.688538, 15.704538, 15.720878, 15.737703, 15.755686, 15.770780, 15.787455, 15.804131, 15.820756, 15.837585, 15.854165, 15.870765, 15.887502, 15.906544, 15.922578, 15.938241, 15.954707, 15.971302, 15.988096, 16.004705, 16.021351, 16.038143, 16.054670, 16.071361, 16.088019, 16.104668, 16.122209, 16.138318, 16.156156, 16.171677, 16.188157, 16.204710, 16.221379, 16.237989, 16.254690, 16.271315, 16.287949, 16.304686, 16.321425, 16.337948, 16.354625, 16.371862, 16.388200, 16.405988, 16.421895, 16.438158, 16.454790, 16.471370, 16.488138, 16.504793, 16.521439, 16.538166, 16.554724, 16.571440, 16.588090, 16.604831, 16.621533, 16.638188, 16.657041, 16.671999, 16.688284, 16.704838, 16.721599, 16.738181, 16.754919, 16.771547, 16.788247, 16.804886, 16.821581, 16.838299, 16.854913, 16.872276, 16.888640, 16.905106, 16.924078, 16.938400, 16.955048, 16.971726, 16.988434, 17.006230, 17.021602, 17.038375, 17.058726, 17.071414, 17.088116, 17.104879, 17.121967, 17.138450, 17.155516, 17.171695, 17.190116, 17.204924, 17.221721, 17.238834, 17.255222, 17.271774, 17.288462, 17.305182, 17.321851, 17.338440, 17.355108, 17.371848, 17.388940, 17.405227, 17.421842, 17.440059, 17.455043, 17.471709, 17.488247, 17.504872, 17.522005, 17.538412, 17.554967, 17.571669, 17.588336, 17.604976, 17.621724, 17.638377, 17.655622, 17.671721, 17.689976, 17.705054, 17.721741, 17.738379, 17.755043, 17.772192, 17.789000, 17.805375, 17.821955, 17.839072, 17.855508, 17.872097, 17.888782, 17.905915, 17.922523, 17.940674, 17.955690, 17.972225, 17.988862, 18.005948, 18.022266, 18.038787, 18.055506, 18.072046, 18.088738, 18.105579, 18.122181, 18.138849, 18.155488, 18.172092, 18.190006, 18.205419, 18.222130, 18.238780, 18.255411, 18.272074, 18.288846, 18.307076, 18.322258, 18.338928, 18.355727, 18.372543, 18.389595, 18.406313, 18.422653, 18.441005, 18.455945, 18.472620, 18.489809, 18.507785, 18.522888, 18.539478, 18.556301, 18.572878, 18.589596, 18.606320, 18.623045, 18.640238, 18.656270, 18.672927, 18.690997, 18.706343, 18.722937, 18.739559, 18.756316, 18.776839, 18.789583, 18.806348, 18.822984, 18.839696, 18.856448, 18.873549, 18.889778, 18.906521, 18.923188, 18.941974, 18.956420, 18.973213, 18.989886, 19.006531, 19.023202, 19.040359, 19.056768, 19.073721, 19.090324, 19.106856, 19.124137, 19.140188, 19.157413, 19.173755, 19.192066, 19.206944, 19.223712, 19.240288, 19.256974, 19.273621, 19.290351, 19.306992, 19.323681, 19.340859, 19.357233, 19.375242, 19.390491, 19.407082, 19.423829, 19.442489, 19.457349, 19.473860, 19.490725, 19.507260, 19.523908, 19.540552, 19.557265, 19.573932, 19.592297, 19.607329, 19.624137, 19.640658, 19.657264, 19.673993, 19.691950, 19.707772, 19.725685, 19.740709, 19.757434, 19.774163, 19.790860, 19.807437, 19.824228, 19.841089, 19.858015, 19.874685, 19.891298, 19.907835, 19.924559, 19.942996, 19.957882, 19.974892, 19.991214, 20.007740, 20.024345, 20.041140, 20.057671, 20.074793, 20.091294, 20.108238, 20.124934, 20.141090, 20.157774, 20.174514, 20.192892, 20.207817, 20.224420, 20.241161, 20.257883, 20.274475, 20.291168, 20.308300, 20.324755, 20.341369, 20.358034, 20.375094, 20.391352, 20.408054, 20.424728, 20.442979, 20.458122, 20.474874, 20.491542, 20.508188, 20.524948, 20.541588, 20.558355, 20.575526, 20.591917, 20.608616, 20.625533, 20.641627, 20.658370, 20.675095, 20.692939, 20.708400, 20.724989, 20.741734, 20.758794, 20.775216, 20.791736, 20.808310, 20.825089, 20.841762, 20.858322, 20.875373, 20.891688, 20.912870, 20.925162, 20.943991, 20.958721, 20.975324, 20.992079, 21.008702, 21.025382, 21.042020, 21.058877, 21.075492, 21.092893, 21.109057, 21.125640, 21.142201, 21.158931, 21.175516, 21.193916, 21.208921, 21.225528, 21.242302, 21.259160, 21.275725, 21.292607, 21.311396, 21.325964, 21.343245, 21.360901, 21.376149, 21.392750, 21.409399, 21.426107, 21.444837, 21.459412, 21.476125, 21.492868, 21.509486, 21.526168, 21.542970, 21.559853, 21.576447, 21.593611, 21.609765, 21.626493, 21.643038, 21.660171, 21.676639, 21.694871, 21.709786, 21.727004, 21.743332, 21.760376, 21.776716, 21.793431, 21.810396, 21.826700, 21.843889, 21.860337, 21.876740, 21.893364, 21.910047, 21.926846, 21.944935, 21.959992, 21.976697, 21.993356, 22.009977, 22.026755, 22.043424, 22.060138, 22.077604, 22.094112, 22.110163, 22.127263, 22.143569, 22.160078, 22.176802, 22.194901, 22.210141, 22.226935, 22.243674, 22.262035, 22.277208, 22.293851, 22.310791, 22.327214, 22.344339, 22.360708, 22.377350, 22.394100, 22.410655, 22.427488, 22.445914, 22.460666, 22.477371, 22.494134, 22.510756, 22.527413, 22.544096, 22.561007, 22.578137, 22.594627, 22.610737, 22.627466, 22.644110, 22.660974, 22.677641, 22.695850, 22.710866, 22.727999, 22.744469, 22.760892, 22.777785, 22.794833, 22.811656, 22.827855, 22.844930, 22.861059, 22.877570, 22.894731, 22.911057, 22.927535, 22.945952, 22.961137, 22.977620, 22.994724, 23.011107, 23.027736, 23.044965, 23.061679, 23.077759, 23.094711, 23.111132, 23.127667, 23.144364, 23.161496, 23.177844, 23.195908, 23.211115, 23.227728, 23.244411, 23.261008, 23.277830, 23.294550, 23.311832, 23.327814, 23.344833, 23.361171, 23.377860, 23.394516, 23.411174, 23.427797, 23.445809, 23.461229, 23.477873, 23.494483, 23.511187, 23.528435, 23.544788, 23.561933, 23.578061, 23.594731, 23.611277, 23.628025, 23.644718, 23.661384, 23.678006, 23.697285, 23.711528, 23.728051, 23.744790, 23.761434, 23.778546, 23.795795, 23.812234, 23.828658, 23.844863, 23.861629, 23.878168, 23.894803, 23.911848, 23.928291, 23.946833, 23.961569, 23.978161, 23.994987, 24.011735, 24.028381, 24.045474, 24.061865, 24.078561, 24.094953, 24.112562, 24.128597, 24.145235, 24.161816, 24.178448, 24.196927, 24.211851, 24.228609, 24.245360, 24.262562, 24.278814, 24.295459, 24.313261, 24.329247, 24.345460, 24.362348, 24.379001, 24.395731, 24.412799, 24.429228, 24.446973, 24.462511, 24.479198, 24.495894, 24.512502, 24.529213, 24.546676, 24.563093, 24.579144, 24.595902, 24.612436, 24.629092, 24.645780, 24.662161, 24.678980, 24.695578, 24.714323, 24.729251, 24.745700, 24.762482, 24.779014, 24.796232, 24.812962, 24.829018, 24.845644, 24.862347, 24.879121, 24.895608, 24.912258, 24.928821, 24.945374, 24.963711, 24.978778, 24.995524, 25.012906, 25.029313, 25.046185, 25.063182, 25.079175, 25.095919, 25.112481, 25.129334, 25.145871, 25.162679, 25.179288, 25.196125, 25.214934, 25.229312, 25.245982, 25.263150, 25.279914, 25.296046, 25.313131, 25.329346, 25.346045, 25.362788, 25.379441, 25.396102, 25.412872, 25.429427, 25.446125, 25.464801, 25.479498, 25.496148, 25.512943, 25.529714, 25.546228, 25.563600, 25.580165, 25.596492, 25.612962, 25.629746, 25.646529, 25.663056, 25.679777, 25.696514, 25.714901, 25.729668, 25.746497, 25.763070, 25.780146, 25.796902, 25.813551, 25.829794, 25.846484, 25.863213, 25.879786, 25.896500, 25.913249, 25.930244, 25.946902, 25.964838, 25.980400, 25.996811, 26.014153, 26.030193, 26.047232, 26.063430, 26.080191, 26.096814, 26.113468, 26.130046, 26.146737, 26.163878, 26.180272, 26.196728, 26.214812, 26.230268, 26.246915, 26.263970, 26.280971, 26.297304, 26.313715, 26.330273, 26.346917, 26.363546, 26.380214, 26.397417, 26.413747, 26.430338, 26.447095, 26.465896, 26.480372, 26.497000, 26.514166, 26.530647, 26.547380, 26.563529, 26.580256, 26.596904, 26.613590, 26.630265, 26.646951, 26.663627, 26.680398, 26.697121, 26.715813, 26.730281, 26.747017, 26.763631, 26.780810, 26.797337, 26.813797, 26.830309, 26.847085, 26.863594, 26.880317, 26.897016, 26.913715, 26.930159, 26.946947, 26.963387, 26.982294, 26.996808, 27.013599, 27.030577, 27.046852, 27.063461, 27.080111, 27.096796, 27.113488, 27.130188, 27.146740, 27.163470, 27.180077, 27.196798, 27.213409, 27.231704, 27.246874, 27.263530, 27.280764, 27.296833, 27.313531, 27.330211, 27.346806, 27.363571, 27.380196, 27.396947, 27.413497, 27.434235, 27.446994, 27.463603, 27.481622, 27.497116, 27.513650, 27.530769, 27.546955, 27.563674, 27.580277, 27.597449, 27.613800, 27.630389, 27.647065, 27.663716, 27.680414, 27.697145, 27.713748, 27.732676, 27.747177, 27.763981, 27.780499, 27.797087, 27.813860, 27.830568, 27.847075, 27.863881, 27.880930, 27.897304, 27.913902, 27.930523, 27.947669, 27.964037, 27.983815, 27.997428, 28.014151, 28.031111, 28.047619, 28.064235, 28.081023, 28.097675, 28.114905, 28.131283, 28.147855, 28.168367, 28.181111, 28.198175, 28.214614, 28.231259, 28.249791, 28.265136, 28.281360, 28.297966, 28.314735, 28.331278, 28.348116, 28.364639, 28.381441, 28.397991, 28.414600, 28.431302, 28.448067, 28.464755, 28.481869, 28.500811, 28.514875, 28.532917, 28.548317, 28.564913, 28.581644, 28.598353, 28.616585, 28.631799, 28.648515, 28.665063, 28.681749, 28.698459, 28.715153, 28.731794, 28.750622, 28.765170, 28.781860, 28.798548, 28.815263, 28.831942, 28.856746, 28.872498, 28.883797, 28.898552, 28.915263, 28.931992, 28.948758, 28.965450, 28.982566, 29.000579, 29.015536, 29.032207, 29.048797, 29.065454, 29.082117, 29.098808, 29.115903, 29.132258, 29.149286, 29.166291, 29.182537, 29.199078, 29.215975, 29.232421, 29.250777, 29.265806, 29.282436, 29.299082, 29.315769, 29.332423, 29.349093, 29.365811, 29.382279, 29.399014, 29.415651, 29.432392, 29.449120, 29.465802, 29.482364, 29.501597, 29.516086, 29.532342, 29.549198, 29.565704, 29.582444, 29.599072, 29.615747, 29.632832, 29.649061, 29.665714, 29.682093, 29.698926, 29.715611, 29.732775, 29.752714, 29.765567, 29.782219, 29.798870, 29.816232, 29.832540, 29.849107, 29.865849, 29.883126, 29.899464, 29.916176, 29.932860, 29.949607, 29.966347, 29.983330, 30.000154, 30.017658, 30.032809, 30.049498, 30.066197, 30.082945, 30.099603, 30.116233, 30.132991, 30.149715, 30.166453, 30.183304, 30.200014, 30.217123, 30.233670, 30.250420, 30.268602, 30.283384, 30.300026, 30.316867, 30.333361, 30.349992, 30.366814, 30.383459, 30.400143, 30.416723, 30.433535, 30.450151, 30.466839, 30.483256, 30.500147, 30.518471, 30.533375, 30.549980, 30.567240, 30.583884, 30.600246, 30.616864, 30.633670, 30.650213, 30.666998, 30.683672, 30.700387, 30.717506, 30.733621, 30.750584, 30.768668, 30.783653, 30.800261, 30.816904, 30.833678, 30.850295, 30.866951, 30.883638, 30.900304, 30.917486, 30.934061, 30.950520, 30.967655, 30.984736, 31.000701, 31.018617, 31.033926, 31.050686, 31.067354, 31.084080, 31.100632, 31.117447, 31.133938, 31.150639, 31.167436, 31.184542, 31.201148, 31.218154, 31.234358, 31.250845, 31.269597, 31.284148, 31.300862, 31.317633, 31.334678, 31.351539, 31.367677, 31.384298, 31.400956, 31.417805, 31.434372, 31.451619, 31.468190, 31.484922, 31.501515, 31.519712, 31.534514, 31.551111, 31.567769, 31.584344, 31.601735, 31.617980, 31.634609, 31.651192, 31.667991, 31.684746, 31.701455, 31.718509, 31.735109, 31.751934, 31.769803, 31.784841, 31.801573, 31.818283, 31.835016, 31.851498, 31.868207, 31.884923, 31.901584, 31.918377, 31.935267, 31.951698, 31.968767, 31.985126, 32.001723, 32.019552, 32.035061, 32.051592, 32.068717, 32.085257, 32.102224, 32.118619, 32.135263, 32.151962, 32.169007, 32.185452, 32.201944, 32.219025, 32.235336, 32.252048, 32.270568, 32.285494, 32.302477, 32.318806, 32.335542, 32.352070, 32.368769, 32.385492, 32.402179, 32.418806, 32.436040, 32.452222, 32.469350, 32.485554, 32.502164, 32.520508, 32.535464, 32.552149, 32.569010, 32.586050, 32.602535, 32.619050, 32.635899, 32.653020, 32.669514, 32.686509, 32.702796, 32.719294, 32.735937, 32.752605, 32.771019, 32.786119, 32.803136, 32.819365, 32.836006, 32.853256, 32.869489, 32.886017, 32.902759, 32.919362, 32.937032, 32.953254, 32.969847, 32.986236, 33.002947, 33.021651, 33.036374, 33.052933, 33.069555, 33.086193, 33.102910, 33.119491, 33.136185, 33.152622, 33.169610, 33.186420, 33.202517, 33.219211, 33.235693, 33.252281, 33.268850, 33.287531, 33.302241, 33.318986, 33.335539, 33.352219, 33.368966, 33.386068, 33.402493, 33.419096, 33.436199, 33.453070, 33.469109, 33.485706, 33.506276, 33.519078, 33.537586, 33.552354, 33.569089, 33.585765, 33.602485, 33.619027, 33.635943, 33.652530, 33.669225, 33.686330, 33.702518, 33.719161, 33.735770, 33.752475, 33.769149, 33.787490, 33.802403, 33.819268, 33.835827, 33.852639, 33.869224, 33.887537, 33.902571, 33.919320, 33.936462, 33.952843, 33.969329, 33.986004, 34.002652, 34.019254, 34.037474, 34.053107, 34.069502, 34.086046, 34.102729, 34.119383, 34.136238, 34.152802, 34.170032, 34.186687, 34.202836, 34.219567, 34.236179, 34.252847, 34.269488, 34.287429, 34.303269, 34.319802, 34.336288, 34.353052, 34.369704, 34.386416, 34.403201, 34.420314, 34.437106, 34.453161, 34.469952, 34.486551, 34.503233, 34.519826, 34.538411, 34.553142, 34.569807, 34.586489, 34.603148, 34.619868, 34.636580, 34.653255, 34.669905, 34.687133, 34.703307, 34.719944, 34.736619, 34.753747, 34.770164, 34.788423, 34.803451, 34.820108, 34.836755, 34.853869, 34.870194, 34.886923, 34.903585, 34.923748, 34.937389, 34.953703, 34.970167, 34.986909, 35.003507, 35.020120, 35.038433, 35.053520, 35.070131, 35.086776, 35.103592, 35.120187, 35.136841, 35.153578, 35.170126, 35.187366, 35.203475, 35.220488, 35.236819, 35.253445, 35.270080, 35.286659, 35.305870, 35.320186, 35.336603, 35.354985, 35.370004, 35.386791, 35.403467, 35.420456, 35.436991, 35.453387, 35.469858, 35.486697, 35.504771, 35.520023, 35.536553, 35.555398, 35.569872, 35.587113, 35.603474, 35.619963, 35.636822, 35.657345, 35.670626, 35.687134, 35.703422, 35.720051, 35.736904, 35.753426, 35.770189, 35.786799, 35.805398, 35.820063, 35.836876, 35.853487, 35.870258, 35.886897, 35.903681, 35.920910, 35.937035, 35.953673, 35.970377, 35.987042, 36.003699, 36.020429, 36.037006, 36.055383, 36.070317, 36.087152, 36.103776, 36.120659, 36.137179, 36.154302, 36.171168, 36.187256, 36.203960, 36.220625, 36.237350, 36.253992, 36.270621, 36.287336, 36.305373, 36.320644, 36.337441, 36.353931, 36.370874, 36.387324, 36.404589, 36.421152, 36.437578, 36.454056, 36.470810, 36.487522, 36.504600, 36.520960, 36.539067, 36.555452, 36.570877, 36.587633, 36.604141, 36.620945, 36.637883, 36.654632, 36.670995, 36.687612, 36.705745, 36.720933, 36.737596, 36.754226, 36.771698, 36.787719, 36.805433, 36.820889, 36.837597, 36.854222, 36.870847, 36.887576, 36.904552, 36.920969, 36.937675, 36.954409, 36.970938, 36.987772, 37.008226, 37.020999, 37.037660, 37.056332, 37.070968, 37.087691, 37.104441, 37.121121, 37.138221, 37.155112, 37.171407, 37.187924, 37.204556, 37.221243, 37.237983, 37.254536, 37.271359, 37.287945, 37.306407, 37.321352, 37.337971, 37.354647, 37.371297, 37.388585, 37.404644, 37.421305, 37.438522, 37.454799, 37.471386, 37.488031, 37.505185, 37.521546, 37.538115, 37.556402, 37.571600, 37.588180, 37.604919, 37.621711, 37.638263, 37.655337, 37.671727, 37.688241, 37.704917, 37.721621, 37.738716, 37.755102, 37.771685, 37.788298, 37.806385, 37.821662, 37.838446, 37.857179, 37.872040, 37.889293, 37.905391, 37.921990, 37.938769, 37.955314, 37.972131, 37.990265, 38.005444, 38.022138, 38.038798, 38.057391, 38.072102, 38.088799, 38.105611, 38.122331, 38.138862, 38.155854, 38.172262, 38.188885, 38.205595, 38.222360, 38.238896, 38.255643, 38.272305, 38.292867, 38.307271, 38.322873, 38.339341, 38.355870, 38.372847, 38.389264, 38.405853, 38.422796, 38.439227, 38.455871, 38.472547, 38.489764, 38.506046, 38.522563, 38.539193, 38.557244, 38.572380, 38.589546, 38.606046, 38.623033, 38.639260, 38.655845, 38.672652, 38.689190, 38.705835, 38.722843, 38.739256, 38.755804, 38.772504, 38.789156, 38.807246, 38.822503, 38.839103, 38.855747, 38.872888, 38.889504, 38.905855, 38.923896, 38.939120, 38.955808, 38.972503, 38.989203, 39.005757, 39.022466, 39.039189, 39.057254, 39.072549, 39.090237, 39.106011, 39.123240, 39.139761, 39.155939, 39.173111, 39.189471, 39.206171, 39.222819, 39.239559, 39.256681, 39.273030, 39.289721, 39.308565, 39.323036, 39.339723, 39.357092, 39.374230, 39.393885, 39.406644, 39.423238, 39.439854, 39.456602, 39.473246, 39.489903, 39.506599, 39.523302, 39.540011, 39.558444, 39.573345, 39.590032, 39.607186, 39.623838, 39.640139, 39.656664, 39.673773, 39.690205, 39.706795, 39.723433, 39.740084, 39.756840, 39.773463, 39.790118, 39.808626, 39.823596, 39.840278, 39.857356, 39.873981, 39.890191, 39.906814, 39.923541, 39.940687, 39.957040, 39.973563, 39.990351, 40.006931, 40.023608, 40.040343, 40.058326, 40.073699, 40.090441, 40.107030, 40.123787, 40.140282, 40.156863, 40.173478, 40.190154, 40.208149, 40.223815, 40.240155, 40.257209, 40.273549, 40.290067, 40.306814, 40.325292, 40.340257, 40.356895, 40.375477, 40.390227, 40.406886, 40.423561, 40.440305, 40.456904, 40.473605, 40.490174, 40.506857, 40.523592, 40.540251, 40.556928, 40.575179, 40.590357, 40.606957, 40.626332, 40.640364, 40.657048, 40.673601, 40.690217, 40.706777, 40.723359, 40.739976, 40.756719, 40.773374, 40.790074, 40.806741, 40.823501, 40.842186, 40.856964, 40.873892, 40.890338, 40.906936, 40.924070, 40.940711, 40.957022, 40.973662, 40.990386, 41.007076, 41.023739, 41.040828, 41.057262, 41.073853, 41.092271, 41.107721, 41.123918, 41.140987, 41.157434, 41.174010, 41.190660, 41.207298, 41.223977, 41.240667, 41.257248, 41.273973, 41.290581, 41.307275, 41.324056, 41.342216, 41.357218, 41.373870, 41.390658, 41.407293, 41.424157, 41.440934, 41.457510, 41.474236, 41.490924, 41.507648, 41.524240, 41.540923, 41.557782, 41.574417, 41.593192, 41.608236, 41.624470, 41.641156, 41.658286, 41.674637, 41.691268, 41.707953, 41.724587, 41.741301, 41.757966, 41.774649, 41.791307, 41.809827, 41.824708, 41.843258, 41.857983, 41.874603, 41.891226, 41.907936, 41.925066, 41.941452, 41.957997, 41.974677, 41.991365, 42.008006, 42.026258, 42.041375, 42.058152, 42.074655, 42.093197, 42.108013, 42.125190, 42.141555, 42.162497, 42.174906, 42.191594, 42.208241, 42.224877, 42.242052, 42.258376, 42.274940, 42.291585, 42.308580, 42.325050, 42.344632, 42.358373, 42.374871, 42.391479, 42.408203, 42.424861, 42.441515, 42.458101, 42.474807, 42.491479, 42.508560, 42.524943, 42.541592, 42.558319, 42.574907, 42.591686, 42.610169, 42.624930, 42.641627, 42.658262, 42.675393, 42.691743, 42.708339, 42.725035, 42.741616, 42.758760, 42.775182, 42.791733, 42.808801, 42.825238, 42.842717, 42.860383, 42.875298, 42.891914, 42.908567, 42.925094, 42.941826, 42.958292, 42.974984, 42.991629, 43.008305, 43.024977, 43.041705, 43.058369, 43.075038, 43.092018, 43.110063, 43.125099, 43.141721, 43.158443, 43.175093, 43.191805, 43.208475, 43.225144, 43.241844, 43.258543, 43.275253, 43.292049, 43.309458, 43.325544, 43.342417, 43.360602, 43.375576, 43.392137, 43.408774, 43.425449, 43.442073, 43.458782, 43.475552, 43.492141, 43.508811, 43.525579, 43.542364, 43.559022, 43.576196, 43.592371, 43.611112, 43.625658, 43.642395, 43.659082, 43.675732, 43.692872, 43.709228, 43.725880, 43.742553, 43.759234, 43.777511, 43.792734, 43.809829, 43.826134, 43.842964, 43.861192, 43.876265, 43.892930, 43.909595, 43.926246, 43.942948, 43.959642, 43.977826, 43.993044, 44.009685, 44.026361, 44.047437, 44.059821, 44.076382, 44.093090, 44.111082, 44.126424, 44.143103, 44.159713, 44.176851, 44.193229, 44.209833, 44.226498, 44.243219, 44.259867, 44.276536, 44.293276, 44.310515, 44.326630, 44.343263, 44.362081, 44.376634, 44.393315, 44.409972, 44.426586, 44.443748, 44.460166, 44.476697, 44.493410, 44.510119, 44.526852, 44.543479, 44.560274, 44.576789, 44.593529, 44.612127, 44.626809, 44.643496, 44.660155, 44.676804, 44.693559, 44.710213, 44.726920, 44.744132, 44.760600, 44.777272, 44.793874, 44.811250, 44.827736, 44.844078, 44.862192, 44.877366, 44.894003, 44.911152, 44.927482, 44.944128, 44.960706, 44.977453, 44.994325, 45.011527, 45.027785, 45.044905, 45.061518, 45.077658, 45.094832, 45.113278, 45.127678, 45.144494, 45.162622, 45.177828, 45.194523, 45.211123, 45.227823, 45.244541, 45.261253, 45.277894, 45.296657, 45.311921, 45.327942, 45.344636, 45.363148, 45.377857, 45.395036, 45.411428, 45.427971, 45.444637, 45.461328, 45.477972, 45.494643, 45.511355, 45.528067, 45.544844, 45.561804, 45.577993, 45.596711, 45.613074, 45.627929, 45.644642, 45.661714, 45.678115, 45.695086, 45.711549, 45.728553, 45.744897, 45.761614, 45.778639, 45.795481, 45.811926, 45.828215, 45.845459, 45.863247, 45.878249, 45.894935, 45.911560, 45.928206, 45.944844, 45.961547, 45.978637, 45.995066, 46.011796, 46.028700, 46.044986, 46.061700, 46.078313, 46.095044, 46.113145, 46.128352, 46.145057, 46.161680, 46.178329, 46.194943, 46.211657, 46.228307, 46.244982, 46.261624, 46.278469, 46.294919, 46.311597, 46.328243, 46.344936, 46.362957, 46.379792, 46.394955, 46.411490, 46.428227, 46.444895, 46.461987, 46.478396, 46.495091, 46.511803, 46.528982, 46.545000, 46.563219, 46.578392, 46.595091, 46.613048, 46.628405, 46.645077, 46.661765, 46.678416, 46.695165, 46.711794, 46.728770, 46.745428, 46.762169, 46.779327, 46.799821, 46.812155, 46.829352, 46.845654, 46.864025, 46.878918, 46.895545, 46.912208, 46.928979, 46.945584, 46.962258, 46.978924, 46.995544, 47.012793, 47.029021, 47.045707, 47.062373, 47.078868, 47.095574, 47.114089, 47.128925, 47.145711, 47.162339, 47.179498, 47.195843, 47.212405, 47.229056, 47.245754, 47.262392, 47.280062, 47.295764, 47.312500, 47.329058, 47.345779, 47.364072, 47.379105, 47.395815, 47.412468, 47.429135, 47.445866, 47.462477, 47.479254, 47.495926, 47.513233, 47.529668, 47.546251, 47.562837, 47.579514, 47.596224, 47.614078, 47.630016, 47.646860, 47.663144, 47.679655, 47.696468, 47.713055, 47.731818, 47.746982, 47.763281, 47.780260, 47.796522, 47.813313, 47.829975, 47.846616, 47.864999, 47.881408, 47.896589, 47.913259, 47.930038, 47.946926, 47.963327, 47.980089, 47.996765, 48.013617, 48.030243, 48.046813, 48.063421, 48.080558, 48.096894, 48.115002, 48.130207, 48.151174, 48.163707, 48.180218, 48.196925, 48.213604, 48.230272, 48.247413, 48.263585, 48.280457, 48.296869, 48.313633, 48.330221, 48.346857, 48.364945, 48.380679, 48.397024, 48.413619, 48.430287, 48.447008, 48.463642, 48.480226, 48.496928, 48.513386, 48.530084, 48.546701, 48.563334, 48.579999, 48.596651, 48.613292, 48.631922, 48.647095, 48.663416, 48.680002, 48.696643, 48.713347, 48.730066, 48.746784, 48.763891, 48.780067, 48.796764, 48.813500, 48.830148, 48.846809, 48.863893, 48.882056, 48.896910, 48.913553, 48.930229, 48.946935, 48.963611, 48.980495, 48.997471, 49.015169, 49.030704, 49.046977, 49.063558, 49.080665, 49.097489, 49.113809, 49.132112, 49.147131, 49.163871, 49.180592, 49.197268, 49.213966, 49.232230, 49.247784, 49.264097, 49.281119, 49.297596, 49.314182, 49.330775, 49.347481, 49.367661, 49.382020, 49.397494, 49.414213, 49.430858, 49.447580, 49.464271, 49.481445, 49.498258, 49.514285, 49.530972, 49.547597, 49.564358, 49.580993, 49.597663, 49.614370, 49.633006, 49.647590, 49.664281, 49.680942, 49.697515, 49.714309, 49.730896, 49.748016, 49.764214, 49.780993, 49.797639, 49.814583, 49.831224, 49.847921, 49.864572, 49.882858, 49.897970, 49.914666, 49.931312, 49.948070, 49.964691, 49.981361, 49.998372, 50.014724, 50.031444, 50.048058, 50.064749, 50.081457, 50.098149, 50.114921, 50.132847, 50.149135, 50.165276, 50.181838, 50.198545, 50.215273, 50.232051, 50.249221, 50.265304, 50.282430, 50.298865, 50.315440, 50.332094, 50.348678, 50.365365, 50.384984, 50.398714, 50.415396, 50.432025, 50.448929, 50.467681, 50.482341, 50.499529, 50.519672, 50.532398, 50.549180, 50.565843, 50.582437, 50.599197, 50.615820, 50.632477, 50.650945, 50.665817, 50.683121, 50.699437, 50.716410, 50.733136, 50.749467, 50.766009, 50.782685, 50.799366, 50.816184, 50.832634, 50.849326, 50.865908, 50.882541, 50.900881, 50.915795, 50.932634, 50.949225, 50.965945, 50.983260, 50.999231, 51.015856, 51.034425, 51.049308, 51.065838, 51.082931, 51.099305, 51.116330, 51.133147, 51.153113, 51.167945, 51.182858, 51.199831, 51.216690, 51.232992, 51.252965, 51.266496, 51.282813, 51.299395, 51.316129, 51.332679, 51.349354, 51.366052, 51.383129, 51.399919, 51.418190, 51.432836, 51.450095, 51.466838, 51.482997, 51.499662, 51.516145, 51.532963, 51.549487, 51.566292, 51.582843, 51.599513, 51.616181, 51.632847, 51.649365, 51.667987, 51.683024, 51.699349, 51.716522, 51.732785, 51.749343, 51.765951, 51.782704, 51.799338, 51.816039, 51.832753, 51.849405, 51.866070, 51.882678, 51.899346, 51.917806, 51.932895, 51.949376, 51.966568, 51.982758, 51.999366, 52.016060, 52.032731, 52.049393, 52.066221, 52.082885, 52.099623, 52.116378, 52.133064, 52.149694, 52.167796, 52.183176, 52.199921, 52.217050, 52.234782, 52.249989, 52.266530, 52.283201, 52.299920, 52.316587, 52.333246, 52.351914, 52.366820, 52.383493, 52.400030, 52.419372, 52.433475, 52.449922, 52.466842, 52.483086, 52.499751, 52.516450, 52.533140, 52.549807, 52.566485, 52.583105, 52.599793, 52.616422, 52.633164, 52.649801, 52.666513, 52.687834, 52.700429, 52.716909, 52.733123, 52.749855, 52.766554, 52.783667, 52.800035, 52.816577, 52.833250, 52.849797, 52.866470, 52.883209, 52.899790, 52.916624, 52.933540, 52.951876, 52.967063, 52.983411, 52.999998, 53.016599, 53.033279, 53.049874, 53.066592, 53.083278, 53.100004, 53.116698, 53.133864, 53.150135, 53.166804, 53.183469, 53.201847, 53.217037, 53.233480, 53.250210, 53.266776, 53.283512, 53.300197, 53.316891, 53.333498, 53.350135, 53.367244, 53.383648, 53.400233, 53.417008, 53.433711, 53.451735, 53.466838, 53.483252, 53.499944, 53.516655, 53.533291, 53.550002, 53.566708, 53.583346, 53.600496, 53.616902, 53.633396, 53.650175, 53.666868, 53.683543, 53.701798, 53.716917, 53.733555, 53.750206, 53.766842, 53.783531, 53.800645, 53.817052, 53.833602, 53.850263, 53.867414, 53.883685, 53.900301, 53.917469, 53.934033, 53.951810, 53.967178, 53.983910, 54.000564, 54.017682, 54.034118, 54.052188, 54.067375, 54.083991, 54.100658, 54.117788, 54.134154, 54.150791, 54.167848, 54.184361, 54.202888, 54.217540, 54.234275, 54.251358, 54.268015, 54.284330, 54.300954, 54.319292, 54.334329, 54.350973, 54.367637, 54.384286, 54.402996, 54.418859, 54.434905, 54.452809, 54.468132, 54.484385, 54.500978, 54.517685, 54.534380, 54.551029, 54.567714, 54.584396, 54.601069, 54.617738, 54.638881, 54.651262, 54.667984, 54.685112, 54.702753, 54.717812, 54.734566, 54.751373, 54.767980, 54.785167, 54.801558, 54.818144, 54.834708, 54.851503, 54.868141, 54.884809, 54.901522, 54.918207, 54.935471, 54.952822, 54.968217, 54.984986, 55.001495, 55.018148, 55.034914, 55.051596, 55.068232, 55.084874, 55.101564, 55.118249, 55.134924, 55.151635, 55.168335, 55.185455, 55.203724, 55.218381, 55.235002, 55.251738, 55.268394, 55.285068, 55.302207, 55.318596, 55.335111, 55.351857, 55.368551, 55.385351, 55.401973, 55.419043, 55.435652, 55.453695, 55.468671, 55.485316, 55.501998, 55.518779, 55.535837, 55.552238, 55.568759, 55.585447, 55.602645, 55.619006, 55.635625, 55.652884, 55.669094, 55.685743, 55.703846, 55.719088, 55.735697, 55.752299, 55.769028, 55.785689, 55.802293, 55.819035, 55.835646, 55.852388, 55.868938, 55.885711, 55.902369, 55.918930, 55.936265, 55.953655, 55.969033, 55.985738, 56.002336, 56.019000, 56.036227, 56.052609, 56.069174, 56.085819, 56.102502, 56.119162, 56.135887, 56.152611, 56.170772, 56.186002, 56.204727, 56.219342, 56.235925, 56.252554, 56.269340, 56.285969, 56.302602, 56.319378, 56.336374, 56.352763, 56.369969, 56.386254, 56.404885, 56.419969, 56.436123, 56.454760, 56.469429, 56.486183, 56.502874, 56.519537, 56.536184, 56.552931, 56.569506, 56.586195, 56.602993, 56.619551, 56.636363, 56.653024, 56.670431, 56.686475, 56.704768, 56.719712, 56.736406, 56.753082, 56.769761, 56.786470, 56.807758, 56.820130, 56.836429, 56.853131, 56.870235, 56.886536, 56.903240, 56.920191, 56.936479, 56.954774, 56.969789, 56.986583, 57.003658, 57.019979, 57.036542, 57.053243, 57.069864, 57.086495, 57.103661, 57.120319, 57.136774, 57.153253, 57.170033, 57.186727, 57.204709, 57.220033, 57.236710, 57.253345, 57.270139, 57.286711, 57.304093, 57.320202, 57.336795, 57.353423, 57.370184, 57.386824, 57.403734, 57.420158, 57.436864, 57.455628, 57.470191, 57.486879, 57.503464, 57.520122, 57.536837, 57.553584, 57.570270, 57.586922, 57.603610, 57.620304, 57.636981, 57.654177, 57.670307, 57.686975, 57.705583, 57.720295, 57.736964, 57.753717, 57.770397, 57.787063, 57.804207, 57.820627, 57.837177, 57.853944, 57.871070, 57.887444, 57.904123, 57.920686, 57.937321, 57.955744, 57.970722, 57.987395, 58.004039, 58.020667, 58.037332, 58.054463, 58.070844, 58.089038, 58.104572, 58.121198, 58.137520, 58.154461, 58.170819, 58.187541, 58.205681, 58.220930, 58.238067, 58.254396, 58.270950, 58.287653, 58.305952, 58.321026, 58.337633, 58.354444, 58.375018, 58.388395, 58.404431, 58.421191, 58.437824, 58.455641, 58.471161, 58.487798, 58.504908, 58.521277, 58.537823, 58.554466, 58.571221, 58.587854, 58.604530, 58.621417, 58.637858, 58.654478, 58.671192, 58.687944, 58.706627, 58.721279, 58.738038, 58.754655, 58.771312, 58.787997, 58.804680, 58.821391, 58.838229, 58.854813, 58.871909, 58.888629, 58.904794, 58.921479, 58.938103, 58.957024, 58.971623, 
12, 10, 2, 1.887219, 1.863561, 1.815612, 1.792793, 1.732946, 1.662221, 1.606913, 1.529495, 1.443366, 1.346799, 1.242374, 1.068405, 0.894821, 0.725393, 0.558576, 0.393704, 0.232139, 0.071447, 0.088038, 0.226244, 0.370438, 0.525869, 0.680509, 0.836850, 0.983647, 1.135280, 1.280373, 1.424578, 1.571378, 1.693887, 1.771784, 1.779976, 1.784920, 1.733607, 1.620484, 1.531655, 1.381818, 1.231318, 1.047489, 0.895537, 0.749043, 0.603580, 0.487941, 0.379700, 0.280796, 0.190576, 0.107017, 0.029277, 0.028607, 0.083634, 0.164300, 0.139746, 0.158344, 0.177867, 0.190318, 0.123866, 0.082655, 0.042165, 0.010002, 0.068843, 0.169059, 0.269134, 0.336526, 0.401009, 0.467990, 0.520013, 0.592316, 0.654056, 0.695386, 0.731056, 0.754195, 0.787806, 0.778170, 0.758503, 0.705288, 0.732018, 0.700112, 0.629894, 0.697749, 0.753436, 0.755452, 0.776804, 0.780060, 0.794232, 0.812811, 0.820130, 0.805048, 0.783081, 0.803703, 0.789294, 0.803344, 0.814341, 0.796252, 0.824588, 0.832085, 0.845300, 0.869837, 0.879317, 0.899755, 0.914594, 0.948377, 0.976048, 0.992292, 1.009707, 1.026119, 1.032691, 0.995356, 0.927634, 0.853616, 0.777077, 0.681038, 0.591019, 0.475981, 0.371440, 0.249725, 0.101552, 0.063795, 0.222411, 0.392657, 0.559684, 0.722601, 0.882821, 1.030718, 1.143718, 1.257074, 1.377296, 1.499263, 1.600811, 1.703237, 1.793580, 1.891898, 1.901391, 1.886283, 1.881629, 1.848941, 1.793487, 1.746829, 1.692145, 1.613840, 1.506994, 1.398080, 1.279266, 1.191322, 1.075120, 0.963060, 0.817713, 0.683542, 0.534881, 0.390660, 0.251996, 0.116783, 0.010645, 0.106527, 0.225526, 0.317948, 0.430405, 0.475083, 0.520740, 0.583552, 0.651884, 0.696580, 0.740820, 0.785111, 0.825414, 0.844969, 0.861234, 0.876843, 0.893648, 0.909995, 0.925680, 0.935061, 0.918281, 0.927171, 0.904654, 0.883650, 0.828218, 0.819939, 0.885494, 0.966872, 1.075054, 1.263260, 1.471201, 1.661516, 1.859680, 2.075395, 2.303645, 2.504397, 2.695822, 2.862881, 3.027322, 3.192652, 3.277332, 3.414437, 3.540956, 3.655297, 3.756161, 3.843574, 3.897261, 3.890058, 3.872319, 3.795807, 3.682301, 3.552514, 3.362491, 3.144339, 2.901273, 2.623646, 2.321630, 2.019792, 1.704622, 1.377146, 1.032775, 0.703781, 0.396770, 0.108862, 0.157440, 0.415351, 0.615790, 0.797649, 0.966923, 1.112364, 1.250397, 1.345883, 1.415211, 1.478027, 1.529436, 1.571798, 1.600822, 1.639600, 1.675425, 1.686815, 1.713931, 1.745830, 1.776438, 1.824354, 1.862078, 1.916951, 1.974971, 2.029875, 2.083869, 2.144747, 2.201377, 2.246626, 2.281583, 2.308926, 2.314027, 2.254482, 2.306442, 2.292129, 2.261654, 2.220902, 2.168183, 2.101333, 2.032126, 1.961657, 1.876338, 1.781578, 1.680316, 1.582595, 1.504018, 1.406474, 1.240988, 1.259965, 1.195236, 1.132990, 1.088035, 1.056202, 1.037040, 1.018146, 1.004903, 0.984044, 0.970808, 0.935125, 0.826853, 0.858870, 0.808978, 0.684891, 0.729871, 0.701239, 0.676152, 0.675152, 0.620243, 0.652760, 0.723053, 0.708631, 0.808960, 0.792239, 0.843508, 0.862842, 0.888599, 0.908756, 0.897394, 0.911646, 0.905010, 0.882306, 0.865601, 0.858404, 0.842736, 0.822151, 0.811795, 0.803635, 0.806507, 0.808917, 0.812263, 0.813042, 0.808641, 0.822580, 0.818743, 0.834154, 0.869427, 0.804914, 0.799790, 0.800399, 0.802392, 0.796745, 0.781080, 0.769873, 0.760704, 0.734856, 0.721020, 0.717150, 0.709014, 0.685380, 0.671488, 0.665278, 0.652423, 0.638500, 0.640721, 0.636769, 0.623683, 0.605146, 0.580683, 0.570772, 0.537495, 0.479435, 0.433080, 0.386434, 0.332431, 0.282469, 0.243567, 0.193553, 0.157998, 0.138254, 0.107101, 0.103085, 0.121529, 0.096435, 0.108982, 0.105691, 0.119601, 0.127117, 0.058942, 0.137441, 0.134332, 0.119319, 0.110543, 0.094538, 0.070246, 0.043885, 0.009494, 0.015183, 0.041999, 0.054425, 0.069764, 0.082773, 0.081520, 0.083750, 0.215282, 0.116617, 0.136716, 0.137474, 0.146978, 0.146353, 0.140048, 0.124286, 0.084916, 0.044394, 0.056627, 0.100182, 0.177889, 0.302368, 0.295293, 0.498123, 0.664641, 0.954318, 1.152149, 1.440070, 1.698580, 1.922382, 2.225354, 2.516302, 2.698468, 2.907185, 3.085959, 3.162754, 3.315833, 3.328296, 3.380030, 3.389428, 3.386567, 3.371917, 3.434100, 3.333984, 3.313766, 3.290535, 3.247425, 3.197302, 3.129696, 3.050494, 2.965029, 2.894339, 2.816821, 2.730371, 2.662459, 2.585602, 2.533887, 2.416887, 2.355706, 2.286021, 2.237587, 2.213968, 2.201723, 2.203964, 2.233214, 2.263689, 2.301812, 2.339890, 2.379404, 2.426109, 2.449104, 2.467131, 2.494750, 2.496238, 2.502921, 2.485799, 2.473238, 2.429654, 2.388322, 2.337071, 2.299423, 2.245005, 2.198198, 2.138891, 2.083034, 2.002479, 1.914533, 1.820320, 1.704773, 1.547452, 1.384058, 1.185396, 0.970378, 0.750407, 0.525999, 0.284104, 0.051349, 0.171060, 0.392685, 0.598780, 0.791124, 0.975346, 1.156906, 1.308064, 1.451929, 1.579519, 1.698858, 1.818762, 1.928111, 2.038537, 2.143134, 2.241454, 2.341434, 2.443687, 2.555320, 2.763075, 2.801932, 2.937569, 3.062772, 3.199791, 3.340213, 3.482158, 3.605214, 3.746548, 3.898942, 4.041583, 4.183420, 4.336463, 4.503647, 4.642557, 4.891461, 4.948938, 5.073226, 5.188921, 5.285566, 5.368310, 5.450574, 5.518872, 5.581324, 5.626041, 5.678734, 5.725472, 5.751544, 5.783398, 5.804630, 5.849932, 5.805742, 5.771285, 5.705108, 5.646775, 5.520883, 5.460402, 5.364241, 5.249748, 5.116687, 4.937899, 4.776048, 4.584841, 4.382029, 4.178121, 3.976826, 3.772218, 3.553063, 3.321823, 3.090410, 2.856988, 2.596231, 2.329185, 2.062078, 1.800411, 1.539672, 1.275026, 1.013771, 0.750146, 0.505904, 0.301614, 0.113443, 0.061373, 0.201432, 0.354115, 0.463107, 0.547865, 0.617172, 0.729237, 0.811504, 0.864714, 0.918062, 0.977060, 1.035875, 1.090655, 1.124815, 1.221829, 1.275838, 1.330342, 1.390441, 1.453813, 1.502670, 1.544694, 1.595365, 1.629347, 1.659000, 1.665663, 1.684397, 1.688626, 1.661254, 1.613076, 1.552299, 1.476998, 1.388146, 1.254863, 1.119811, 0.973892, 0.802026, 0.615798, 0.420829, 0.220191, 0.008319, 0.184447, 0.463054, 0.572684, 0.762842, 0.936214, 1.076405, 1.196128, 1.278139, 1.350782, 1.394070, 1.428145, 1.432779, 1.418241, 1.329584, 1.266324, 1.157486, 1.040652, 0.937754, 0.833709, 0.717360, 0.596127, 0.462051, 0.300433, 0.117702, 0.069057, 0.251891, 0.434530, 0.611542, 0.779123, 0.910571, 1.047725, 1.209777, 1.355460, 1.490356, 1.623041, 1.744671, 1.837072, 1.824859, 1.814703, 1.841467, 1.743978, 1.758802, 1.687137, 1.547502, 1.544850, 1.408893, 1.319078, 1.328237, 1.227093, 1.203154, 1.245034, 1.181880, 1.188514, 1.209269, 1.195505, 1.192171, 1.186927, 1.192201, 1.206190, 1.214449, 1.246442, 1.277351, 1.317985, 1.357654, 1.415149, 1.456435, 1.484798, 1.506672, 1.551113, 1.557261, 1.562886, 1.563831, 1.546309, 1.526307, 1.502449, 1.462528, 1.431863, 1.388083, 1.340713, 1.266531, 1.192479, 1.098187, 0.995548, 0.886662, 0.783282, 0.683772, 0.574607, 0.477513, 0.399431, 0.324814, 0.279561, 0.251019, 0.242319, 0.248254, 0.290051, 0.332835, 0.386238, 0.445301, 0.489020, 0.520384, 0.543858, 0.575755, 0.603437, 0.643720, 0.682978, 0.722581, 0.805731, 0.839603, 0.896601, 0.928745, 0.941557, 0.951071, 0.958156, 0.959116, 0.947232, 0.956852, 0.986155, 0.952628, 0.925948, 0.883286, 0.836848, 0.773601, 0.717756, 0.658131, 0.619751, 0.591631, 0.574296, 0.368351, 0.349747, 0.377980, 0.449080, 0.547339, 0.653716, 0.810873, 0.969910, 1.159908, 1.360220, 1.583181, 1.817521, 2.062944, 2.249831, 2.523331, 2.672877, 2.889747, 3.014426, 3.095148, 3.125917, 3.112022, 3.057863, 2.943494, 2.781543, 2.554233, 2.243049, 1.707518, 1.235224, 0.661419, 0.009919, 0.695542, 1.474259, 2.291470, 3.139415, 4.024884, 4.945237, 5.877070, 6.823231, 7.784541, 8.742334, 9.686386, 10.576201, 11.415867, 12.187025, 12.888470, 13.524640, 14.085064, 14.633877, 15.043204, 15.388667, 15.728407, 16.007152, 16.184236, 16.308304, 16.376761, 16.447001, 16.459023, 16.492748, 16.520205, 16.508144, 16.469891, 16.380602, 16.246514, 16.053961, 15.825395, 15.576339, 15.300092, 15.015867, 14.746134, 14.467521, 14.177732, 13.889404, 13.610616, 13.138421, 13.046747, 12.761419, 12.474798, 12.186545, 11.906975, 11.656199, 11.442303, 11.270831, 11.146890, 11.098514, 11.107240, 11.208909, 11.375313, 11.619995, 11.988427, 12.370075, 12.865743, 13.399181, 13.964060, 14.530014, 15.061843, 15.553077, 15.989868, 16.392397, 16.749154, 17.019186, 17.284799, 17.520722, 17.670371, 17.727773, 17.833874, 17.832601, 17.805490, 17.741028, 17.643804, 17.506288, 17.337608, 17.145668, 16.935352, 16.704672, 16.285862, 16.084736, 15.690918, 15.256350, 14.570397, 14.284279, 13.738071, 13.161442, 12.549514, 11.896958, 11.214393, 10.521031, 9.816294, 9.097206, 8.399416, 7.739953, 7.116927, 6.523364, 5.965498, 5.213321, 4.928779, 4.221850, 3.735211, 3.276132, 3.041724, 2.414339, 2.188799, 1.608983, 1.253217, 0.878533, 0.554159, 0.247578, 0.045318, 0.327740, 0.590711, 0.886752, 1.174889, 1.465550, 1.812225, 2.110932, 2.398557, 2.691961, 3.005653, 3.305395, 3.593015, 3.920921, 4.244066, 4.594454, 4.958327, 5.351214, 5.778061, 6.226417, 6.727217, 7.254754, 7.834680, 8.437161, 9.070406, 9.742358, 10.433401, 11.145011, 11.874928, 12.624509, 13.377565, 14.123304, 14.885935, 15.621455, 16.349311, 17.051779, 17.724533, 18.370343, 18.991355, 19.584854, 20.144672, 20.657451, 21.134721, 21.580942, 21.993729, 22.382114, 22.739792, 23.171354, 23.446232, 23.789710, 24.136410, 24.471584, 24.809093, 25.154365, 25.514172, 25.828322, 26.154133, 26.477026, 26.792569, 27.102661, 27.423905, 27.655393, 27.905799, 28.140745, 28.367704, 28.556984, 28.690018, 28.776944, 28.794286, 28.748022, 28.631767, 28.420158, 28.122427, 27.713841, 27.187534, 26.579767, 25.858915, 25.049141, 23.809361, 22.790424, 22.188489, 21.207213, 20.241996, 19.316688, 18.443484, 17.588635, 16.746263, 15.934628, 15.158747, 14.378452, 13.647473, 12.916114, 12.200749, 11.509642, 10.553420, 10.231190, 9.672381, 9.186778, 8.782969, 8.468785, 8.250227, 8.116661, 8.077160, 8.124925, 8.242155, 8.424958, 8.651875, 8.876878, 9.083708, 9.293758, 9.375382, 9.520694, 9.552812, 9.418691, 9.329488, 9.278316, 8.840380, 8.504751, 8.347826, 7.717241, 7.289857, 7.071802, 6.406508, 6.201477, 5.516781, 5.090287, 4.842650, 4.162752, 3.730839, 3.347757, 2.984486, 2.635973, 2.297345, 1.969516, 1.665109, 1.360799, 1.044007, 0.761223, 0.494528, 0.244711, 0.019706, 0.185576, 0.383984, 0.577078, 0.676322, 0.883555, 1.033802, 1.162636, 1.273893, 1.356590, 1.419788, 1.456248, 1.468429, 1.461480, 1.435030, 1.368229, 1.304982, 1.235157, 1.146483, 1.036545, 0.905666, 0.770341, 0.612800, 0.376174, 0.175460, 0.085020, 0.336562, 0.596960, 0.828993, 1.063130, 1.296540, 1.523640, 1.698929, 1.856420, 1.977500, 2.079381, 2.141635, 2.214788, 2.257231, 2.291727, 2.308455, 2.300051, 2.262381, 2.198110, 2.111400, 2.018664, 1.816428, 1.857539, 1.723729, 1.613094, 1.508363, 1.396234, 1.287831, 1.184905, 0.980705, 0.988814, 0.892804, 0.805047, 0.748746, 0.684667, 0.633059, 0.482999, 0.547055, 0.532547, 0.524783, 0.536240, 0.558701, 0.597894, 0.661690, 0.710737, 0.790619, 0.873640, 0.945172, 1.028121, 1.109003, 1.124420, 1.235707, 1.294415, 1.268802, 1.367268, 1.374455, 1.276368, 1.319322, 1.120913, 0.997901, 0.843869, 0.671323, 0.476248, 0.255368, 0.020983, 0.228560, 0.488129, 0.757906, 1.028753, 1.290349, 1.565735, 1.817771, 2.052669, 2.263879, 2.440596, 2.562588, 2.663999, 2.709283, 2.704828, 2.628186, 2.500475, 2.348903, 2.185849, 2.014656, 1.819232, 1.602222, 1.435287, 1.249360, 1.057782, 0.906041, 0.764701, 0.622803, 0.501486, 0.399549, 0.253148, 0.151614, 0.078243, 0.023082, 0.020775, 0.040389, 0.039349, 0.037489, 0.028591, 0.030309, 0.029616, 0.028220, 0.028644, 0.041530, 0.066114, 0.114192, 0.160213, 0.206575, 0.249979, 0.276594, 0.278755, 0.281866, 0.243624, 0.195631, 0.131534, 0.033322, 0.063379, 0.197484, 0.344626, 0.456768, 0.558352, 0.649781, 0.721985, 0.770383, 0.856842, 0.873582, 0.866010, 0.852259, 0.844608, 0.828512, 0.835560, 0.842369, 0.857133, 0.857834, 0.830138, 0.779510, 0.669576, 0.501068, 0.294953, 0.080522, 0.177064, 0.511883, 0.871679, 1.255722, 1.679794, 2.127341, 2.589145, 3.062716, 3.538091, 4.022073, 4.505590, 4.963500, 5.398811, 5.777801, 6.132534, 6.351610, 6.533484, 6.640029, 6.628080, 6.387533, 6.167604, 6.041483, 5.561212, 5.397130, 4.852849, 4.482257, 4.298424, 3.754575, 3.394739, 3.033565, 2.687103, 2.360347, 2.066785, 1.791409, 1.508536, 1.210065, 0.918924, 0.765364, 0.258534, 0.114318, 0.315129, 0.888567, 1.275091, 1.794790, 2.175299, 2.656488, 2.856560, 3.136591, 3.370340, 3.587194, 3.751893, 3.885861, 3.992163, 4.062528, 4.081282, 4.051913, 3.945049, 3.807824, 3.626063, 3.442604, 3.169834, 2.829298, 2.395692, 1.878071, 1.254195, 0.512930, 0.347534, 1.293627, 2.352020, 3.490762, 4.718677, 5.989703, 7.309889, 8.660946, 10.016090, 11.347520, 12.653043, 13.894250, 15.056919, 16.125730, 17.095076, 17.934866, 18.629948, 19.189830, 19.620911, 19.885282, 20.016021, 20.011937, 19.899083, 19.603833, 19.200106, 18.695502, 18.089494, 17.419282, 16.691410, 15.890677, 15.031280, 14.127413, 13.188877, 12.187496, 11.135309, 10.010819, 8.826608, 7.581575, 6.289486, 4.955005, 3.617135, 2.223810, 0.821862, 0.554937, 1.886591, 3.189318, 4.427265, 5.604219, 6.718404, 7.735661, 8.641426, 9.490660, 10.222157, 10.898855, 11.520798, 12.056918, 12.684684, 13.042176, 13.485966, 13.892510, 14.266881, 14.586151, 14.859456, 15.085375, 15.278739, 15.436889, 15.596430, 15.681291, 15.753634, 15.777651, 15.767851, 15.631909, 15.607860, 15.375758, 15.255609, 14.975356, 14.660602, 14.270891, 13.835986, 13.351955, 12.841124, 12.299256, 11.717749, 11.124696, 10.511365, 9.622774, 9.276626, 8.418408, 7.838993, 7.537139, 6.806944, 6.350519, 6.127332, 5.546545, 5.204087, 4.911961, 4.684046, 4.528319, 4.462709, 4.479388, 4.630196, 4.822669, 5.153634, 5.603574, 6.125428, 6.704272, 7.316968, 7.979422, 8.706453, 9.448587, 10.214963, 10.984237, 11.767563, 12.530282, 13.280663, 14.023380, 14.732877, 15.419235, 16.090543, 16.747659, 17.399474, 18.040639, 18.692066, 19.347341, 20.009076, 20.692166, 21.356525, 22.025796, 22.693315, 23.352869, 24.005290, 24.631919, 25.248685, 25.866198, 26.467093, 27.057640, 27.631254, 28.197034, 28.750095, 29.301528, 29.845836, 30.397426, 30.948626, 31.506876, 32.058241, 32.602653, 33.162532, 33.733297, 34.309880, 34.881962, 35.448443, 36.015668, 36.580828, 37.159729, 37.727750, 38.279518, 38.825614, 39.344228, 39.851658, 40.344508, 40.821006, 41.294663, 41.804989, 42.228494, 42.710105, 43.184532, 43.653802, 44.122927, 44.606289, 45.089957, 45.590966, 46.098347, 46.621561, 47.244168, 47.687056, 48.226677, 48.811153, 49.488842, 50.010847, 50.628552, 51.264206, 51.920035, 52.610357, 53.315375, 54.035608, 54.755075, 55.464839, 56.184100, 56.877103, 57.702294, 58.237919, 58.837555, 59.438014, 59.899419, 60.352240, 60.781473, 61.186365, 61.493905, 61.808368, 62.035534, 62.140742, 62.356780, 62.427919, 62.314268, 62.299633, 62.234762, 62.148385, 62.066257, 62.082293, 61.915454, 61.851245, 61.823429, 61.818410, 61.844952, 61.911662, 62.005681, 62.131298, 62.301132, 62.506916, 62.756125, 63.015708, 63.327458, 63.660947, 64.006722, 64.431358, 64.838907, 65.286260, 65.732650, 66.165953, 66.604100, 67.049678, 67.500846, 67.949042, 68.398759, 68.863193, 69.299897, 69.749727, 70.200885, 70.651515, 71.101361, 71.551608, 71.954019, 72.321816, 72.661682, 72.966406, 73.248709, 73.436469, 73.597167, 73.726027, 73.791260, 73.778079, 73.706047, 73.575828, 73.378183, 73.128270, 72.831507, 72.508063, 72.133962, 71.699904, 71.231888, 70.725766, 70.184336, 69.596498, 68.970274, 68.333958, 67.668393, 66.958832, 66.228312, 65.487768, 64.717378, 63.941631, 63.153645, 62.359436, 61.550275, 60.744066, 59.947168, 59.141905, 58.333238, 57.528181, 56.719051, 55.898093, 55.081772, 54.267273, 53.331798, 52.682697, 51.900805, 51.102192, 50.304500, 49.513940, 48.730190, 47.971627, 47.223279, 46.472965, 45.725484, 44.981349, 44.235746, 43.520710, 42.793774, 41.939544, 41.338092, 40.626284, 39.900505, 39.171680, 38.452935, 37.636680, 36.914409, 36.368824, 35.590000, 34.892474, 34.344625, 33.588983, 33.035832, 32.383328, 31.649519, 31.037952, 30.429894, 29.828466, 29.219897, 28.682565, 28.116979, 27.574202, 26.957900, 26.501211, 25.964092, 25.422072, 24.902163, 24.379862, 23.843257, 23.287476, 22.721334, 22.173390, 21.642044, 21.107724, 20.609784, 20.143324, 19.720091, 19.332914, 18.992956, 18.696709, 18.478677, 18.275911, 18.080990, 17.907732, 17.771521, 17.670082, 17.598837, 17.564038, 17.576689, 17.648894, 17.764662, 17.930035, 18.135175, 18.380064, 18.673495, 19.005702, 19.328166, 19.667306, 19.980538, 20.261128, 20.480648, 20.656656, 20.776564, 20.873976, 20.913667, 20.924467, 20.887543, 20.789972, 20.630242, 20.412322, 20.143447, 19.826832, 19.398143, 18.881910, 18.294448, 17.624208, 16.892713, 16.112726, 15.292230, 14.424312, 13.523225, 12.617724, 11.686097, 10.763634, 9.857088, 8.932119, 8.077861, 7.231482, 6.429864, 5.559845, 5.047957, 4.471790, 4.000486, 3.620859, 3.323025, 3.032903, 2.843205, 2.700243, 2.591039, 2.550666, 2.518312, 2.502894, 2.539202, 2.597124, 2.784784, 2.776681, 2.910650, 3.182371, 3.211895, 3.351423, 3.619214, 3.698068, 3.735920, 3.935368, 3.914473, 4.042692, 3.966496, 3.942028, 3.921474, 3.785832, 3.642125, 3.440582, 3.236151, 3.008684, 2.797591, 2.578047, 2.312793, 2.045786, 1.771456, 1.476039, 1.230175, 1.011849, 0.797295, 0.564066, 0.336174, 0.125092, 0.085607, 0.274834, 0.447947, 0.596250, 0.721136, 0.843808, 0.954974, 1.082573, 1.187384, 1.282180, 1.366503, 1.435423, 1.500225, 1.539934, 1.589875, 1.626817, 1.664279, 1.717133, 1.749761, 1.783395, 1.814847, 1.856505, 1.873872, 1.911515, 1.948906, 1.972729, 1.990858, 2.006209, 2.024892, 2.028823, 2.039602, 2.038646, 2.040574, 2.024823, 2.036037, 1.998602, 1.961128, 1.916510, 1.835823, 1.742950, 1.613574, 1.459961, 1.284407, 1.105716, 0.883857, 0.679091, 0.444132, 0.220887, 0.012478, 0.195180, 0.378840, 0.548313, 0.682112, 0.787206, 0.855907, 0.890703, 0.894453, 0.837002, 0.734266, 0.630004, 0.485526, 0.345653, 0.222962, 0.084585, 0.054554, 0.197284, 0.329852, 0.416015, 0.431821, 0.384488, 0.304086, 0.189071, 0.047221, 0.125499, 0.445678, 0.548015, 0.786511, 1.049321, 1.333478, 1.615346, 1.882590, 2.141854, 2.364048, 2.570752, 2.748497, 2.901614, 3.043522, 3.157033, 3.259127, 3.429454, 3.451733, 3.544060, 3.725381, 3.802372, 3.812548, 3.969250, 3.986184, 4.061713, 4.183987, 4.180113, 4.268213, 4.321613, 4.361502, 4.389391, 4.408018, 4.415899, 4.423792, 4.412042, 4.347422, 4.263837, 4.194837, 4.088124, 3.988096, 3.906583, 3.791376, 3.695144, 3.590368, 3.475210, 3.344212, 3.209194, 3.070021, 2.942267, 2.816313, 2.679840, 2.543927, 2.412405, 2.285272, 2.147295, 2.027298, 1.900844, 1.788496, 1.676315, 1.547762, 1.413970, 1.235296, 1.129882, 0.983069, 0.839606, 0.740157, 0.647588, 0.537104, 0.420648, 0.320501, 0.234239, 0.160795, 0.100750, 0.055123, 0.024645, 0.009850, 0.022662, 0.058681, 0.107442, 0.170039, 0.245484, 0.333512, 0.447887, 0.584494, 0.738027, 0.900003, 1.071314, 1.249169, 1.433940, 1.621540, 1.816155, 2.011521, 2.224468, 2.410490, 2.604877, 2.802454, 2.985375, 3.153245, 3.314031, 3.472053, 3.625801, 3.749982, 3.852651, 3.940402, 3.997442, 4.034123, 4.055931, 4.095394, 4.150169, 4.182677, 4.230493, 4.298748, 4.412121, 4.503212, 4.585061, 4.691054, 4.797617, 4.937019, 5.111960, 5.282552, 5.499484, 5.771389, 6.081369, 6.221408, 6.536853, 6.828179, 7.141887, 7.478467, 7.813917, 8.152748, 8.512310, 8.854163, 9.213987, 9.578986, 9.939646, 10.296741, 10.649361, 10.987991, 11.313238, 11.642177, 11.965459, 12.280522, 12.595274, 12.912857, 13.239817, 13.550847, 13.854663, 14.138665, 14.403278, 14.680900, 14.961914, 15.234300, 15.474339, 15.726361, 15.994806, 16.263416, 16.539392, 16.826234, 17.107245, 17.398067, 17.696312, 17.981281, 18.276753, 18.561977, 18.841561, 19.130381, 19.438393, 19.696822, 19.989263, 20.291157, 20.603330, 20.901661, 21.216925, 21.540624, 21.873194, 22.224517, 22.570368, 22.916332, 23.285663, 23.661241, 24.045299, 24.426695, 24.804082, 25.182190, 25.549197, 25.897195, 26.226300, 26.513127, 26.775980, 26.981933, 27.161597, 27.327592, 27.417403, 27.441387, 27.423003, 27.351041, 27.224506, 27.030177, 26.676945, 26.566036, 26.265664, 25.957411, 25.635855, 25.307705, 24.983650, 24.666552, 24.341394, 24.011312, 23.703224, 23.418700, 23.098686, 22.984442, 22.838437, 22.688538, 22.718647, 22.766029, 22.906723, 23.092419, 23.320692, 23.645212, 24.026190, 24.450767, 24.921126, 25.432720, 25.984445, 26.556737, 27.111490, 27.694043, 28.290636, 29.015924, 29.459479, 30.049673, 30.627453, 31.205118, 31.764420, 32.317795, 32.974113, 33.392694, 33.925906, 34.551007, 34.955030, 35.455092, 36.038974, 36.520044, 36.986509, 37.469338, 37.859020, 38.435014, 38.905899, 39.383474, 39.806043, 40.218536, 40.576589, 40.896298, 41.127823, 41.359993, 41.484965, 41.558073, 41.555729, 41.474609, 41.309814, 41.065640, 40.760895, 40.389428, 39.958625, 39.480227, 38.944943, 38.371974, 37.741943, 37.080888, 36.396006, 35.675752, 34.951242, 34.240151, 33.517440, 32.827753, 32.145805, 31.517936, 30.817043, 30.173569, 29.556752, 28.979846, 28.427636, 27.908022, 27.409738, 26.931060, 26.469795, 26.049928, 25.693069, 25.417935, 25.217850, 25.135567, 25.194790, 25.373245, 25.662145, 26.119654, 26.686351, 27.343235, 28.081532, 28.893355, 29.764744, 30.671584, 31.585130, 32.523386, 33.426503, 34.300653, 35.146639, 35.933286, 36.689528, 37.404215, 38.063366, 38.672615, 39.242522, 39.807628, 40.358415, 40.913906, 41.470774, 42.043973, 42.618659, 43.178243, 43.730053, 44.274177, 44.791421, 45.299390, 45.800922, 46.301279, 46.803655, 47.303187, 47.809483, 48.300757, 48.793600, 49.277554, 49.776058, 50.264031, 50.737708, 51.287203, 51.678256, 52.114233, 52.513265, 52.883168, 53.203917, 53.500736, 53.771945, 54.037090, 54.219135, 54.391483, 54.550898, 54.691945, 54.821741, 54.926345, 54.974514, 55.120600, 55.209965, 55.302392, 55.349408, 55.515114, 55.646487, 55.772113, 55.974750, 56.192111, 56.413386, 56.633133, 56.889831, 57.167578, 57.418346, 57.690052, 57.969240, 58.246466, 58.492939, 58.674411, 58.878653, 58.948851, 59.024423, 59.067756, 59.087646, 59.055215, 58.975538, 58.896548, 58.679693, 58.465215, 58.222470, 57.939124, 57.625649, 57.302732, 56.961898, 56.622637, 56.288110, 55.962676, 55.649592, 55.356769, 55.076790, 54.828303, 54.580089, 54.361223, 54.175183, 54.003247, 53.858284, 53.735206, 53.611279, 53.530903, 53.462588, 53.411603, 53.366476, 53.312444, 53.254146, 53.213003, 53.176313, 52.989039, 52.916292, 52.840136, 52.756982, 52.667565, 52.559330, 52.424896, 52.298220, 52.119646, 51.902679, 51.657613, 51.391077, 51.102020, 50.789578, 50.464286, 50.121496, 49.771518, 49.432403, 49.091852, 48.796194, 48.534109, 48.329304, 48.176616, 48.061689, 48.004081, 47.967380, 47.932640, 47.948296, 47.984660, 48.033856, 48.086702, 48.130141, 48.151290, 48.147756, 48.148817, 48.127847, 48.076668, 48.029569, 47.962616, 47.885376, 47.808707, 47.755838, 47.709601, 47.685265, 47.676938, 47.736059, 47.837020, 47.982653, 48.184611, 48.668891, 48.836685, 49.289352, 49.824018, 50.433291, 51.098846, 51.813302, 52.558295, 53.294463, 54.330108, 54.740583, 55.435914, 56.093938, 56.703874, 57.512737, 57.994154, 58.629448, 58.939581, 59.017467, 59.436096, 59.464760, 59.618774, 59.851373, 59.921000, 59.939489, 60.101913, 60.159766, 60.217755, 60.279378, 60.351315, 60.423641, 60.488256, 60.515579, 60.601089, 60.675127, 60.773772, 60.897926, 61.045120, 61.214725, 61.519623, 61.890562, 62.339411, 62.865465, 63.452479, 64.114757, 64.830649, 65.670160, 66.418782, 67.251536, 68.101316, 68.961809, 69.819663, 70.678844, 71.513666, 72.316325, 73.070748, 73.754055, 74.370706, 74.914444, 75.376060, 75.732219, 76.047977, 76.283071, 76.433659, 76.512057, 76.540991, 76.524566, 76.481521, 76.437916, 76.398807, 76.349173, 76.322074, 76.332347, 76.365844, 76.432666, 76.537676, 76.688448, 76.897864, 77.126967, 77.365376, 77.650205, 77.972195, 78.297640, 78.621601, 78.943253, 79.265815, 79.623647, 80.006383, 80.419438, 80.844770, 81.303213, 81.788918, 82.288131, 82.792011, 83.300860, 83.803670, 84.291390, 84.774551, 85.239716, 85.696365, 86.138937, 86.579166, 87.002511, 87.421245, 87.815336, 88.236269, 88.616514, 89.008339, 89.339816, 89.724613, 90.094485, 90.463436, 90.836719, 91.229154, 91.609382, 91.966879, 92.369446, 92.802753, 93.271301, 93.771333, 94.295881, 94.923043, 95.401544, 95.956904, 96.537888, 97.112636, 97.693486, 98.252016, 98.807655, 99.315559, 99.816197, 100.291225, 100.734301, 101.152269, 101.554886, 101.884681, 102.285245, 102.584036, 102.884461, 103.186983, 103.501334, 103.798934, 104.016029, 104.143644, 104.249773, 104.344117, 104.409555, 104.439146, 104.443933, 104.426419, 104.506214, 104.342116, 104.273144, 104.186613, 104.084722, 103.981449, 103.888705, 103.741826, 103.610653, 103.478689, 103.333179, 103.204504, 103.066967, 102.946636, 102.816796, 102.729940, 102.648619, 102.559477, 102.499394, 102.450911, 102.462919, 102.332037, 102.256515, 102.167952, 102.046673, 101.935020, 101.800110, 101.636670, 101.458383, 101.255810, 101.038688, 100.814784, 100.582519, 100.366307, 100.148861, 99.917204, 99.669943, 99.389029, 99.097651, 98.791585, 98.461826, 98.082387, 97.685339, 97.244571, 96.771413, 96.273588, 95.724365, 95.150455, 94.582748, 94.003661, 93.438834, 92.895514, 92.379929, 91.908185, 91.369137, 91.022373, 90.763824, 90.630082, 90.619129, 90.740988, 90.964563, 91.243511, 91.759330, 92.172854, 92.694500, 93.200588, 93.705004, 94.168298, 94.597687, 94.983204, 95.322455, 95.575983, 95.822692, 96.030085, 96.200217, 96.375606, 96.514302, 96.584473, 96.634384, 96.674374, 96.712368, 96.755592, 96.775476, 96.795993, 96.862532, 96.960244, 97.133005, 97.314203, 97.439165, 97.725371, 97.981081, 98.177622, 98.600871, 98.969364, 99.365508, 99.781555, 100.189840, 100.603910, 101.002294, 101.400564, 101.788218, 102.168049, 102.533622, 102.879544, 103.198485, 103.499438, 103.801635, 104.110803, 104.403847, 104.708499, 105.005196, 105.294808, 105.562968, 105.786947, 105.959810, 106.102919, 106.183287, 106.224989, 106.226373, 106.204667, 106.102610, 105.974093, 105.808701, 105.603855, 105.360061, 105.085111, 104.778411, 104.449334, 104.103519, 103.621380, 103.375973, 103.008335, 102.628616, 102.253305, 101.865941, 101.509995, 101.164015, 100.830498, 100.543558, 100.283797, 100.073030, 99.937722, 99.891756, 99.877172, 99.886639, 99.967275, 100.125143, 100.304722, 100.496454, 100.695901, 100.901297, 101.089985, 101.256851, 101.486737, 101.624529, 101.709520, 101.825012, 101.888607, 101.933072, 101.999054, 102.065373, 102.119187, 102.161509, 102.223595, 102.313125, 102.450682, 102.595810, 102.800088, 103.041192, 103.297511, 103.575112, 103.896788, 104.236496, 104.702153, 105.019156, 105.448152, 105.919860, 106.417174, 106.977379, 107.561854, 108.139613, 108.744327, 109.368949, 110.057047, 110.641168, 111.334689, 112.005086, 112.601847, 113.347068, 114.044546, 114.694932, 115.534568, 116.220203, 117.016170, 117.976028, 118.851281, 119.790600, 120.761826, 121.766487, 122.794760, 123.823125, 124.857229, 125.870959, 126.846859, 127.851181, 128.735234, 129.626199, 130.472644, 131.288223, 132.064589, 132.847723, 133.521914, 134.224196, 134.904681, 135.586964, 136.211125, 136.832513, 137.557348, 138.061383, 138.660752, 139.236592, 139.839924, 140.439790, 141.016113, 141.395148, 141.847365, 142.284825, 142.729894, 143.176248, 143.649885, 144.110523, 144.574143, 145.047142, 145.540756, 146.044271, 146.565126, 147.081327, 147.600221, 148.125394, 148.666520, 149.206486, 149.746945, 150.292842, 150.818093, 151.358650, 151.883189, 152.412566, 152.939774, 153.462227, 153.984173, 154.507676, 155.029870, 155.547267, 156.086158, 156.606840, 157.125618, 157.638751, 158.151639, 158.670119, 159.201234, 159.712842, 160.215535, 160.716125, 161.221476, 161.703932, 162.211066, 162.669827, 163.136729, 163.596658, 164.075612, 164.544053, 165.007879, 165.446251, 165.963065, 166.356143, 166.799335, 167.242822, 167.688311, 168.148521, 168.613249, 169.059953, 169.508534, 169.947026, 170.381125, 170.790447, 171.193707, 171.588193, 171.986454, 172.403075, 172.843932, 173.176159, 173.563988, 173.923597, 174.254670, 174.537809, 174.802694, 175.063461, 175.320230, 175.568777, 175.815341, 175.982905, 176.118170, 176.218878, 176.304089, 176.330074, 176.356158, 176.389758, 176.484213, 176.503380, 176.448705, 176.517616, 176.515517, 176.451753, 176.528717, 176.470849, 176.463829, 176.535539, 176.451971, 176.439090, 176.430009, 176.389792, 176.341428, 176.366084, 176.175872, 176.147068, 175.875349, 175.699015, 175.471665, 175.224680, 174.963894, 174.689531, 174.390634, 174.077054, 173.758325, 173.444250, 173.129696, 172.810143, 172.507525, 172.231231, 171.971023, 171.720089, 171.484447, 171.258875, 171.045054, 170.851966, 170.653059, 170.458983, 170.258281, 170.056947, 169.839627, 169.643474, 169.450298, 169.227260, 169.009410, 168.809131, 168.596912, 168.367881, 168.148640, 167.915674, 167.682372, 167.444379, 167.206894, 166.951541, 166.707060, 166.468062, 166.109120, 165.928847, 165.634017, 165.327741, 165.003033, 164.657600, 164.303296, 163.954256, 163.591582, 163.243320, 162.900550, 162.551862, 162.204152, 161.855419, 161.507232, 161.185579, 160.861940, 160.570862, 160.312008, 160.063313, 159.842603, 159.638953, 159.472997, 159.321115, 159.186787, 159.043110, 158.896479, 158.744702, 158.609263, 158.464205, 158.320638, 158.156845, 157.983979, 157.814573, 157.610447, 157.411254, 157.217157, 157.023051, 156.841119, 156.668399, 156.501847, 156.349701, 156.213249, 156.062604, 155.905505, 155.754439, 155.508206, 155.440246, 155.281865, 155.122869, 154.961037, 154.802566, 154.643151, 154.488064, 154.337063, 154.200609, 154.066001, 153.877484, 153.838129, 153.716808, 153.600061, 153.399599, 153.294939, 153.258978, 153.168115, 153.026358, 153.019850, 152.971468, 152.901103, 152.921073, 152.881051, 152.927376, 152.965722, 153.039576, 153.134370, 153.250489, 153.474488, 153.700224, 153.955747, 154.248984, 154.569164, 154.886819, 155.233732, 155.611494, 155.998609, 156.372810, 156.742668, 157.128769, 157.500439, 157.856621, 158.219463, 158.553048, 158.885562, 159.210376, 159.539532, 159.856878, 160.163681, 160.466982, 160.765247, 161.071751, 161.345992, 161.630694, 161.916746, 162.199309, 162.477651, 162.770619, 163.069679, 163.404433, 163.763936, 164.149786, 164.596645, 165.095829, 165.632957, 166.411247, 166.831155, 167.486713, 168.165465, 168.868458, 169.574313, 170.295358, 170.991950, 171.672537, 172.306545, 172.897199, 173.438565, 173.941242, 174.385253, 174.768631, 175.097728, 175.367648, 175.568534, 175.667825, 175.765507, 175.824473, 175.778800, 175.658546, 175.470238, 175.225758, 174.947182, 174.628178, 174.259082, 173.849712, 173.398369, 172.912370, 172.407864, 171.883010, 171.320350, 170.733701, 170.121024, 169.500247, 168.873344, 168.064610, 167.692752, 167.144218, 166.622035, 166.138148, 165.689304, 165.284615, 164.918622, 164.581749, 164.304575, 164.090563, 163.932492, 163.820639, 163.682177, 163.684412, 163.695492, 163.786068, 163.914592, 164.054227, 164.218931, 164.412449, 164.634910, 164.883704, 165.130991, 165.389932, 165.673357, 165.962043, 166.268874, 166.598011, 166.959667, 167.419168, 167.753339, 168.200191, 168.684418, 169.192120, 169.742521, 170.321158, 171.108848, 171.596858, 172.257202, 173.129730, 173.842965, 174.371996, 175.335981, 176.109801, 176.912136, 177.726416, 178.580664, 179.450626, 179.674979, 178.787538, 177.868178, 176.947689, 176.008860, 175.043827, 174.072926, 173.102512, 172.122460, 171.131736, 170.127515, 169.101131, 168.094327, 167.070936, 166.054932, 165.037594, 164.017948, 162.987826, 161.960958, 160.948176, 159.924682, 158.906030, 157.883460, 156.871989, 155.881022, 154.911512, 153.964237, 153.043690, 152.145324, 151.271356, 150.398926, 149.578231, 148.775005, 148.005606, 147.253767, 146.522975, 145.812158, 145.121627, 144.467074, 143.832345, 143.200093, 142.593990, 142.005489, 141.434657, 140.863273, 140.137361, 139.766759, 139.250893, 138.740281, 138.262456, 137.806093, 137.390362, 137.002418, 136.644251, 136.302190, 135.974466, 135.659585, 135.345599, 135.113515, 134.859973, 134.647720, 134.404634, 134.171339, 133.951724, 133.729209, 133.517629, 133.318422, 133.139131, 132.946852, 132.744237, 132.556745, 132.379048, 132.202815, 132.027519, 131.873118, 131.719461, 131.566328, 131.409598, 131.228926, 131.043584, 130.853578, 130.664937, 130.473251, 130.280209, 130.086511, 129.867727, 129.611856, 129.265675, 128.937186, 128.582877, 128.070162, 127.678463, 127.185613, 126.521515, 126.069409, 125.446823, 124.625038, 123.898283, 123.128902, 122.320536, 121.487363, 120.620669, 119.738531, 119.071091, 117.944776, 117.022713, 116.112832, 115.201619, 114.280865, 113.344491, 112.414597, 111.462715, 110.506031, 109.536051, 108.561323, 107.535118, 106.509873, 105.438341, 104.343053, 103.220830, 102.075860, 100.919654, 99.752573, 98.601141, 97.455709, 96.320870, 95.204942, 94.116900, 93.073211, 92.057871, 91.096280, 90.169722, 89.286298, 88.431294, 87.580505, 86.737903, 85.891907, 85.071421, 84.260423, 83.453253, 82.680211, 81.928238, 81.174369, 80.436563, 79.698721, 78.965383, 78.244544, 77.524687, 76.791605, 76.064208, 75.285102, 74.536579, 73.730563, 72.895008, 72.043072, 71.204088, 70.367324, 69.520530, 68.671294, 67.815305, 66.963409, 66.129493, 65.118823, 64.473596, 63.684195, 62.922523, 62.164649, 61.519519, 60.866563, 60.249167, 59.666004, 59.114906, 58.614440, 58.130472, 57.668545, 57.229391, 56.842377, 56.420458, 56.032146, 55.622271, 55.122920, 54.813251, 54.395885, 53.968905, 53.556905, 53.137447, 52.722200, 52.318399, 51.910958, 51.511205, 51.148610, 50.784502, 50.421378, 50.053234, 49.683484, 49.315681, 48.942715, 48.572996, 48.192416, 47.828109, 47.455332, 47.052109, 46.585237, 46.053676, 45.592323, 45.049688, 44.547366, 44.034739, 43.510323, 42.981722, 42.473674, 41.973121, 41.471066, 40.974360, 40.495477, 40.007440, 39.519685, 39.031549, 38.546600, 38.051192, 37.555968, 37.071781, 36.574287, 36.053289, 35.565638, 35.072456, 34.786622, 34.342848, 33.859660, 33.415704, 32.955341, 32.521776, 32.165204, 31.747003, 31.410408, 31.054283, 30.733604, 30.439759, 30.176363, 29.937639, 29.722705, 29.528184, 29.307766, 29.124992, 28.943365, 28.807040, 28.713094, 28.640870, 28.570830, 28.533619, 28.511051, 28.496660, 28.495887, 28.518656, 28.544636, 28.593153, 28.654936, 28.720039, 28.793667, 28.875346, 28.962035, 29.054581, 29.143895, 29.246112, 29.341763, 29.436177, 29.515012, 29.625390, 29.618510, 29.649318, 29.658389, 29.659261, 29.674816, 29.701908, 29.727224, 29.767971, 29.845129, 29.931862, 30.044097, 30.178838, 30.322692, 30.486224, 30.697477, 31.018154, 31.127984, 31.362325, 31.595863, 31.840347, 32.093607, 32.357857, 32.636603, 32.919731, 33.218524, 33.545340, 33.877061, 34.215530, 34.572719, 34.950761, 35.325250, 35.880492, 36.106645, 36.501063, 36.885568, 37.415198, 37.669923, 38.053882, 38.454199, 38.852938, 39.276169, 39.693090, 40.103818, 40.551060, 41.009840, 41.474602, 42.134419, 42.433802, 42.940198, 43.469164, 44.002568, 44.552730, 45.124594, 45.943136, 46.326174, 46.955560, 47.871601, 48.310723, 49.318200, 49.805097, 50.578155, 51.652042, 52.147553, 53.232587, 54.036655, 54.552765, 55.667572, 56.470449, 57.279402, 58.081789, 58.887114, 59.688288, 60.454462, 61.217318, 61.970851, 62.695020, 63.397132, 64.076285, 64.819096, 65.482053, 66.152634, 66.810740, 67.438064, 68.046375, 68.643278, 69.209185, 69.765090, 70.305015, 70.827575, 71.332599, 71.826696, 72.320111, 72.804720, 73.297947, 73.802407, 74.285869, 74.771023, 75.252714, 75.746652, 76.231541, 76.712505, 77.200274, 77.722774, 78.208773, 78.688364, 79.170564, 79.638834, 80.086848, 80.535533, 80.966612, 81.392790, 81.813770, 82.210887, 82.586749, 82.957715, 83.319514, 83.657637, 83.998159, 84.342103, 84.697995, 85.071556, 85.475665, 85.899154, 86.344074, 86.827748, 87.333838, 87.869432, 88.445125, 89.041630, 89.652483, 90.274697, 90.905282, 91.546124, 92.168506, 92.746775, 93.289915, 93.991728, 94.297516, 94.714964, 95.078123, 95.375877, 95.637624, 95.830985, 95.943899, 96.026210, 96.079311, 96.143060, 96.226050, 96.309916, 96.399338, 96.485296, 96.576461, 96.695334, 96.829917, 97.022101, 97.239999, 97.493364, 97.800960, 98.143028, 98.539333, 98.966810, 99.436230, 99.957585, 100.662289, 101.077719, 101.666585, 102.443117, 103.077676, 103.684688, 104.315335, 104.767702, 105.604272, 106.262160, 106.731746, 107.568643, 108.197560, 108.820442, 109.416912, 109.990842, 110.534733, 111.044500, 111.540792, 111.999399, 112.466421, 112.899363, 113.321814, 113.724604, 114.134310, 114.522245, 114.908338, 115.280286, 115.676358, 116.045013, 116.432441, 116.820666, 117.219405, 117.621174, 118.010234, 118.387372, 118.763266, 119.170105, 119.513455, 119.889669, 120.270923, 120.640860, 120.998862, 121.363193, 121.705442, 122.031899, 122.346102, 122.650265, 122.954315, 123.247556, 123.535556, 123.830961, 124.120774, 124.406944, 124.692550, 124.983264, 125.270210, 125.552050, 125.848239, 126.148440, 126.469147, 126.800075, 127.132252, 127.496705, 127.853573, 128.207634, 128.552203, 128.899353, 129.233278, 129.549438, 129.842339, 130.136909, 130.411089, 130.656389, 130.883467, 131.085173, 131.219235, 131.378485, 131.517082, 131.648039, 131.783575, 131.919879, 132.056799, 132.245176, 132.431355, 132.654523, 132.849843, 133.092860, 133.330946, 133.552315, 133.779787, 134.023379, 134.267294, 134.548294, 134.725758, 134.942035, 135.142769, 135.353734, 135.545579, 135.727877, 135.873558, 136.019674, 136.166597, 136.314424, 136.462540, 136.611354, 136.760139, 136.909653, 137.059121, 137.204353, 137.339493, 137.465789, 137.591713, 137.717482, 137.844188, 137.962866, 138.100483, 138.230183, 138.354984, 138.495993, 138.631675, 138.757547, 138.897467, 139.010416, 139.121076, 139.249387, 139.363976, 139.527739, 139.690714, 139.855190, 140.020687, 140.186668, 140.353082, 140.531643, 140.684819, 140.852856, 141.021991, 141.192236, 141.361412, 141.530341, 141.701037, 141.870028, 142.039180, 142.247449, 142.464310, 142.686167, 142.919136, 143.146992, 143.374213, 143.616707, 143.822444, 144.030886, 144.212980, 144.403786, 144.606431, 144.815603, 145.019626, 145.223818, 145.422430, 145.602408, 145.802762, 146.010843, 146.220886, 146.431624, 146.648422, 146.869981, 147.111534, 147.346077, 147.651176, 147.829585, 148.066883, 148.307425, 148.549366, 148.772463, 148.999161, 149.237477, 149.473553, 149.712260, 149.977678, 150.224632, 150.469576, 150.698879, 150.906940, 151.134161, 151.394907, 151.620538, 151.863517, 152.109492, 152.350826, 152.596508, 152.846129, 153.090917, 153.339649, 153.593469, 153.871772, 154.132621, 154.406700, 154.665853, 154.918726, 155.200890, 155.442819, 155.698506, 155.957644, 156.184041, 156.428110, 156.653957, 156.865604, 157.103656, 157.337373, 157.555895, 157.763307, 157.977513, 158.179453, 158.388004, 158.575669, 158.746710, 158.869501, 158.972370, 159.079444, 159.114231, 159.061519, 158.933169, 158.728137, 158.450051, 158.116778, 157.740577, 157.128978, 156.902922, 156.474462, 155.832014, 155.620917, 154.997499, 154.802073, 154.202164, 154.008641, 153.632981, 153.088219, 152.935840, 152.610942, 152.297587, 152.000096, 151.716390, 151.294202, 151.039345, 150.794476, 150.548996, 150.270903, 150.000694, 149.704588, 149.391760, 149.036455, 148.666051, 148.273488, 147.868295, 147.454289, 147.017258, 146.565579, 146.102813, 
,,,0.009887, 0.027034, 0.043019, 0.060260, 0.074317, 0.084911, 0.095161, 0.105830, 0.116298, 0.126516, 0.136807, 0.152361, 0.169003, 0.185703, 0.202336, 0.219059, 0.235728, 0.252407, 0.269073, 0.285447, 0.304027, 0.318895, 0.335480, 0.352494, 0.368865, 0.385531, 0.402196, 0.418877, 0.435502, 0.452218, 0.468840, 0.485547, 0.502213, 0.518881, 0.535591, 0.554002, 0.568957, 0.586218, 0.602717, 0.619133, 0.635657, 0.652321, 0.669086, 0.685692, 0.702336, 0.719124, 0.735674, 0.752454, 0.769101, 0.785725, 0.803954, 0.819102, 0.836312, 0.852607, 0.869156, 0.885802, 0.902480, 0.919169, 0.935834, 0.952549, 0.969161, 0.985935, 1.002557, 1.019273, 1.035959, 1.054798, 1.069807, 1.086708, 1.102813, 1.119518, 1.136252, 1.152890, 1.169583, 1.186705, 1.203099, 1.219645, 1.236353, 1.253030, 1.269695, 1.287189, 1.305153, 1.319926, 1.337010, 1.353258, 1.369898, 1.386559, 1.403207, 1.419949, 1.436569, 1.453264, 1.469945, 1.486636, 1.503225, 1.519838, 1.536592, 1.554812, 1.571961, 1.586645, 1.603320, 1.619932, 1.636666, 1.653321, 1.670005, 1.686699, 1.703316, 1.719998, 1.736725, 1.753341, 1.770052, 1.786888, 1.804756, 1.820638, 1.838370, 1.853567, 1.870166, 1.886846, 1.903539, 1.920172, 1.936851, 1.953536, 1.970234, 1.986880, 2.003566, 2.020244, 2.036978, 2.055719, 2.070459, 2.086975, 2.103688, 2.120362, 2.140968, 2.153725, 2.170421, 2.187104, 2.203768, 2.220457, 2.237129, 2.253800, 2.270494, 2.287236, 2.305720, 2.321080, 2.337255, 2.353959, 2.370586, 2.387755, 2.404534, 2.420805, 2.437383, 2.454079, 2.470809, 2.487530, 2.504428, 2.521208, 2.537872, 2.556853, 2.571260, 2.587940, 2.604552, 2.621281, 2.637910, 2.654538, 2.671335, 2.687970, 2.704664, 2.721426, 2.738111, 2.755328, 2.771816, 2.788278, 2.804937, 2.822858, 2.838259, 2.855076, 2.871626, 2.888874, 2.905030, 2.921666, 2.938883, 2.955216, 2.971744, 2.988456, 3.005648, 3.021962, 3.038533, 3.055788, 3.073891, 3.088573, 3.105190, 3.121902, 3.138518, 3.155703, 3.171847, 3.188521, 3.205250, 3.221884, 3.239061, 3.255456, 3.272031, 3.289047, 3.305317, 3.323824, 3.338593, 3.355375, 3.372027, 3.388878, 3.405499, 3.423672, 3.438913, 3.455554, 3.472269, 3.489002, 3.505638, 3.522603, 3.539515, 3.555693, 3.574253, 3.590735, 3.605928, 3.622973, 3.639409, 3.655965, 3.672602, 3.689273, 3.705926, 3.722632, 3.739331, 3.760441, 3.772736, 3.789877, 3.805987, 3.824799, 3.839381, 3.856123, 3.872791, 3.889468, 3.906146, 3.922807, 3.939456, 3.956613, 3.973495, 3.989684, 4.006796, 4.023170, 4.040309, 4.056397, 4.074944, 4.089696, 4.106937, 4.123236, 4.139979, 4.156618, 4.173157, 4.189847, 4.206477, 4.223151, 4.239806, 4.256623, 4.273157, 4.290309, 4.306484, 4.324775, 4.339770, 4.356499, 4.373128, 4.389772, 4.406413, 4.423134, 4.439762, 4.456460, 4.473157, 4.490095, 4.506552, 4.523777, 4.540254, 4.556480, 4.574749, 4.589866, 4.606517, 4.623245, 4.640055, 4.656733, 4.674895, 4.690020, 4.706897, 4.723384, 4.740115, 4.756905, 4.774083, 4.790751, 4.808489, 4.824778, 4.840376, 4.857082, 4.873631, 4.890368, 4.907052, 4.923996, 4.940718, 4.957393, 4.974078, 4.990649, 5.007719, 5.024144, 5.040846, 5.057005, 5.075688, 5.090556, 5.107091, 5.127329, 5.140581, 5.157525, 5.174011, 5.190525, 5.207242, 5.223936, 5.240666, 5.257744, 5.273969, 5.290602, 5.307705, 5.325824, 5.340605, 5.357358, 5.373896, 5.390995, 5.407381, 5.423957, 5.440648, 5.457350, 5.474260, 5.490744, 5.507934, 5.524619, 5.540763, 5.557385, 5.576215, 5.590914, 5.607480, 5.624170, 5.640799, 5.657553, 5.674619, 5.691546, 5.707792, 5.726073, 5.741253, 5.758425, 5.774755, 5.791943, 5.808480, 5.827926, 5.841630, 5.858449, 5.875032, 5.891629, 5.908328, 5.924881, 5.941610, 5.958399, 5.975021, 5.992276, 6.008951, 6.025432, 6.041801, 6.058374, 6.075104, 6.093737, 6.108350, 6.125023, 6.141792, 6.158406, 6.175058, 6.191651, 6.208740, 6.225170, 6.241498, 6.258706, 6.275277, 6.291545, 6.308166, 6.325539, 6.341568, 6.359823, 6.374972, 6.391671, 6.408254, 6.424947, 6.441696, 6.458737, 6.475370, 6.492697, 6.509000, 6.525425, 6.541815, 6.558410, 6.575231, 6.592208, 6.609887, 6.625115, 6.641911, 6.658461, 6.675209, 6.691824, 6.708501, 6.725276, 6.741933, 6.759119, 6.775387, 6.791968, 6.808730, 6.825399, 6.842104, 6.860663, 6.875390, 6.895634, 6.908477, 6.925072, 6.941432, 6.958190, 6.974859, 6.992070, 7.008248, 7.024849, 7.041550, 7.058240, 7.075393, 7.091736, 7.108271, 7.127125, 7.141825, 7.158421, 7.175549, 7.191928, 7.208576, 7.225300, 7.241923, 7.258969, 7.275209, 7.291923, 7.308530, 7.325189, 7.341849, 7.358604, 7.376672, 7.391827, 7.408461, 7.425180, 7.441879, 7.458543, 7.475441, 7.492433, 7.509094, 7.525438, 7.542053, 7.558669, 7.575396, 7.592099, 7.608757, 7.626685, 7.642125, 7.658862, 7.675558, 7.692150, 7.708852, 7.725558, 7.742220, 7.758934, 7.775496, 7.792218, 7.809497, 7.825847, 7.842284, 7.859432, 7.877802, 7.893432, 7.909134, 7.925731, 7.942438, 7.959218, 7.975975, 7.992489, 8.009187, 8.025839, 8.042541, 8.059661, 8.077473, 8.092672, 8.109300, 8.127671, 8.142631, 8.159305, 8.175993, 8.192845, 8.209387, 8.226478, 8.243300, 8.259487, 8.276193, 8.292875, 8.309562, 8.326268, 8.342991, 8.359715, 8.377639, 8.393043, 8.409719, 8.426344, 8.443175, 8.463346, 8.476977, 8.493609, 8.509959, 8.526916, 8.543325, 8.559829, 8.576653, 8.593211, 8.609897, 8.628645, 8.643313, 8.659937, 8.676636, 8.693373, 8.710041, 8.726723, 8.743281, 8.759973, 8.776702, 8.793432, 8.810270, 8.826958, 8.843599, 8.860430, 8.878562, 8.893709, 8.910833, 8.927155, 8.943760, 8.960487, 8.977186, 8.994561, 9.010479, 9.027080, 9.043737, 9.060857, 9.077224, 9.093846, 9.110516, 9.131290, 9.144026, 9.160561, 9.177314, 9.193932, 9.211563, 9.227581, 9.244429, 9.262313, 9.277420, 9.294140, 9.311174, 9.327585, 9.344067, 9.361191, 9.377478, 9.395820, 9.410745, 9.427422, 9.444070, 9.460743, 9.477583, 9.494496, 9.510935, 9.527532, 9.544103, 9.560827, 9.577421, 9.597967, 9.610842, 9.627452, 9.645597, 9.660853, 9.677475, 9.694590, 9.711041, 9.728600, 9.744346, 9.761012, 9.777632, 9.794329, 9.811026, 9.828132, 9.844465, 9.861180, 9.877755, 9.895825, 9.911060, 9.927749, 9.944386, 9.961097, 9.977984, 9.994360, 10.011119, 10.027722, 10.044324, 10.061099, 10.077743, 10.094417, 10.111133, 10.127731, 10.146563, 10.161164, 10.177824, 10.196450, 10.212183, 10.227987, 10.244556, 10.261264, 10.277930, 10.294603, 10.311289, 10.329450, 10.344585, 10.361316, 10.378003, 10.396568, 10.411345, 10.428020, 10.444569, 10.461792, 10.478057, 10.494705, 10.511538, 10.528170, 10.544906, 10.561557, 10.578280, 10.594896, 10.611650, 10.628316, 10.646528, 10.661835, 10.678447, 10.700046, 10.712554, 10.728539, 10.745137, 10.761873, 10.778545, 10.795225, 10.811836, 10.828485, 10.845117, 10.861790, 10.878458, 10.896514, 10.911863, 10.928498, 10.945053, 10.961973, 10.978330, 10.995007, 11.011654, 11.028332, 11.045005, 11.061545, 11.078232, 11.094795, 11.111440, 11.128124, 11.144834, 11.163460, 11.178698, 11.195597, 11.211607, 11.228314, 11.244963, 11.261669, 11.278376, 11.295060, 11.311734, 11.328364, 11.346518, 11.362226, 11.378541, 11.395135, 11.413561, 11.428561, 11.445737, 11.461780, 11.478487, 11.495169, 11.513383, 11.528677, 11.545228, 11.561935, 11.578480, 11.595124, 11.611833, 11.628516, 11.645257, 11.663497, 11.678735, 11.696542, 11.711863, 11.728710, 11.745280, 11.762028, 11.778729, 11.799429, 11.812198, 11.829002, 11.845692, 11.862482, 11.879076, 11.895810, 11.914511, 11.929219, 11.946478, 11.962507, 11.979185, 11.995886, 12.012635, 12.029368, 12.045917, 12.062577, 12.079285, 12.096066, 12.112858, 12.129605, 12.146409, 12.164472, 12.180405, 12.196459, 12.213220, 12.229888, 12.246575, 12.263249, 12.279858, 12.296567, 12.313207, 12.329886, 12.346534, 12.363289, 12.379932, 12.396603, 12.415439, 12.429893, 12.446830, 12.463244, 12.482104, 12.497484, 12.513298, 12.529915, 12.546554, 12.563289, 12.579968, 12.596638, 12.614899, 12.630085, 12.646852, 12.665473, 12.680155, 12.696736, 12.713383, 12.730082, 12.746784, 12.763439, 12.780703, 12.797125, 12.813878, 12.830573, 12.847390, 12.864036, 12.880848, 12.897606, 12.917019, 12.930993, 12.947544, 12.964144, 12.980881, 12.997431, 13.014184, 13.030856, 13.047556, 13.064253, 13.080960, 13.097686, 13.114494, 13.130883, 13.147688, 13.166490, 13.180834, 13.197644, 13.214129, 13.230901, 13.247679, 13.264269, 13.281011, 13.297678, 13.314302, 13.331062, 13.347776, 13.364460, 13.381150, 13.398234, 13.416582, 13.431211, 13.447870, 13.464547, 13.481190, 13.497917, 13.514617, 13.531258, 13.547900, 13.564566, 13.581249, 13.601659, 13.614606, 13.631367, 13.647794, 13.666915, 13.681195, 13.697759, 13.714328, 13.730987, 13.747723, 13.764432, 13.781066, 13.797810, 13.814536, 13.831278, 13.847994, 13.864753, 13.881354, 13.897954, 13.916423, 13.931243, 13.949503, 13.964668, 13.981387, 13.997934, 14.014641, 14.031158, 14.047877, 14.066124, 14.081322, 14.097987, 14.114672, 14.131386, 14.148405, 14.167366, 14.181398, 14.198136, 14.214815, 14.232490, 14.248384, 14.265493, 14.281770, 14.298363, 14.315650, 14.335556, 14.348882, 14.365271, 14.382393, 14.398652, 14.417524, 14.431896, 14.448540, 14.465210, 14.481832, 14.498503, 14.515164, 14.531772, 14.548400, 14.565185, 14.581812, 14.598513, 14.615162, 14.632322, 14.648708, 14.667490, 14.681859, 14.698530, 14.715244, 14.731929, 14.748579, 14.765307, 14.782336, 14.798631, 14.815305, 14.831926, 14.848999, 14.865315, 14.882424, 14.898690, 14.918561, 14.932142, 14.948768, 14.965416, 14.982077, 14.998644, 15.015381, 15.034045, 15.048793, 15.065371, 15.082000, 15.098689, 15.115159, 15.132472, 15.148626, 15.165274, 15.183381, 15.198613, 15.215240, 15.232426, 15.248824, 15.265420, 15.281993, 15.298706, 15.315355, 15.332033, 15.349150, 15.365425, 15.382672, 15.398872, 15.416002, 15.437551, 15.450982, 15.465893, 15.482652, 15.499373, 15.516126, 15.532816, 15.549464, 15.566043, 15.582947, 15.599494, 15.616100, 15.633266, 15.649292, 15.665898, 15.682423, 15.700377, 15.715572, 15.732109, 15.749227, 15.765594, 15.782138, 15.798822, 15.815481, 15.832131, 15.849260, 15.865607, 15.882682, 15.899366, 15.915538, 15.932652, 15.949038, 15.967931, 15.982421, 15.999012, 16.015685, 16.034355, 16.049192, 16.065836, 16.082482, 16.099165, 16.115946, 16.133004, 16.148981, 16.165671, 16.182246, 16.198929, 16.218432, 16.232187, 16.248859, 16.265876, 16.282860, 16.299143, 16.316206, 16.332555, 16.349938, 16.366070, 16.383090, 16.399424, 16.415940, 16.433110, 16.449557, 16.466333, 16.485020, 16.499922, 16.516435, 16.537036, 16.549723, 16.566360, 16.583122, 16.599857, 16.617037, 16.633686, 16.649770, 16.666533, 16.683090, 16.699752, 16.716407, 16.734335, 16.749770, 16.766413, 16.783128, 16.799747, 16.816461, 16.833252, 16.850206, 16.866525, 16.883701, 16.899819, 16.916527, 16.933167, 16.950325, 16.966730, 16.985395, 17.000006, 17.016702, 17.033402, 17.050002, 17.066685, 17.083386, 17.100083, 17.116790, 17.133956, 17.150337, 17.166972, 17.183724, 17.200405, 17.217108, 17.235327, 17.251921, 17.267133, 17.283849, 17.300343, 17.317139, 17.333750, 17.350608, 17.368584, 17.384084, 17.400366, 17.417389, 17.433883, 17.450436, 17.467251, 17.485353, 17.500529, 17.517370, 17.534414, 17.550666, 17.567219, 17.584028, 17.601198, 17.617293, 17.634004, 17.650634, 17.667343, 17.683973, 17.700677, 17.717367, 17.739309, 17.750846, 17.767448, 17.784020, 17.800748, 17.817472, 17.834124, 17.851373, 17.867990, 17.884241, 17.900815, 17.917518, 17.934200, 17.951331, 17.967653, 17.984217, 18.002288, 18.017562, 18.034294, 18.050962, 18.067672, 18.084438, 18.101143, 18.117781, 18.134545, 18.151241, 18.167817, 18.184402, 18.200969, 18.219028, 18.234188, 18.252183, 18.267574, 18.284191, 18.300979, 18.317595, 18.334328, 18.351532, 18.368010, 18.385859, 18.400969, 18.418085, 18.434495, 18.451070, 18.471719, 18.484349, 18.502264, 18.517785, 18.534448, 18.551216, 18.567824, 18.584488, 18.601650, 18.617840, 18.634582, 18.651679, 18.668130, 18.684683, 18.701463, 18.718578, 18.734896, 18.753364, 18.768224, 18.784879, 18.801615, 18.818265, 18.834904, 18.852234, 18.868786, 18.885562, 18.901816, 18.918322, 18.935001, 18.951625, 18.968104, 18.984825, 19.001304, 19.019901, 19.034709, 19.051951, 19.068154, 19.084671, 19.101834, 19.117907, 19.134606, 19.151251, 19.168458, 19.184832, 19.201344, 19.218018, 19.234750, 19.251342, 19.270342, 19.284790, 19.301641, 19.318867, 19.335234, 19.352113, 19.368481, 19.385185, 19.401813, 19.418512, 19.435207, 19.451950, 19.468714, 19.485578, 19.502088, 19.520834, 19.535559, 19.552313, 19.568895, 19.585956, 19.602752, 19.620409, 19.635578, 19.652270, 19.669017, 19.685657, 19.702379, 19.718957, 19.735608, 19.752180, 19.770431, 19.785489, 19.802219, 19.818868, 19.836051, 19.852697, 19.868761, 19.885413, 19.902038, 19.918760, 19.935342, 19.951934, 19.968682, 19.985296, 20.002490, 20.018503, 20.041254, 20.052276, 20.068456, 20.085387, 20.101695, 20.118246, 20.134930, 20.151536, 20.168633, 20.184950, 20.201570, 20.218139, 20.234873, 20.251510, 20.268642, 20.285005, 20.303286, 20.318284, 20.335641, 20.351916, 20.368576, 20.385369, 20.402074, 20.418830, 20.435581, 20.452256, 20.469078, 20.485810, 20.502544, 20.519244, 20.536050, 20.554178, 20.569589, 20.586715, 20.602807, 20.619506, 20.636188, 20.652801, 20.669578, 20.686170, 20.702953, 20.719546, 20.736212, 20.752868, 20.769603, 20.786360, 20.804133, 20.820216, 20.836326, 20.853149, 20.869691, 20.886398, 20.902982, 20.919739, 20.936448, 20.953036, 20.969768, 20.986490, 21.003225, 21.019826, 21.036196, 21.055460, 21.070094, 21.086071, 21.102752, 21.119418, 21.135950, 21.152531, 21.169679, 21.186005, 21.202637, 21.219232, 21.237967, 21.252796, 21.269358, 21.285984, 21.302660, 21.321276, 21.336036, 21.352753, 21.369372, 21.386031, 21.403165, 21.419521, 21.436120, 21.452750, 21.469434, 21.486134, 21.504471, 21.519482, 21.536778, 21.553100, 21.571722, 21.586425, 21.606449, 21.619566, 21.636287, 21.652977, 21.669674, 21.686316, 21.703033, 21.719638, 21.736378, 21.752985, 21.769664, 21.786366, 21.803115, 21.819721, 21.838589, 21.853774, 21.870011, 21.886639, 21.903255, 21.919956, 21.936647, 21.953352, 21.970024, 21.986741, 22.003390, 22.020112, 22.036831, 22.053475, 22.070294, 22.088116, 22.103558, 22.120123, 22.136864, 22.153424, 22.170170, 22.186867, 22.203465, 22.220569, 22.236916, 22.253508, 22.270277, 22.286882, 22.303676, 22.320286, 22.338164, 22.353636, 22.370224, 22.387378, 22.403732, 22.420316, 22.436866, 22.453506, 22.470209, 22.486874, 22.503522, 22.520287, 22.536952, 22.554067, 22.570636, 22.588170, 22.603714, 22.620242, 22.637151, 22.653595, 22.670356, 22.687084, 22.704145, 22.720566, 22.737098, 22.753770, 22.770600, 22.787214, 22.803781, 22.820540, 22.839136, 22.853905, 22.870540, 22.887242, 22.903954, 22.920462, 22.937200, 22.953843, 22.970527, 22.987280, 23.003904, 23.020611, 23.037393, 23.054516, 23.070767, 23.089162, 23.104544, 23.120899, 23.137466, 23.154099, 23.170808, 23.187500, 23.204165, 23.221373, 23.237646, 23.254176, 23.272496, 23.287692, 23.304175, 23.320937, 23.339154, 23.354279, 23.370961, 23.387622, 23.404245, 23.421772, 23.437866, 23.454347, 23.471077, 23.487734, 23.504472, 23.521221, 23.539847, 23.555080, 23.571097, 23.589214, 23.604445, 23.621172, 23.637810, 23.654891, 23.671286, 23.687797, 23.704947, 23.721317, 23.737800, 23.754584, 23.771554, 23.788384, 23.804619, 23.821273, 23.839123, 23.858291, 23.871816, 23.888649, 23.904891, 23.921454, 23.938112, 23.954791, 23.971485, 23.988213, 24.004940, 24.021581, 24.038682, 24.054908, 24.071615, 24.090081, 24.104810, 24.121475, 24.138148, 24.155296, 24.171644, 24.188253, 24.205026, 24.221592, 24.238848, 24.255209, 24.271835, 24.288948, 24.305098, 24.321772, 24.340198, 24.355164, 24.371752, 24.388412, 24.405093, 24.421841, 24.438415, 24.455092, 24.471689, 24.489002, 24.505125, 24.521938, 24.538795, 24.555286, 24.571709, 24.588218, 24.607099, 24.621636, 24.638259, 24.655414, 24.671794, 24.688380, 24.705513, 24.721878, 24.738447, 24.755709, 24.772012, 24.789059, 24.805226, 24.821921, 24.838591, 24.857148, 24.871923, 24.888633, 24.905275, 24.921958, 24.938665, 24.955280, 24.972008, 24.988729, 25.005497, 25.022087, 25.039021, 25.055521, 25.072221, 25.088876, 25.107049, 25.122338, 25.139028, 25.155784, 25.172421, 25.189042, 25.206164, 25.222556, 25.239162, 25.255922, 25.272547, 25.289213, 25.305896, 25.322534, 25.339250, 25.358086, 25.372575, 25.389246, 25.405882, 25.422536, 25.439240, 25.455951, 25.474310, 25.489330, 25.506047, 25.523100, 25.539335, 25.556017, 25.572733, 25.589453, 25.607990, 25.623055, 25.639720, 25.656453, 25.674644, 25.689812, 25.706524, 25.723211, 25.743900, 25.756720, 25.773251, 25.789861, 25.806544, 25.823197, 25.839999, 25.859460, 25.873712, 25.890869, 25.907202, 25.923730, 25.940439, 25.957177, 25.973919, 25.990645, 26.007259, 26.024349, 26.040531, 26.057170, 26.073853, 26.090507, 26.108982, 26.123860, 26.140494, 26.157119, 26.174308, 26.190693, 26.207362, 26.223968, 26.241218, 26.257931, 26.274004, 26.290692, 26.307843, 26.324255, 26.340760, 26.359133, 26.374180, 26.390793, 26.407469, 26.424178, 26.440850, 26.457529, 26.474420, 26.491185, 26.508057, 26.524194, 26.540886, 26.557516, 26.574218, 26.590912, 26.608964, 26.624243, 26.640882, 26.657653, 26.674316, 26.690906, 26.708203, 26.724611, 26.741058, 26.758269, 26.774495, 26.792731, 26.807847, 26.824531, 26.841225, 26.859081, 26.874964, 26.891387, 26.908074, 26.924575, 26.941242, 26.959496, 26.974675, 26.991329, 27.008550, 27.024670, 27.041306, 27.058024, 27.074675, 27.091310, 27.109993, 27.124694, 27.141408, 27.158030, 27.174699, 27.191382, 27.208122, 27.228387, 27.241202, 27.258035, 27.274278, 27.290998, 27.307647, 27.324330, 27.341013, 27.357623, 27.375949, 27.391018, 27.407640, 27.424400, 27.441560, 27.457952, 27.474756, 27.491664, 27.507913, 27.524632, 27.541220, 27.557954, 27.574530, 27.591266, 27.607918, 27.625965, 27.641841, 27.658180, 27.674826, 27.692333, 27.708491, 27.725007, 27.741589, 27.758320, 27.775018, 27.791622, 27.808348, 27.825070, 27.841614, 27.858382, 27.877017, 27.891624, 27.908311, 27.925004, 27.941637, 27.958417, 27.975155, 27.992264, 28.008371, 28.025513, 28.042273, 28.058601, 28.075256, 28.091810, 28.108583, 28.127489, 28.142018, 28.158606, 28.175319, 28.192006, 28.210776, 28.225982, 28.242022, 28.258898, 28.275522, 28.292201, 28.308941, 28.325682, 28.342273, 28.360534, 28.376935, 28.392529, 28.409003, 28.426310, 28.442528, 28.459236, 28.476504, 28.492597, 28.509287, 28.525816, 28.542655, 28.559250, 28.575930, 28.596563, 28.609292, 28.627975, 28.642578, 28.659275, 28.676441, 28.692730, 28.709363, 28.726620, 28.742621, 28.759329, 28.776092, 28.792696, 28.809382, 28.826094, 28.842742, 28.859585, 28.877930, 28.892711, 28.909480, 28.926168, 28.942796, 28.959455, 28.976645, 28.992644, 29.009403, 29.025935, 29.042563, 29.059229, 29.075975, 29.092684, 29.109764, 29.127927, 29.142680, 29.159421, 29.176059, 29.193362, 29.209541, 29.226657, 29.242794, 29.259412, 29.276150, 29.292759, 29.309445, 29.326069, 29.343245, 29.359676, 29.377899, 29.392870, 29.409517, 29.426697, 29.442955, 29.460114, 29.476411, 29.493030, 29.509609, 29.526731, 29.544601, 29.559667, 29.576309, 29.592967, 29.609697, 29.627938, 29.643042, 29.659713, 29.676456, 29.693251, 29.710223, 29.726868, 29.743119, 29.761252, 29.776866, 29.793215, 29.809815, 29.826483, 29.843206, 29.859869, 29.881978, 29.893290, 29.909915, 29.926627, 29.943322, 29.960103, 29.977373, 29.993737, 30.010581, 30.026823, 30.043459, 30.060067, 30.076878, 30.093484, 30.110126, 30.126855, 30.145042, 30.160421, 30.177174, 30.193967, 30.210963, 30.227230, 30.243783, 30.260517, 30.277538, 30.294068, 30.310575, 30.327371, 30.343948, 30.360708, 30.377328, 30.396004, 30.410578, 30.427278, 30.444587, 30.460599, 30.477384, 30.494454, 30.510858, 30.527513, 30.544152, 30.560806, 30.577550, 30.594130, 30.610900, 30.627540, 30.645957, 30.661070, 30.677839, 30.694530, 30.711238, 30.729334, 30.744635, 30.761309, 30.777961, 30.794658, 30.812828, 30.828154, 30.844636, 30.861414, 30.877970, 30.899847, 30.911396, 30.928054, 30.944800, 30.961368, 30.978086, 30.994725, 31.011486, 31.028082, 31.044900, 31.061393, 31.078077, 31.094825, 31.111467, 31.128164, 31.144815, 31.162788, 31.178250, 31.195287, 31.211555, 31.228196, 31.244876, 31.261488, 31.278320, 31.296380, 31.311757, 31.328262, 31.344917, 31.361498, 31.379736, 31.395069, 31.412728, 31.428397, 31.444884, 31.461622, 31.478203, 31.495060, 31.511501, 31.528764, 31.545100, 31.562089, 31.578565, 31.595224, 31.611859, 31.630739, 31.645225, 31.663931, 31.678558, 31.695831, 31.711944, 31.728626, 31.745669, 31.761935, 31.778651, 31.795319, 31.812023, 31.828675, 31.845238, 31.862416, 31.878728, 31.895359, 31.913894, 31.928623, 31.945065, 31.961747, 31.978405, 31.995003, 32.011774, 32.028410, 32.046664, 32.061796, 32.078499, 32.095606, 32.111958, 32.128534, 32.145162, 32.163807, 32.180153, 32.195736, 32.211972, 32.228667, 32.245145, 32.262434, 32.278811, 32.295489, 32.312090, 32.328958, 32.345754, 32.366889, 32.379161, 32.395842, 32.415364, 32.429331, 32.446483, 32.462713, 32.479232, 32.495741, 32.513016, 32.529474, 32.546092, 32.562582, 32.579292, 32.595792, 32.612540, 32.629401, 32.645791, 32.662709, 32.680873, 32.695679, 32.712851, 32.729208, 32.745726, 32.762448, 32.779185, 32.795840, 32.812529, 32.829255, 32.845771, 32.862982, 32.879428, 32.895969, 32.913144, 32.930807, 32.945829, 32.962499, 32.979229, 32.995841, 33.013974, 33.029255, 33.046008, 33.062715, 33.079295, 33.096015, 33.114149, 33.129506, 33.146108, 33.163237, 33.181726, 33.195996, 33.212783, 33.229469, 33.246694, 33.263124, 33.279861, 33.296420, 33.313138, 33.329723, 33.346331, 33.362934, 33.379674, 33.396071, 33.412755, 33.429283, 33.447791, 33.462737, 33.483231, 33.496044, 33.512756, 33.529356, 33.546407, 33.562937, 33.579229, 33.595927, 33.612657, 33.629363, 33.646047, 33.663274, 33.679754, 33.697768, 33.712745, 33.729472, 33.746148, 33.762831, 33.779449, 33.796074, 33.812742, 33.829904, 33.846298, 33.862863, 33.879563, 33.896283, 33.913404, 33.929479, 33.947732, 33.962818, 33.980038, 33.996816, 34.013145, 34.029733, 34.046337, 34.063482, 34.079850, 34.096426, 34.113113, 34.129806, 34.146460, 34.164183, 34.180029, 34.197887, 34.213078, 34.229655, 34.246257, 34.262842, 34.280004, 34.296254, 34.312944, 34.329532, 34.346160, 34.362963, 34.379642, 34.396269, 34.413593, 34.429721, 34.448828, 34.463217, 34.480221, 34.496693, 34.513443, 34.530009, 34.546715, 34.563365, 34.580042, 34.598324, 34.613440, 34.630238, 34.646846, 34.663998, 34.680156, 34.698739, 34.713469, 34.730133, 34.746869, 34.763613, 34.780191, 34.796889, 34.813548, 34.830165, 34.846871, 34.865171, 34.880351, 34.896976, 34.913957, 34.930289, 34.948655, 34.963737, 34.980744, 34.997135, 35.013715, 35.030393, 35.047154, 35.063752, 35.080456, 35.097099, 35.113960, 35.130595, 35.150330, 35.163904, 35.180492, 35.198647, 35.213901, 35.230600, 35.247296, 35.264396, 35.280814, 35.297395, 35.314101, 35.330888, 35.347453, 35.364213, 35.380991, 35.397476, 35.414084, 35.430830, 35.448717, 35.464583, 35.480959, 35.497941, 35.514234, 35.530832, 35.547470, 35.564147, 35.581261, 35.597600, 35.614697, 35.631127, 35.648727, 35.664431, 35.681539, 35.699940, 35.714922, 35.731249, 35.747776, 35.764478, 35.781594, 35.797923, 35.814508, 35.831159, 35.848454, 35.864670, 35.881649, 35.897768, 35.914385, 35.931477, 35.947671, 35.965752, 35.980734, 35.997375, 36.014038, 36.030721, 36.047414, 36.064093, 36.080751, 36.097442, 36.114159, 36.130868, 36.147457, 36.164088, 36.180786, 36.197470, 36.216108, 36.231417, 36.248535, 36.264519, 36.281076, 36.297918, 36.314527, 36.331900, 36.348653, 36.364864, 36.382062, 36.398233, 36.415448, 36.431773, 36.448359, 36.466854, 36.481610, 36.498351, 36.515038, 36.531759, 36.548324, 36.565320, 36.581811, 36.598480, 36.616730, 36.632337, 36.648438, 36.665175, 36.681857, 36.698698, 36.716688, 36.732456, 36.748663, 36.765246, 36.781946, 36.798524, 36.815205, 36.831948, 36.850718, 36.865294, 36.882471, 36.898662, 36.915367, 36.932410, 36.948784, 36.966651, 36.981973, 36.998670, 37.015293, 37.032083, 37.048735, 37.065381, 37.082089, 37.098757, 37.116013, 37.132484, 37.148721, 37.165911, 37.182230, 37.198798, 37.217615, 37.236075, 37.248855, 37.265546, 37.282154, 37.298855, 37.315552, 37.332285, 37.349131, 37.365674, 37.382851, 37.399094, 37.415686, 37.432317, 37.449018, 37.467631, 37.482399, 37.499085, 37.515730, 37.532486, 37.549099, 37.565787, 37.582527, 37.599138, 37.616267, 37.632396, 37.649047, 37.665652, 37.682276, 37.698973, 37.717555, 37.732345, 37.748993, 37.765693, 37.782425, 37.799075, 37.816269, 37.832676, 37.850463, 37.866146, 37.882662, 37.899313, 37.916053, 37.932653, 37.949349, 37.967696, 37.982698, 37.999426, 38.016062, 38.032672, 38.049343, 38.066063, 38.082684, 38.099433, 38.116558, 38.133001, 38.149460, 38.166193, 38.182872, 38.199509, 38.217699, 38.232919, 38.249602, 38.266288, 38.283029, 38.299595, 38.316289, 38.333341, 38.350363, 38.366318, 38.382992, 38.399591, 38.416788, 38.433052, 38.449649, 38.466141, 38.484723, 38.499658, 38.516305, 38.533120, 38.549793, 38.566557, 38.583182, 38.600314, 38.616447, 38.633087, 38.649765, 38.666398, 38.683070, 38.699783, 38.716403, 38.736618, 38.749820, 38.766508, 38.782967, 38.799719, 38.816321, 38.833049, 38.850376, 38.866618, 38.883686, 38.900088, 38.916546, 38.933235, 38.949715, 38.966437, 38.983165, 39.001564, 39.016513, 39.033153, 39.050291, 39.068257, 39.083331, 39.099992, 39.116529, 39.133209, 39.149964, 39.166651, 39.183246, 39.199911, 39.216570, 39.233298, 39.251547, 39.266622, 39.283245, 39.305182, 39.317649, 39.333790, 39.350824, 39.366784, 39.383481, 39.400561, 39.416916, 39.433446, 39.450135, 39.466799, 39.483969, 39.501862, 39.516863, 39.533588, 39.550206, 39.566952, 39.583661, 39.600677, 39.616925, 39.633629, 39.650265, 39.667124, 39.684226, 39.700632, 39.717207, 39.733881, 39.752607, 39.767379, 39.784111, 39.801002, 39.817776, 39.835145, 39.851547, 39.868620, 39.884802, 39.901325, 39.918011, 39.934726, 39.951378, 39.968054, 39.984789, 40.002579, 40.018045, 40.034785, 40.051552, 40.068117, 40.084779, 40.101525, 40.118131, 40.134877, 40.151481, 40.168240, 40.185733, 40.201801, 40.218310, 40.235024, 40.254125, 40.268470, 40.285124, 40.301713, 40.318925, 40.335109, 40.351808, 40.368455, 40.385146, 40.401794, 40.418444, 40.435134, 40.451792, 40.468453, 40.485145, 40.503511, 40.518525, 40.535218, 40.551953, 40.568978, 40.585135, 40.601760, 40.618432, 40.635151, 40.651889, 40.668590, 40.685902, 40.702236, 40.718917, 40.735542, 40.755683, 40.768960, 40.785740, 40.802345, 40.819733, 40.836132, 40.852533, 40.871133, 40.886146, 40.902638, 40.919255, 40.936449, 40.952795, 40.969358, 40.986024, 41.002708, 41.021558, 41.036098, 41.053325, 41.069421, 41.086381, 41.102825, 41.123458, 41.136385, 41.153330, 41.169728, 41.186286, 41.202923, 41.219629, 41.236389, 41.253123, 41.271568, 41.287023, 41.303242, 41.320339, 41.337007, 41.353325, 41.369946, 41.386548, 41.403186, 41.419941, 41.436705, 41.453236, 41.469946, 41.486951, 41.503773, 41.521767, 41.538624, 41.553923, 41.570069, 41.586726, 41.603423, 41.620063, 41.638170, 41.653449, 41.670620, 41.686836, 41.703515, 41.720121, 41.736749, 41.753464, 41.771572, 41.786799, 41.803417, 41.820526, 41.836846, 41.857463, 41.870773, 41.887054, 41.903577, 41.920196, 41.936865, 41.953607, 41.970263, 41.987707, 42.003878, 42.021578, 42.037016, 42.053788, 42.070712, 42.087067, 42.103784, 42.120930, 42.137192, 42.153813, 42.170405, 42.187084, 42.203783, 42.220934, 42.237305, 42.254334, 42.272716, 42.287334, 42.303903, 42.320793, 42.337193, 42.353949, 42.372054, 42.387725, 42.404073, 42.420555, 42.437257, 42.453879, 42.472061, 42.487287, 42.503831, 42.522639, 42.537796, 42.554070, 42.570572, 42.590785, 42.603865, 42.620924, 42.637353, 42.653858, 42.670507, 42.687243, 42.704442, 42.720635, 42.737240, 42.754085, 42.772492, 42.787904, 42.804857, 42.820825, 42.837387, 42.854099, 42.870782, 42.887503, 42.904041, 42.920817, 42.937403, 42.954052, 42.970755, 42.987503, 43.004471, 43.022434, 43.037746, 43.054251, 43.070961, 43.087599, 43.104316, 43.120974, 43.137710, 43.154350, 43.171058, 43.187682, 43.204374, 43.221068, 43.237752, 43.254641, 43.272537, 43.288334, 43.304753, 43.322093, 43.338154, 43.355276, 43.371460, 43.389641, 43.404906, 43.421462, 43.438226, 43.454902, 43.471490, 43.488307, 43.504968, 43.523610, 43.538718, 43.554734, 43.571444, 43.588089, 43.604761, 43.621488, 43.638724, 43.654985, 43.671644, 43.688299, 43.704907, 43.721652, 43.738369, 43.755478, 43.771822, 43.790533, 43.804924, 43.821678, 43.838198, 43.854917, 43.871516, 43.888187, 43.904846, 43.921514, 43.938154, 43.954913, 43.971566, 43.988124, 44.004673, 44.021370, 44.038392, 44.056332, 44.071295, 44.087887, 44.104626, 44.121391, 44.138008, 44.154706, 44.171865, 44.188641, 44.204922, 44.221978, 44.238415, 44.255012, 44.271564, 44.289185, 44.306568, 44.321466, 44.338139, 44.354745, 44.371290, 44.388004, 44.404608, 44.421829, 44.438220, 44.454794, 44.471990, 44.488415, 44.505005, 44.522064, 44.538913, 44.556544, 44.571607, 44.588131, 44.604785, 44.621312, 44.638125, 44.654729, 44.671458, 44.688147, 44.704730, 44.721387, 44.738258, 44.754845, 44.771972, 44.788159, 44.806336, 44.821572, 44.838187, 44.854927, 44.872046, 44.888796, 44.905021, 44.921672, 44.938280, 44.954937, 44.971620, 44.988390, 45.005188, 45.021727, 45.038387, 45.060489, 45.071700, 45.088372, 45.105030, 45.121777, 45.138373, 45.155111, 45.171723, 45.188361, 45.205042, 45.221733, 45.238500, 45.255276, 45.272431, 45.288581, 45.305227, 45.323286, 45.338560, 45.355255, 45.371910, 45.388547, 45.405231, 45.421952, 45.438599, 45.455273, 45.471968, 45.488751, 45.505420, 45.523473, 45.538740, 45.555378, 45.573279, 45.588756, 45.605413, 45.622078, 45.638850, 45.655434, 45.672152, 45.688876, 45.705535, 45.722279, 45.738978, 45.756212, 45.772465, 45.789117, 45.805756, 45.824315, 45.839117, 45.855896, 45.872501, 45.889142, 45.906293, 45.922635, 45.939234, 45.955872, 45.972620, 45.989789, 46.006991, 46.022683, 46.039253, 46.055941, 46.074427, 46.089777, 46.106120, 46.122732, 46.139428, 46.156082, 46.172739, 46.189457, 46.206083, 46.222828, 46.239453, 46.256299, 46.272822, 46.289466, 46.306087, 46.324324, 46.339436, 46.356119, 46.372818, 46.389454, 46.406122, 46.422836, 46.439507, 46.457683, 46.473083, 46.489553, 46.506360, 46.522902, 46.539976, 46.556314, 46.574321, 46.589619, 46.606769, 46.623105, 46.639702, 46.656361, 46.673497, 46.689814, 46.707983, 46.723214, 46.739898, 46.757164, 46.773278, 46.789849, 46.806590, 46.824378, 46.839902, 46.856629, 46.873208, 46.889887, 46.906576, 46.923148, 46.944248, 46.956506, 46.973147, 46.989760, 47.006858, 47.023070, 47.039780, 47.056462, 47.075267, 47.089853, 47.107030, 47.123331, 47.139938, 47.157088, 47.173402, 47.189912, 47.206623, 47.223273, 47.240185, 47.256873, 47.273245, 47.289951, 47.306609, 47.325276, 47.339976, 47.356694, 47.373363, 47.390076, 47.406738, 47.423480, 47.440000, 47.456730, 47.473538, 47.489995, 47.506783, 47.523491, 47.540075, 47.556714, 47.575268, 47.589988, 47.607244, 47.623599, 47.640158, 47.656862, 47.673551, 47.690214, 47.706958, 47.723633, 47.740322, 47.756991, 47.773644, 47.790803, 47.806911, 47.825292, 47.840952, 47.857188, 47.873678, 47.890321, 47.907478, 47.923799, 47.940401, 47.957091, 47.973806, 47.990494, 48.007123, 48.023755, 48.040411, 48.057037, 48.075296, 48.090352, 48.107056, 48.124186, 48.140529, 48.157102, 48.173796, 48.190488, 48.207147, 48.223922, 48.240599, 48.257343, 48.274450, 48.290912, 48.307437, 48.325340, 48.340769, 48.357481, 48.374119, 48.390810, 48.407494, 48.424194, 48.441417, 48.457669, 48.474813, 48.491245, 48.507461, 48.524201, 48.540827, 48.557439, 48.577390, 48.590814, 48.607402, 48.624153, 48.641296, 48.657642, 48.674270, 48.690881, 48.707671, 48.724437, 48.741039, 48.757793, 48.774680, 48.791394, 48.808032, 48.824918, 48.843239, 48.858310, 48.874944, 48.893221, 48.908348, 48.925521, 48.941903, 48.958586, 48.975591, 48.991750, 49.008382, 49.025080, 49.041723, 49.058422, 49.075107, 49.093269, 49.108478, 49.125051, 49.145888, 49.158378, 49.175090, 49.191871, 49.208568, 49.225688, 49.241815, 49.258549, 49.275186, 49.291802, 49.308588, 49.325192, 49.343259, 49.358657, 49.375179, 49.391957, 49.408613, 49.425379, 49.442038, 49.459091, 49.475545, 49.492020, 49.508722, 49.525454, 49.542065, 49.558764, 49.575441, 49.594194, 49.608787, 49.625426, 49.642153, 49.658813, 49.675534, 49.692704, 49.708976, 49.725703, 49.742263, 49.758965, 49.776110, 49.792409, 49.809033, 49.825731, 49.844237, 49.859195, 49.875676, 49.892434, 49.909014, 49.925764, 49.942536, 49.959025, 49.975840, 49.992449, 50.009109, 50.025786, 50.042341, 50.059074, 50.075577, 50.094079, 50.108775, 50.125469, 50.142151, 50.158802, 50.175537, 50.192320, 50.208876, 50.225571, 50.242703, 50.259062, 50.275675, 50.292344, 50.308975, 50.325684, 50.344064, 50.358978, 50.375577, 50.392215, 50.408857, 50.425632, 50.442251, 50.458995, 50.475581, 50.492200, 50.509433, 50.525755, 50.542557, 50.559337, 50.576124, 50.594153, 50.609545, 50.626241, 50.642888, 50.659814, 50.676325, 50.692956, 50.710001, 50.726273, 50.742921, 50.759562, 50.776220, 50.792864, 50.809565, 50.826782, 50.845215, 50.859839, 50.876409, 50.894745, 50.910347, 50.926617, 50.943250, 50.960258, 50.976552, 50.993235, 51.009898, 51.026535, 51.043324, 51.060394, 51.076757, 51.095243, 51.109895, 51.126607, 51.143351, 51.161706, 51.176786, 51.193367, 51.210123, 51.226852, 51.243525, 51.260122, 51.276794, 51.293546, 51.310118, 51.326908, 51.345222, 51.360222, 51.376950, 51.397545, 51.410334, 51.426982, 51.444654, 51.460519, 51.477084, 51.493778, 51.510435, 51.527167, 51.543865, 51.560472, 51.577171, 51.595211, 51.610450, 51.627219, 51.643906, 51.660621, 51.677231, 51.694278, 51.710508, 51.727253, 51.743894, 51.760553, 51.777237, 51.793966, 51.810647, 51.827314, 51.845103, 51.860659, 51.877783, 51.894159, 51.910808, 51.927380, 51.944597, 51.960781, 51.977498, 51.994698, 52.011123, 52.027710, 52.044282, 52.061061, 52.077636, 52.096968, 52.111810, 52.127867, 52.145024, 52.162057, 52.177956, 52.194951, 52.211320, 52.227931, 52.244667, 52.261356, 52.277970, 52.294686, 52.311300, 52.327993, 52.346192, 52.361727, 52.377972, 52.394724, 52.411364, 52.428405, 52.444491, 52.460987, 52.477718, 52.494384, 52.511039, 52.527727, 52.544413, 52.561021, 52.577737, 52.595926, 52.610995, 52.627698, 52.644450, 52.661324, 52.677776, 52.694446, 52.711064, 52.727782, 52.744446, 52.761105, 52.777849, 52.795009, 52.811837, 52.828208, 52.848577, 52.861710, 52.878492, 52.895084, 52.912178, 52.928937, 52.945051, 52.961741, 52.978459, 52.995089, 53.011759, 53.028286, 53.044978, 53.061657, 53.079853, 53.095007, 53.113125, 53.128853, 53.145262, 53.163004, 53.178512, 53.194880, 53.211451, 53.228619, 53.244841, 53.261499, 53.278029, 53.294790, 53.311402, 53.328566, 53.344934, 53.361620, 53.380316, 53.394743, 53.411530, 53.428213, 53.448356, 53.461364, 53.478074, 53.494653, 53.511780, 53.528201, 53.544700, 53.561331, 53.578034, 53.594677, 53.611342, 53.630148, 53.644775, 53.661572, 53.678121, 53.694777, 53.711400, 53.728142, 53.744958, 53.761726, 53.778491, 53.795212, 53.811771, 53.828463, 53.844854, 53.861599, 53.880060, 53.894686, 53.912464, 53.928211, 53.944763, 53.961505, 53.978200, 53.994989, 54.011757, 54.028432, 54.045097, 54.062189, 54.078547, 54.095588, 54.111938, 54.130154, 54.145182, 54.162536, 54.178597, 54.195214, 54.212024, 54.228808, 54.245941, 54.262306, 54.278870, 54.295599, 54.312227, 54.328932, 54.345572, 54.362299, 54.381059, 54.395721, 54.412701, 54.428957, 54.445688, 54.462317, 54.478912, 54.495656, 54.512379, 54.529092, 54.545669, 54.562889, 54.579076, 54.595675, 54.612312, 54.631035, 54.645524, 54.662376, 54.678872, 54.695524, 54.712233, 54.728891, 54.745587, 54.762251, 54.778883, 54.795649, 54.812243, 54.828930, 54.845612, 54.862370, 54.880977, 54.895792, 54.912475, 54.928969, 54.946221, 54.962515, 54.979148, 54.995838, 55.012543, 55.029271, 55.045946, 55.063199, 55.079537, 55.096630, 55.113489, 55.131347, 55.146263, 55.162979, 55.180155, 55.196376, 55.213024, 55.229737, 55.246854, 55.263603, 55.279858, 55.296430, 55.313058, 55.329698, 55.346359, 55.363121, 55.381101, 55.396388, 55.413097, 55.429736, 55.446441, 55.463075, 55.479739, 55.496445, 55.513151, 55.529836, 55.546510, 55.563170, 55.579900, 55.596496, 55.613296, 55.632000, 55.648287, 55.663450, 55.680091, 55.696764, 55.713500, 55.730141, 55.746742, 55.763944, 55.780239, 55.796797, 55.813462, 55.830163, 55.847265, 55.863557, 55.881999, 55.896949, 55.915062, 55.930301, 55.946911, 55.963542, 55.980223, 55.996828, 56.013932, 56.030648, 56.047008, 56.063572, 56.080217, 56.096959, 56.113627, 56.132520, 56.147328, 56.163727, 56.180404, 56.201019, 56.213709, 56.230366, 56.247020, 56.263676, 56.280353, 56.297041, 56.313674, 56.330353, 56.347327, 56.363812, 56.382913, 56.397056, 56.413733, 56.430392, 56.447072, 56.463742, 56.480652, 56.497109, 56.513764, 56.530464, 56.547609, 56.563940, 56.580555, 56.597746, 56.614136, 56.633026, 56.647410, 56.664103, 56.681160, 56.697523, 56.714112, 56.730812, 56.747439, 56.764175, 56.780815, 56.797441, 56.814093, 56.831317, 56.847995, 56.864436, 56.883081, 56.897529, 56.914282, 56.930909, 56.947627, 56.964769, 56.981123, 56.997669, 57.014375, 57.030977, 57.047690, 57.064373, 57.081594, 57.097963, 57.114509, 57.133071, 57.147785, 57.164496, 57.181107, 57.197833, 57.214460, 57.231189, 57.247846, 57.264510, 57.281190, 57.298302, 57.314661, 57.331326, 57.348290, 57.364643, 57.381325, 57.400012, 57.414656, 57.431326, 57.448049, 57.464699, 57.481367, 57.498050, 57.514639, 57.531391, 57.548120, 57.564665, 57.581462, 57.598184, 57.614706, 57.631506, 57.649907, 57.664786, 57.681534, 57.698149, 57.714843, 57.731503, 57.748186, 57.765353, 57.781753, 57.799817, 57.814986, 57.831651, 57.848792, 57.865037, 57.881707, 57.899950, 57.915074, 57.931730, 57.948373, 57.965518, 57.981814, 57.998379, 58.015072, 58.031734, 58.048402, 58.066707, 58.081840, 58.098521, 58.115688, 58.131810, 58.149893, 58.165156, 58.181728, 58.198392, 58.215528, 58.231863, 58.248423, 58.265108, 58.281750, 58.298428, 58.315107, 58.331862, 58.348867, 58.365132, 58.385749, 58.399781, 58.415174, 58.431813, 58.448970, 58.465352, 58.481940, 58.498591, 58.515274, 58.531979, 58.548640, 58.565812, 58.582241, 58.599286, 58.615788, 58.632149, 58.651062, 58.665421, 58.682553, 58.698934, 58.715500, 58.732161, 58.748834, 58.765518, 58.782205, 58.798845, 58.815568, 58.832359, 58.849590, 58.865586, 58.882328, 58.900920, 58.915591, 58.932317, 58.948945, 58.965617, 58.982330, 58.998956, 59.015713, 59.032362, 59.049050, 59.065808, 59.082526, 59.099639, 59.115793, 59.132466, 59.150890, 59.166256, 59.182618, 59.199195, 59.215900, 59.232565, 59.249219, 59.265875, 59.282583, 59.299218, 59.315962, 59.332610, 59.350018, 59.365942, 59.383160, 59.401421, 59.416220, 59.432874, 59.449475, 59.466225, 59.482800, 59.499548, 59.516246, 59.532213, 59.548913, 59.565542, 59.582227, 59.598780, 59.616111, 59.632880, 59.651852, 59.666428, 59.683526, 59.699910, 59.716929, 59.733337, 59.749893, 59.766610, 59.783267, 59.799961, 59.816684, 59.833304, 59.850225, 59.866714, 
12, 34, 1, 0.017748, 0.003266, 0.003266, 0.003254, 0.045128, 0.104379, 0.162886, 0.237395, 0.317221, 0.414820, 0.548458, 0.710797, 0.884648, 1.127845, 1.403531, 1.713826, 2.048229, 2.403350, 2.779775, 3.144525, 3.504491, 3.881038, 4.248775, 4.604161, 4.937550, 5.200097, 5.414974, 5.581260, 5.692452, 5.742108, 5.700213, 5.602588, 5.474363, 5.308062, 5.108241, 4.874504, 4.612184, 4.342166, 4.076182, 3.775556, 3.514458, 3.202669, 2.904696, 2.627290, 2.351700, 2.089000, 1.832769, 1.401381, 1.353063, 1.135770, 0.924927, 0.735598, 0.570704, 0.415360, 0.251157, 0.104607, 0.014206, 0.128137, 0.226364, 0.364066, 0.464581, 0.427789, 0.548509, 0.470417, 0.451781, 0.415138, 0.368213, 0.315799, 0.311059, 0.197399, 0.125495, 0.045858, 0.025294, 0.041479, 0.164357, 0.225899, 0.232001, 0.293952, 0.393050, 0.404185, 0.507784, 0.496424, 0.561679, 0.580406, 0.548617, 0.493727, 0.471730, 0.309270, 0.178641, 0.027044, 0.168749, 0.400944, 0.662993, 0.958214, 1.278690, 1.634014, 2.013436, 2.435599, 2.856548, 3.286434, 3.772582, 4.214897, 4.681117, 5.138479, 5.602655, 6.055176, 6.445210, 6.861312, 7.187079, 7.510882, 7.750654, 7.913458, 8.015120, 8.001638, 7.922646, 7.799209, 7.611003, 7.370461, 7.085533, 6.791423, 6.471590, 6.145399, 5.835648, 5.540290, 5.282404, 5.042398, 4.809143, 4.604781, 4.401783, 4.216687, 4.043322, 3.780777, 3.724696, 3.573491, 3.436295, 3.302536, 3.189897, 3.077509, 2.973213, 2.870632, 2.782060, 2.717795, 2.660680, 2.580041, 2.509122, 2.425648, 2.343285, 2.261464, 2.152299, 2.030052, 1.913301, 1.772322, 1.607588, 1.241856, 1.230517, 1.004958, 0.799972, 0.564605, 0.332381, 0.089360, 0.167124, 0.434754, 0.690778, 0.937896, 1.169859, 1.573969, 1.619887, 1.806257, 2.151420, 2.119733, 2.225912, 2.312568, 2.457235, 2.392171, 2.392965, 2.370798, 2.315169, 2.244993, 2.163660, 2.064667, 1.958834, 1.849603, 1.719017, 1.656810, 1.445613, 1.298545, 1.243708, 1.035179, 0.910242, 0.876693, 0.763812, 0.650259, 0.551175, 0.455554, 0.370386, 0.303572, 0.247903, 0.191751, 0.159897, 0.116758, 0.087535, 0.063290, 0.029118, 0.010892, 0.014598, 0.052027, 0.075447, 0.115594, 0.147014, 0.185568, 0.228149, 0.274304, 0.305856, 0.356812, 0.421230, 0.477517, 0.512831, 0.541574, 0.574578, 0.611083, 0.640853, 0.690492, 0.737140, 0.774248, 0.812757, 0.851406, 0.900535, 0.976736, 1.040361, 1.104463, 1.177006, 1.241569, 1.288894, 1.338629, 1.380364, 1.406237, 1.435271, 1.390361, 1.412520, 1.380340, 1.355784, 1.324420, 1.298614, 1.265470, 1.250227, 1.244322, 1.213527, 1.208787, 1.202862, 1.202967, 1.190770, 1.179414, 1.191973, 1.198824, 1.198523, 1.196899, 1.198440, 1.188375, 1.057782, 1.116028, 1.067436, 1.005586, 0.942583, 0.853180, 0.746126, 0.615327, 0.453975, 0.252088, 0.031376, 0.211225, 0.458442, 0.717207, 0.951082, 1.350443, 1.410380, 1.613950, 1.803755, 2.112349, 2.300500, 2.458326, 2.643415, 2.792573, 2.926010, 3.047780, 3.142929, 3.224196, 3.305913, 3.381711, 3.454867, 3.567606, 3.692963, 3.810543, 3.993662, 4.215893, 4.464368, 4.748281, 5.072209, 5.405825, 5.761890, 6.129857, 6.514210, 6.994292, 7.330680, 7.721567, 8.142906, 8.470152, 8.697663, 8.924618, 9.153575, 9.282967, 9.374098, 9.478956, 9.370643, 9.336686, 9.276851, 8.960689, 8.721883, 8.462286, 8.170094, 7.871310, 7.568522, 7.258242, 6.959323, 6.677331, 6.393754, 6.114602, 5.843244, 5.558599, 5.276949, 5.012932, 4.749673, 4.497900, 4.282791, 4.088329, 3.885731, 3.688780, 3.508222, 3.336337, 3.159520, 3.011621, 2.836943, 2.660013, 2.485621, 2.277488, 2.061115, 1.835258, 1.619618, 1.410191, 1.201790, 0.996580, 0.799805, 0.610686, 0.407845, 0.211561, 0.041446, 0.133070, 0.322914, 0.454747, 0.636897, 0.801096, 0.956051, 1.123781, 1.276014, 1.420759, 1.578161, 1.725807, 1.860715, 1.972494, 2.104567, 2.195082, 2.269650, 2.317592, 2.358850, 2.379438, 2.386113, 2.393738, 2.401054, 2.388367, 2.359943, 2.340588, 2.338746, 2.322811, 2.305909, 2.302048, 2.260961, 2.236005, 2.214654, 2.196610, 2.188672, 2.175987, 2.158159, 2.141905, 2.123973, 2.104227, 2.101158, 2.174077, 2.075563, 2.065640, 2.040326, 2.030793, 2.041759, 2.042135, 2.066287, 2.101393, 2.151534, 2.204356, 2.263936, 2.337375, 2.411021, 2.501794, 2.691397, 2.651756, 2.718446, 2.766867, 2.822054, 2.873272, 2.904482, 2.916384, 2.904108, 2.944867, 2.826542, 2.786321, 2.789807, 2.710023, 2.595618, 2.607639, 2.477892, 2.422017, 2.390714, 2.247616, 2.224867, 2.140455, 2.058555, 1.957471, 1.869919, 1.771910, 1.692543, 1.618959, 1.525996, 1.468316, 1.405107, 1.359579, 1.312207, 1.270501, 1.239547, 1.182415, 1.173648, 1.147988, 1.125774, 1.095129, 1.061917, 1.041452, 1.027825, 1.017823, 1.004956, 0.986286, 0.974845, 0.918856, 0.923054, 0.896641, 0.871542, 0.851150, 0.832322, 0.810714, 0.793537, 0.798003, 0.741594, 0.701622, 0.626856, 0.594502, 0.547321, 0.498950, 0.441652, 0.387340, 0.320621, 0.256718, 0.197398, 0.147639, 0.101084, 0.042917, 0.031167, 0.110363, 0.186804, 0.255131, 0.328539, 0.397925, 0.452570, 0.490110, 0.537240, 0.580496, 0.626414, 0.673158, 0.709416, 0.737025, 0.758669, 0.764854, 0.805229, 0.813634, 0.825171, 0.837331, 0.760053, 0.860227, 0.875501, 0.885238, 0.922102, 0.963401, 1.016164, 1.068529, 1.150756, 1.229357, 1.308375, 1.364077, 1.400401, 1.434211, 1.455982, 1.391414, 1.476816, 1.466532, 1.456072, 1.444010, 1.411129, 1.261574, 1.234990, 1.241835, 1.065273, 1.098519, 0.909479, 0.817571, 0.839665, 0.649567, 0.572078, 0.605800, 0.434866, 0.351871, 0.395472, 0.212156, 0.125236, 0.155464, 0.001352, 0.028223, 0.050534, 0.042829, 0.041757, 0.002960, 0.038577, 0.086201, 0.141093, 0.204811, 0.262388, 0.318673, 0.367568, 0.429290, 0.482046, 0.549189, 0.596030, 0.637824, 0.667532, 0.681317, 0.666377, 0.644737, 0.603264, 0.561374, 0.518969, 0.457929, 0.403390, 0.363835, 0.316881, 0.264915, 0.199773, 0.146635, 0.074869, 0.007013, 0.072262, 0.145661, 0.212695, 0.276616, 0.341465, 0.411567, 0.476104, 0.536342, 0.579157, 0.612488, 0.634838, 0.652481, 0.666582, 0.649149, 0.613434, 0.584039, 0.551860, 0.504553, 0.523166, 0.428251, 0.379379, 0.353117, 0.328344, 0.296008, 0.253981, 0.217050, 0.170000, 0.112430, 0.029935, 0.041096, 0.115098, 0.186763, 0.225576, 0.216855, 0.283441, 0.295534, 0.290936, 0.286881, 0.267071, 0.229532, 0.187296, 0.149545, 0.102709, 0.080251, 0.045402, 0.009381, 0.017911, 0.052308, 0.177411, 0.145959, 0.190791, 0.221503, 0.264080, 0.301353, 0.343733, 0.370087, 0.391815, 0.410765, 0.442995, 0.477169, 0.514541, 0.571575, 0.647631, 0.817143, 0.818924, 0.992388, 1.012486, 1.171132, 1.255927, 1.252519, 1.390036, 1.435609, 1.469691, 1.504523, 1.529468, 1.531017, 1.563218, 1.580995, 1.604668, 1.618014, 1.631538, 1.665388, 1.694252, 1.696693, 1.718128, 1.716804, 1.727494, 1.709798, 1.693734, 1.675398, 1.603820, 1.520637, 1.436958, 1.341769, 1.213024, 1.078819, 0.945815, 0.813031, 0.681029, 0.549978, 0.418402, 0.288010, 0.134468, 0.020084, 0.181532, 0.342437, 0.504347, 0.665239, 0.821967, 1.011869, 1.119118, 1.242113, 1.368158, 1.494168, 1.618822, 1.741673, 1.843847, 1.940424, 2.023190, 2.102335, 2.175100, 2.244858, 2.316964, 2.383398, 2.426521, 2.455098, 2.470243, 2.466427, 2.439103, 2.420224, 2.400870, 2.378099, 2.358753, 2.316772, 2.291575, 2.264649, 2.230058, 2.207689, 2.199989, 2.184150, 2.163223, 2.145499, 2.130024, 2.109997, 2.081629, 2.044777, 1.991067, 1.932117, 1.857241, 1.770121, 1.689285, 1.596388, 1.502390, 1.404193, 1.318044, 1.169388, 1.152164, 1.055369, 0.960600, 0.814055, 0.774384, 0.675072, 0.559804, 0.441222, 0.316343, 0.186525, 0.051958, 0.085824, 0.231065, 0.472884, 0.655322, 0.746935, 0.925356, 1.089145, 1.265451, 1.428911, 1.581986, 1.793384, 1.845010, 1.933436, 2.079798, 2.080202, 2.140406, 2.123179, 2.115425, 2.098453, 2.015629, 1.950583, 1.913819, 1.844496, 1.794825, 1.740585, 1.672161, 1.600001, 1.554280, 1.486090, 1.379700, 1.292832, 1.220187, 1.118504, 1.040405, 0.979244, 0.871795, 0.778324, 0.710936, 0.641871, 0.531802, 0.414990, 0.317954, 0.235661, 0.147962, 0.057256, 0.037216, 0.152132, 0.269710, 0.390532, 0.509254, 0.650683, 0.802688, 0.946116, 1.065005, 1.180588, 1.289361, 1.369037, 1.446220, 1.502507, 1.537453, 1.560100, 1.592638, 1.625381, 1.660566, 1.701592, 1.752525, 1.796328, 1.902665, 1.974927, 2.038985, 2.113390, 2.187667, 2.247926, 2.294370, 2.318666, 2.329651, 2.310146, 2.286034, 2.213649, 2.129323, 2.040822, 1.940172, 1.838594, 1.739847, 1.631591, 1.531066, 1.438560, 1.328813, 1.232055, 1.139646, 1.050877, 0.975675, 0.910798, 0.801126, 0.818351, 0.787317, 0.769338, 0.747694, 0.737584, 0.722123, 0.697310, 0.669107, 0.613635, 0.595190, 0.537486, 0.484577, 0.436118, 0.383046, 0.256933, 0.263753, 0.203104, 0.149987, 0.089419, 0.041450, 0.008363, 0.044944, 0.078997, 0.115770, 0.154906, 0.183020, 0.214134, 0.243885, 0.263114, 0.339373, 0.304217, 0.309543, 0.355106, 0.327786, 0.310235, 0.246333, 0.212552, 0.205022, 0.113610, 0.022038, 0.060319, 0.152064, 0.249265, 0.359088, 0.453395, 0.544780, 0.636582, 0.742014, 0.812655, 0.871792, 0.908813, 0.943316, 0.962120, 0.966783, 0.973247, 0.987658, 0.999697, 1.025390, 1.046106, 1.079222, 1.112990, 1.162628, 1.228411, 1.333779, 1.446569, 1.537121, 1.626014, 1.716270, 1.825523, 1.902337, 1.958826, 1.972580, 1.966220, 1.947512, 1.875265, 1.786384, 1.652829, 1.482249, 1.283643, 1.044990, 0.790690, 0.538429, 0.221892, 0.093998, 0.414794, 0.742032, 1.042039, 1.330258, 1.615032, 1.889361, 2.131944, 2.360489, 2.683993, 2.803214, 2.976184, 3.130520, 3.270726, 3.387875, 3.467023, 3.532359, 3.574905, 3.626653, 3.680147, 3.740874, 3.805818, 3.890939, 3.973224, 4.057283, 4.129571, 4.219373, 4.310419, 4.387430, 4.462668, 4.524987, 4.560333, 4.593059, 4.602186, 4.598775, 4.580390, 4.535409, 4.513402, 4.411380, 4.292184, 4.202676, 4.118186, 3.947311, 3.760257, 3.572278, 3.383033, 3.192571, 2.999718, 2.807149, 2.615970, 2.423793, 2.232466, 2.041152, 1.872273, 1.726553, 1.575139, 1.460698, 1.366985, 1.287559, 1.213800, 1.142665, 1.042742, 0.942649, 0.857210, 0.773109, 0.632509, 0.532263, 0.467968, 0.362162, 0.290071, 0.271475, 0.182612, 0.166898, 0.070822, 0.016597, 0.018513, 0.097945, 0.210034, 0.273053, 0.376528, 0.499853, 0.609071, 0.729570, 0.860028, 1.001203, 1.130097, 1.266662, 1.391527, 1.509656, 1.595425, 1.681748, 1.702713, 1.737945, 1.741648, 1.725243, 1.697897, 1.655410, 1.618567, 1.586095, 1.542210, 1.515002, 1.476334, 1.458587, 1.396970, 1.331699, 1.276262, 1.211444, 1.148600, 1.113314, 0.994876, 0.915029, 0.828023, 0.750285, 0.665184, 0.585047, 0.499544, 0.420690, 0.348655, 0.282093, 0.238159, 0.189399, 0.142702, 0.102927, 0.071146, 0.048282, 0.022430, 0.009182, 0.011801, 0.000711, 0.005542, 0.008354, 0.040562, 0.073290, 0.119487, 0.155851, 0.199946, 0.222615, 0.251544, 0.287862, 0.346950, 0.397533, 0.457555, 0.467950, 0.575964, 0.638235, 0.686513, 0.734302, 0.801309, 0.871854, 0.941159, 1.024342, 1.084599, 1.147052, 1.200362, 1.247060, 1.265322, 1.259567, 1.170117, 1.114477, 1.131836, 1.065103, 1.002788, 0.913831, 0.818138, 0.721460, 0.614484, 0.506341, 0.406135, 0.312917, 0.219630, 0.077412, 0.017661, 0.026400, 0.011689, 0.068129, 0.028325, 0.038295, 0.094978, 0.032066, 0.055697, 0.027573, 0.020209, 0.083603, 0.152268, 0.236807, 0.326013, 0.405720, 0.462600, 0.517476, 0.551936, 0.574189, 0.566644, 0.546080, 0.527033, 0.508412, 0.461663, 0.400857, 0.332087, 0.274226, 0.107494, 0.042795, 0.206110, 0.371948, 0.561832, 0.758460, 0.945764, 1.125197, 1.302247, 1.453102, 1.587790, 1.713819, 1.828507, 1.919378, 2.016403, 2.112390, 2.204301, 2.306769, 2.407450, 2.519347, 2.637581, 2.742600, 2.865516, 3.014558, 3.184869, 3.360006, 3.536883, 3.749020, 3.959234, 4.168985, 4.351749, 4.545600, 4.699522, 4.890847, 4.887331, 4.936677, 4.957111, 4.962745, 4.944056, 4.918301, 4.870553, 4.807995, 4.687044, 4.584723, 4.472912, 4.323660, 4.134062, 3.902169, 3.581687, 3.353541, 3.085416, 2.833888, 2.585794, 2.313286, 2.029394, 1.745306, 1.466978, 1.197913, 0.918225, 0.617546, 0.295119, 0.010876, 0.340721, 0.723154, 0.986677, 1.285865, 1.560670, 1.813449, 2.033605, 2.205438, 2.370563, 2.511398, 2.669444, 2.820926, 2.957953, 3.083340, 3.187431, 3.255177, 3.330337, 3.347698, 3.417872, 3.438185, 3.440360, 3.449919, 3.442275, 3.421857, 3.399296, 3.360543, 3.303168, 3.239003, 3.170638, 3.093264, 3.028076, 2.881525, 2.785930, 2.694632, 2.576338, 2.545189, 2.433007, 2.105050, 2.110999, 1.938053, 1.862027, 1.879475, 1.685181, 1.575595, 1.592973, 1.410088, 1.330563, 1.296356, 1.226055, 1.185825, 1.144783, 1.137232, 1.138449, 1.139832, 1.151188, 1.174508, 1.182057, 1.187453, 1.178091, 1.184117, 1.183670, 1.178685, 1.177331, 1.160186, 1.117652, 1.069623, 1.009405, 0.940213, 0.866039, 0.758421, 0.650159, 0.540592, 0.421351, 0.286345, 0.094157, 0.003828, 0.163428, 0.325299, 0.494048, 0.667906, 0.853329, 1.032008, 1.205053, 1.362594, 1.499751, 1.630189, 1.736159, 1.832598, 1.906209, 1.971707, 2.019646, 2.036124, 2.050632, 2.058174, 2.051788, 2.033530, 1.999555, 1.961089, 1.909799, 1.850773, 1.796937, 1.728843, 1.668823, 1.593418, 1.502288, 1.429949, 1.351520, 1.248692, 1.164702, 1.037289, 0.919803, 0.783897, 0.601237, 0.417400, 0.258934, 0.092751, 0.095578, 0.284715, 0.476103, 0.673704, 0.863300, 1.057395, 1.251724, 1.429284, 1.607096, 1.775117, 1.929739, 2.077437, 2.226247, 2.383561, 2.544928, 2.706645, 2.850005, 3.010565, 3.142127, 3.252644, 3.378230, 3.469544, 3.561673, 3.618781, 3.660055, 3.687620, 3.698361, 3.676021, 3.640254, 3.560822, 3.448431, 3.322776, 3.188761, 2.933338, 2.754918, 2.716745, 2.396288, 2.224591, 2.195961, 1.900634, 1.762869, 1.599223, 1.465576, 1.345482, 1.238754, 1.165527, 1.114861, 1.081843, 1.062899, 1.064711, 1.062420, 1.079886, 1.133423, 1.197591, 1.302415, 1.362077, 1.442216, 1.541482, 1.633963, 1.715017, 1.778684, 1.829314, 1.890239, 1.935485, 1.954597, 1.970935, 1.982178, 1.996388, 2.028156, 2.064468, 2.121956, 2.184605, 2.343396, 2.396362, 2.539810, 2.682526, 2.839686, 2.984271, 3.125273, 3.246496, 3.360388, 3.452931, 3.529606, 3.617387, 3.696989, 3.750286, 3.813520, 3.861027, 3.878230, 3.860109, 3.805108, 3.734382, 3.632981, 3.486852, 3.325848, 3.158698, 2.967208, 2.777897, 2.569528, 2.363908, 2.162799, 1.977817, 1.796614, 1.624052, 1.431242, 1.246570, 1.077825, 0.927925, 0.792147, 0.673174, 0.579651, 0.487242, 0.439275, 0.417997, 0.404955, 0.424412, 0.456996, 0.502349, 0.569322, 0.656377, 0.769666, 0.900487, 1.019784, 1.113013, 1.210106, 1.301898, 1.384043, 1.341561, 1.523838, 1.565010, 1.580143, 1.581329, 1.551999, 1.506021, 1.444564, 1.363585, 1.264056, 1.164365, 1.051609, 0.931775, 0.796670, 0.676825, 0.393238, 0.310514, 0.413464, 0.359634, 0.178056, 0.299029, 0.258324, 0.056339, 0.150901, 0.041004, 0.089075, 0.139159, 0.156766, 0.142409, 0.109406, 0.059152, 0.035137, 0.059449, 0.147193, 0.257707, 0.387572, 0.532296, 0.686691, 0.837706, 1.017580, 1.127913, 1.270137, 1.366740, 1.447329, 1.507281, 1.535882, 1.539121, 1.510150, 1.461420, 1.382258, 1.287459, 1.178584, 1.077014, 0.898193, 0.896502, 0.777911, 0.667997, 0.561346, 0.447033, 0.309173, 0.151663, 0.010659, 0.142274, 0.299180, 0.469285, 0.661710, 0.846824, 1.041914, 1.243130, 1.424152, 1.619140, 1.790205, 1.943325, 2.076034, 2.223123, 2.355989, 2.479315, 2.589252, 2.658764, 2.681725, 2.655123, 2.571133, 2.440669, 2.270858, 2.039915, 1.832696, 1.581112, 1.332224, 1.086349, 0.840637, 0.666352, 0.441754, 0.248197, 0.122956, 0.007045, 0.077887, 0.140794, 0.170428, 0.219228, 0.217854, 0.195391, 0.162130, 0.113985, 0.049833, 0.021720, 0.208417, 0.178977, 0.252973, 0.333078, 0.417356, 0.506628, 0.625115, 0.742097, 1.006717, 1.020457, 1.315919, 1.338827, 1.492466, 1.774345, 1.799133, 2.035212, 2.132999, 2.120776, 2.319636, 2.385419, 2.350697, 2.506145, 2.561627, 2.523808, 2.643588, 2.657789, 2.585324, 2.613401, 2.566482, 2.525956, 2.492165, 2.446826, 2.405413, 2.346704, 2.263615, 2.180412, 2.076119, 1.960012, 1.802557, 1.662306, 1.533290, 1.405346, 1.241346, 1.152628, 1.054591, 0.960389, 0.818605, 0.743398, 0.617148, 0.490635, 0.323985, 0.142431, 0.043766, 0.218105, 0.390934, 0.571304, 0.697541, 0.749278, 0.766423, 0.766786, 0.745889, 0.684140, 0.609890, 0.515043, 0.422750, 0.334702, 0.231631, 0.092002, 0.029355, 0.148226, 0.263547, 0.454808, 0.518422, 0.654674, 0.783085, 0.930955, 1.073527, 1.217567, 1.353873, 1.485243, 1.575425, 1.654861, 1.710856, 1.743383, 1.763307, 1.771823, 1.746323, 1.697921, 1.611993, 1.522684, 1.440629, 1.300511, 1.159512, 1.018589, 0.878142, 0.738306, 0.578748, 0.392085, 0.206306, 0.026164, 0.115123, 0.242662, 0.396325, 0.527592, 0.586328, 0.522412, 0.522494, 0.415028, 0.244455, 0.044756, 0.244762, 0.487960, 0.847973, 1.093507, 1.295366, 1.616405, 1.860705, 1.966291, 2.205398, 2.372768, 2.591528, 2.625614, 2.796540, 3.077327, 3.106715, 3.251720, 3.523813, 3.655447, 3.814691, 3.945000, 4.077162, 4.194609, 4.294989, 4.288107, 4.396832, 4.374041, 4.316838, 4.190078, 4.040060, 3.860229, 3.657657, 3.384758, 3.091013, 2.764404, 2.446242, 2.104608, 1.735550, 1.361151, 0.923341, 0.540017, 0.113449, 0.329217, 0.786319, 1.258003, 1.757404, 2.269675, 2.792154, 3.292939, 3.775553, 4.279132, 4.745065, 5.192857, 5.597789, 5.967794, 6.291509, 6.550674, 6.814715, 7.027262, 7.225186, 7.336129, 7.419997, 7.473240, 7.503096, 7.507442, 7.502161, 7.466601, 7.433122, 7.374561, 7.309094, 7.232492, 7.131105, 7.034150, 6.904978, 6.785894, 6.645480, 6.504779, 6.358119, 6.244431, 6.111796, 6.011220, 5.935110, 5.860061, 5.795441, 5.755011, 5.739894, 5.741077, 5.760951, 5.786094, 5.819161, 5.845752, 5.895040, 5.913669, 5.947785, 5.961047, 5.959799, 5.950399, 5.924127, 5.868973, 5.775507, 5.663411, 5.481473, 5.253644, 4.776687, 4.616749, 4.032493, 3.758622, 3.245394, 2.702402, 2.150982, 1.598143, 1.068887, 0.552665, 0.064478, 0.380714, 0.770877, 1.121428, 1.393838, 1.769476, 1.803938, 1.943456, 2.142909, 2.108766, 2.163572, 2.307131, 2.248428, 2.305517, 2.453497, 2.382412, 2.511109, 2.533221, 2.466935, 2.599431, 2.626291, 2.540869, 2.642908, 2.647091, 2.649019, 2.642168, 2.631298, 2.605544, 2.603675, 2.595502, 2.570010, 2.535887, 2.514515, 2.492320, 2.456412, 2.404375, 2.320888, 2.202555, 2.073911, 2.005841, 1.892063, 1.762123, 1.615618, 1.479711, 1.340227, 1.189795, 1.029711, 0.904715, 0.747619, 0.617071, 0.490644, 0.372422, 0.248162, 0.149483, 0.061624, 0.023307, 0.097930, 0.172550, 0.243282, 0.322909, 0.376012, 0.451311, 0.523615, 0.580800, 0.639016, 0.702877, 0.775351, 0.856037, 0.932760, 0.951044, 0.952888, 0.961162, 0.961995, 0.944742, 0.940195, 0.933534, 0.931959, 0.916094, 0.901160, 0.914348, 0.929952, 0.933742, 0.937604, 0.963346, 1.000451, 1.054722, 1.111017, 1.151765, 1.201246, 1.252432, 1.307232, 1.355212, 1.395712, 1.446537, 1.477688, 1.498000, 1.454346, 1.572473, 1.608588, 1.637832, 1.661583, 1.665243, 1.660080, 1.624771, 1.583454, 1.528236, 1.465770, 1.388513, 1.304629, 1.131387, 1.139268, 0.914836, 0.938355, 0.832223, 0.728665, 0.533313, 0.534632, 0.437321, 0.215401, 0.127638, 0.162278, 0.031458, 0.116365, 0.062012, 0.204999, 0.213177, 0.181785, 0.112631, 0.016063, 0.100484, 0.207580, 0.346601, 0.477082, 0.614668, 0.718427, 0.801379, 0.843268, 0.886394, 0.882769, 0.863827, 0.817943, 0.745132, 0.660604, 0.555377, 0.442266, 0.331071, 0.213555, 0.092258, 0.031951, 0.177228, 0.330570, 0.485735, 0.644302, 0.812842, 0.990949, 1.189519, 1.376731, 1.562147, 1.714653, 1.836255, 1.943761, 2.022105, 2.075484, 2.112202, 2.131154, 2.114016, 2.062361, 2.002813, 1.920322, 1.822096, 1.699705, 1.561307, 1.369617, 1.198495, 1.009154, 0.835268, 0.665329, 0.532645, 0.412167, 0.325528, 0.257550, 0.237599, 0.235742, 0.296498, 0.379413, 0.486573, 0.598903, 0.694243, 0.848299, 0.778609, 0.817019, 0.828583, 0.810243, 0.779712, 0.699751, 0.572722, 0.429707, 0.232571, 0.017690, 0.246194, 0.509661, 0.772440, 1.065957, 1.433740, 1.698999, 2.030542, 2.372370, 2.752113, 3.136357, 3.551506, 3.952542, 4.361791, 4.772715, 5.154447, 5.524041, 5.872080, 6.181858, 6.512037, 6.749397, 6.924304, 7.103262, 7.229113, 7.315118, 7.373248, 7.384664, 7.278116, 7.176948, 7.082940, 6.846411, 6.634442, 6.365009, 6.069732, 5.740427, 5.398684, 5.020293, 4.633159, 4.234979, 3.819508, 3.370382, 2.924757, 2.462922, 1.994606, 1.497576, 1.005714, 0.529250, 0.075851, 0.343547, 0.734229, 1.197894, 1.404050, 1.646226, 1.823589, 1.971639, 2.097292, 2.209036, 2.333660, 2.437660, 2.569099, 2.721741, 2.869080, 3.055048, 3.259951, 3.508761, 3.766401, 4.070283, 4.416927, 4.789417, 5.197596, 5.651333, 6.111848, 6.557227, 6.957595, 7.322197, 7.602911, 7.794612, 7.883833, 7.821576, 7.647274, 7.313135, 6.848868, 6.266688, 5.572552, 4.772880, 3.867848, 2.885977, 1.832521, 0.722209, 0.426822, 1.577515, 2.685168, 3.739141, 4.740439, 5.708366, 6.608823, 7.444476, 8.249032, 8.996756, 9.695154, 10.304496, 10.836719, 11.270827, 11.606377, 11.800070, 11.936459, 11.969271, 11.841284, 11.623741, 11.316756, 10.919123, 10.279487, 9.891146, 9.283787, 8.610713, 7.920543, 7.203607, 6.481111, 5.773776, 5.066816, 4.374279, 3.722152, 3.096748, 2.515482, 1.978305, 1.501922, 1.081881, 0.594266, 0.351684, 0.070800, 0.154368, 0.329794, 0.439341, 0.521782, 0.588347, 0.646547, 0.582785, 0.530204, 0.410447, 0.244205, 0.062648, 0.165318, 0.517029, 0.648467, 0.867590, 1.085936, 1.304962, 1.524372, 1.739743, 1.963153, 2.186971, 2.455168, 2.546061, 2.657130, 2.728624, 2.767486, 2.768805, 2.746231, 2.717613, 2.681617, 2.641949, 2.556009, 2.438602, 2.349378, 2.274074, 2.219409, 2.192136, 2.187902, 2.223670, 2.259704, 2.312355, 2.419340, 2.540109, 2.650424, 2.751705, 2.864692, 2.984663, 3.113950, 3.263140, 3.419912, 3.568267, 3.721397, 3.873562, 4.024589, 4.173714, 4.318430, 4.463602, 4.624385, 4.779703, 4.908002, 5.035521, 5.134474, 5.221438, 5.235969, 5.228185, 5.178325, 5.083227, 4.920654, 4.696519, 4.441724, 4.161676, 3.841722, 3.500329, 3.158853, 2.808257, 2.445606, 2.085827, 1.727036, 1.377580, 1.044772, 0.735872, 0.440700, 0.172809, 0.069496, 0.278034, 0.445263, 0.584808, 0.713768, 0.813084, 0.872892, 0.901059, 0.922125, 0.905218, 0.828084, 0.752959, 0.695704, 0.583769, 0.464953, 0.371017, 0.255445, 0.135235, 0.014100, 0.107058, 0.249270, 0.402264, 0.556222, 0.707878, 0.842876, 0.967476, 1.094263, 1.210485, 1.291317, 1.345294, 1.366390, 1.383696, 1.363840, 1.315257, 1.190552, 1.192414, 1.159890, 1.111960, 1.071644, 1.027629, 0.987471, 0.951569, 0.899143, 0.830982, 0.784487, 0.733733, 0.673752, 0.607645, 0.545809, 0.434182, 0.456271, 0.417990, 0.390217, 0.360471, 0.341881, 0.294253, 0.262495, 0.302934, 0.294645, 0.266688, 0.242949, 0.154759, 0.189499, 0.160978, 0.120530, 0.039089, 0.018534, 0.025819, 0.011456, 0.057571, 0.108264, 0.167817, 0.305727, 0.313692, 0.388359, 0.567058, 0.586567, 0.724441, 0.986240, 1.129838, 1.356165, 1.534121, 1.602881, 1.849521, 1.979301, 2.098410, 2.200063, 2.271508, 2.336131, 2.383808, 2.420994, 2.450084, 2.466645, 2.486533, 2.506640, 2.524572, 2.557710, 2.581605, 2.627273, 2.674144, 2.723425, 2.792831, 2.871399, 2.930670, 2.988544, 3.042103, 3.095893, 3.158512, 3.202148, 3.228494, 3.239963, 3.240149, 3.226040, 3.202631, 3.158176, 3.125223, 3.081741, 3.051591, 3.016218, 2.992797, 2.953147, 2.899553, 2.826542, 2.677024, 2.564710, 2.435203, 2.278747, 2.101769, 1.917793, 1.761490, 1.604110, 1.443652, 1.265303, 1.081083, 0.893773, 0.705868, 0.517539, 0.284213, 0.010017, 0.304052, 0.579649, 0.864814, 1.155005, 1.389296, 1.628326, 1.830757, 2.018389, 2.140061, 2.230918, 2.294530, 2.340984, 2.381758, 2.413595, 2.446385, 2.495058, 2.475604, 2.566272, 2.618256, 2.673896, 2.722453, 2.770465, 2.809229, 2.848843, 2.884187, 2.918708, 2.947458, 2.954407, 2.946349, 2.918103, 2.900309, 2.786487, 2.832528, 2.768074, 2.702332, 2.637148, 2.601980, 2.539386, 2.450748, 2.360791, 2.183594, 2.173002, 2.073177, 1.970498, 1.848648, 1.719485, 1.481076, 1.468016, 1.324271, 1.068905, 1.041670, 0.754495, 0.731258, 0.574912, 0.272485, 0.117960, 0.081317, 0.191703, 0.311701, 0.457580, 0.582514, 0.693695, 0.796235, 0.881196, 0.955778, 0.993959, 1.037581, 1.058678, 1.068297, 1.055643, 1.025276, 0.968772, 0.903712, 0.821057, 0.748592, 0.615839, 0.554322, 0.450106, 0.352133, 0.246494, 0.150784, 0.079553, 0.002467, 0.080556, 0.144612, 0.185593, 0.223083, 0.267954, 0.303720, 0.322629, 0.312442, 0.280788, 0.248631, 0.202519, 0.146109, 0.078752, 0.008346, 0.087317, 0.180673, 0.256577, 0.357906, 0.465625, 0.565349, 0.650928, 0.730219, 0.785621, 0.824653, 0.846428, 0.844857, 0.818691, 0.762166, 0.690679, 0.588650, 0.478314, 0.363454, 0.253519, 0.138668, 0.030251, 0.068865, 0.154769, 0.222081, 0.194439, 0.296477, 0.343269, 0.370657, 0.396717, 0.422088, 0.445027, 0.475884, 0.496477, 0.488673, 0.451661, 0.387446, 0.303655, 0.206076, 0.095091, 0.101725, 0.062798, 0.127294, 0.163326, 0.164633, 0.169820, 0.164059, 0.140189, 0.115625, 0.102136, 0.088000, 0.280761, 0.236838, 0.206530, 0.249643, 0.215828, 0.093872, 0.104588, 0.035960, 0.056803, 0.020975, 0.041506, 0.002367, 0.171209, 0.145894, 0.350158, 0.457141, 0.449719, 0.687256, 0.800924, 0.905530, 1.013202, 1.084649, 1.175282, 1.272060, 1.357279, 1.436485, 1.504632, 1.573518, 1.627823, 1.674076, 1.679801, 1.647573, 1.627850, 1.576887, 1.509085, 1.432068, 1.333108, 1.225221, 1.142177, 1.056231, 0.983773, 0.898556, 0.821027, 0.724580, 0.657377, 0.549142, 0.429967, 0.277721, 0.004846, 0.168121, 0.388784, 0.610498, 0.831816, 1.051916, 1.251798, 1.451444, 1.644463, 1.795065, 1.925732, 2.042075, 2.154343, 2.271010, 2.380799, 2.489656, 2.629587, 2.803057, 2.951860, 3.094087, 3.242991, 3.411441, 3.619607, 3.801686, 3.979537, 4.165604, 4.370402, 4.574920, 4.776300, 4.976303, 5.175698, 5.373191, 5.572108, 5.773549, 5.963513, 6.158988, 6.356251, 6.552451, 6.747759, 6.939060, 7.109090, 7.271102, 7.424061, 7.571940, 7.716611, 7.864513, 8.009667, 8.188930, 8.386482, 8.572928, 8.746996, 8.925277, 9.059998, 9.192184, 9.323622, 9.441512, 9.552992, 9.665765, 9.720523, 9.735053, 9.652961, 9.367091, 9.243534, 8.888581, 8.434000, 7.575260, 7.160997, 6.389628, 5.196124, 4.661351, 3.747821, 2.489496, 1.629882, 0.849345, 0.133819, 0.487220, 1.032338, 1.487158, 1.830032, 2.109539, 2.284259, 2.372951, 2.397451, 2.372359, 2.319238, 2.264480, 2.193958, 2.128812, 2.077193, 2.043776, 2.048849, 2.041219, 2.044525, 2.040090, 2.047655, 2.048577, 2.043349, 2.040236, 2.016376, 1.989165, 1.949510, 1.890853, 1.825892, 1.743291, 1.667726, 1.585192, 1.536613, 1.453906, 1.415700, 1.398792, 1.372477, 1.352855, 1.333871, 1.293190, 1.245809, 1.159932, 1.069507, 0.978567, 0.886926, 0.788235, 0.652344, 0.530662, 0.424084, 0.322553, 0.215560, 0.109760, 0.002683, 0.104539, 0.211694, 0.315658, 0.417298, 0.514937, 0.609978, 0.703129, 0.787735, 0.752549, 0.769578, 0.751437, 0.799059, 0.800553, 0.795182, 0.786215, 0.779717, 0.764875, 0.769181, 0.767755, 0.762108, 0.746873, 0.749394, 0.741155, 0.740378, 0.729577, 0.662216, 0.708269, 0.700216, 0.703135, 0.690032, 0.673673, 0.655357, 0.632137, 0.578475, 0.563573, 0.500228, 0.424170, 0.271212, 0.186129, 0.034740, 0.178092, 0.312388, 0.508913, 0.787224, 0.956131, 1.188936, 1.494288, 1.688054, 1.985470, 2.227339, 2.465322, 2.702076, 2.936057, 3.154563, 3.369517, 3.575148, 3.773816, 3.972729, 4.121378, 4.296528, 4.403475, 4.511894, 4.620748, 4.682196, 4.659547, 4.558597, 4.405447, 4.175803, 3.912626, 3.591800, 3.228049, 2.838848, 2.421453, 1.986410, 1.555277, 1.130533, 0.742070, 0.391324, 0.092590, 0.128154, 0.296168, 0.420766, 0.505825, 0.548325, 0.563825, 0.599088, 0.598459, 0.601057, 0.591191, 0.581585, 0.545830, 0.453759, 0.406106, 0.351020, 0.296775, 0.221941, 0.156847, 0.087101, 0.036502, 0.000528, 0.018568, 0.041164, 0.040154, 0.012233, 0.034601, 0.091952, 0.180126, 0.263627, 0.383361, 0.508977, 0.668123, 0.833640, 1.003713, 1.154756, 1.320215, 1.442861, 1.545819, 1.625494, 1.665975, 1.707611, 1.707878, 1.665397, 1.633008, 1.577054, 1.517793, 1.393858, 1.343857, 1.310323, 1.290954, 1.265300, 1.240263, 1.261073, 1.208796, 1.196705, 1.178640, 1.160216, 1.148334, 1.123004, 1.107998, 1.090770, 1.085527, 1.075219, 1.129530, 1.099496, 1.145716, 1.211880, 1.383244, 1.509245, 1.634798, 1.677427, 1.910342, 2.041547, 2.144757, 2.291128, 2.413618, 2.520852, 2.607309, 2.710038, 2.785131, 2.855631, 2.898652, 2.911518, 2.904444, 2.887693, 2.854904, 2.772946, 2.666546, 2.518284, 2.393109, 2.273665, 2.145739, 2.017956, 1.885414, 1.750842, 1.618858, 1.493146, 1.344428, 1.210782, 1.067534, 0.939960, 0.808809, 0.650993, 0.504240, 0.369928, 0.236756, 0.096082, 0.015791, 0.123728, 0.223539, 0.321148, 0.399684, 0.459382, 0.515724, 0.560402, 0.584715, 0.594471, 0.591332, 0.579721, 0.542475, 0.506843, 0.466758, 0.406826, 0.337785, 0.252801, 0.166841, 0.057782, 0.053369, 0.167678, 0.291555, 0.444185, 0.604016, 0.776004, 0.946157, 1.121500, 1.286046, 1.443792, 1.582846, 1.738818, 1.872870, 1.991835, 2.109524, 2.318235, 2.300798, 2.382098, 2.420460, 2.489340, 2.515681, 2.531187, 2.526144, 2.529414, 2.512151, 2.503836, 2.477527, 2.448703, 2.417478, 2.394408, 2.419217, 2.316708, 2.279367, 2.239768, 2.194340, 2.150494, 2.099552, 2.051730, 1.997166, 1.938577, 1.906576, 1.856986, 1.808190, 1.760596, 1.703867, 1.639526, 1.606817, 1.471913, 1.374927, 1.274338, 1.157512, 1.040859, 0.917688, 0.797468, 0.688971, 0.513558, 0.370228, 0.233180, 0.100618, 0.039529, 0.176788, 0.264479, 0.388403, 0.563379, 0.694732, 0.783874, 0.973983, 1.131228, 1.304717, 1.448048, 1.564570, 1.734880, 1.917675, 2.029673, 2.179039, 2.369717, 2.463735, 2.594483, 2.771397, 2.823851, 2.904366, 2.974108, 3.022559, 3.020728, 3.003715, 2.944105, 2.856900, 2.763119, 2.654795, 2.539136, 2.472896, 2.443461, 2.433682, 2.465968, 2.522027, 2.581055, 2.645492, 2.711979, 2.783574, 2.835481, 2.879938, 2.945068, 3.026245, 3.092030, 3.175336, 3.243042, 3.313772, 3.363375, 3.392720, 3.391579, 3.369359, 3.333621, 3.271471, 3.202683, 3.110305, 3.010965, 2.898015, 2.762312, 2.615423, 2.450059, 2.280433, 2.108900, 1.929551, 1.769931, 1.631816, 1.534312, 1.485543, 1.498937, 1.564066, 1.691454, 1.825314, 2.016673, 2.259626, 2.467220, 2.662684, 2.848286, 3.019129, 3.155801, 3.274906, 3.369588, 3.427403, 3.458969, 3.460691, 3.431407, 3.372577, 3.260324, 3.118925, 2.948123, 2.735318, 2.519550, 2.290688, 2.042520, 1.803482, 1.572115, 1.292905, 1.042063, 0.785624, 0.511177, 0.223479, 0.057892, 0.346069, 0.619961, 0.862969, 1.098256, 1.274558, 1.418265, 1.520032, 1.709735, 1.664276, 1.690798, 1.774809, 1.848741, 1.925995, 2.017778, 2.096602, 2.202654, 2.285361, 2.369794, 2.497174, 2.507905, 2.543974, 2.560573, 2.613024, 2.499823, 2.444593, 2.379408, 2.289915, 2.186755, 2.078093, 1.955024, 1.836701, 1.741352, 1.569891, 1.403995, 1.271504, 1.033122, 0.811959, 0.660164, 0.449563, 0.282909, 0.081616, 0.119122, 0.296258, 0.523054, 0.758326, 0.997483, 1.238348, 1.448681, 1.632124, 1.811035, 1.978856, 2.148189, 2.262481, 2.358651, 2.420521, 2.448708, 2.453719, 2.424615, 2.342637, 2.225575, 2.074596, 1.895583, 1.678922, 1.445713, 1.209419, 0.963810, 0.718759, 0.488252, 0.284834, 0.078500, 0.076472, 0.220085, 0.343232, 0.438747, 0.491503, 0.532373, 0.526737, 0.488040, 0.408857, 0.240131, 0.067302, 0.143031, 0.359422, 0.638636, 0.955772, 1.276683, 1.622487, 1.980079, 2.359378, 2.746732, 3.127591, 3.496441, 3.849491, 4.190439, 4.512938, 4.812055, 5.085587, 5.331173, 5.528742, 5.721948, 5.864904, 5.954204, 5.992078, 5.960540, 5.886630, 5.736409, 5.561180, 5.339846, 5.096875, 4.822389, 4.545803, 4.217151, 3.705247, 3.540332, 3.197353, 2.870591, 2.525341, 2.204623, 1.889401, 1.608242, 1.336709, 1.068322, 0.705564, 0.609867, 0.414770, 0.226862, 0.059612, 0.204459, 0.251597, 0.389428, 0.509387, 0.669344, 0.705828, 0.807690, 0.903292, 0.980368, 1.055508, 1.120233, 1.255602, 1.250412, 1.335099, 1.495138, 1.559775, 1.557877, 1.719829, 1.810048, 1.806679, 1.980528, 2.062186, 2.134736, 2.203659, 2.274826, 2.344484, 2.408909, 2.462309, 2.514318, 2.570108, 2.617620, 2.665974, 2.728301, 2.790521, 2.843069, 2.900454, 2.933710, 2.970600, 3.009914, 3.040216, 3.046444, 3.036332, 3.013192, 2.975034, 2.863211, 2.781395, 2.669357, 2.542059, 2.415434, 2.270220, 2.098289, 1.920138, 1.718583, 1.531704, 1.345425, 1.131498, 0.927605, 0.736650, 0.548018, 0.378064, 0.211120, 0.054134, 0.069616, 0.220107, 0.372485, 0.500035, 0.620827, 0.740875, 0.860399, 0.967616, 1.055854, 1.141389, 1.196219, 1.296472, 1.338466, 1.357879, 1.347193, 1.337291, 1.320449, 1.291529, 1.248799, 1.187321, 1.124463, 1.044317, 0.995982, 0.932036, 0.858910, 0.783052, 0.717269, 0.660797, 0.545981, 0.538968, 0.458330, 0.385685, 0.309559, 0.201327, 0.047098, 0.008451, 0.123657, 0.244883, 0.355139, 0.467546, 0.585456, 0.705804, 0.829407, 1.023709, 1.075614, 1.193896, 1.311168, 1.406079, 1.482265, 1.571578, 1.641663, 1.704587, 1.763589, 1.806640, 1.835564, 1.858056, 1.886374, 1.896671, 1.929700, 1.917721, 1.854662, 1.841205, 1.818903, 1.768181, 1.720542, 1.721500, 1.685285, 1.651478, 1.613592, 1.580177, 1.500220, 1.452212, 1.381500, 1.300235, 1.223225, 1.146102, 1.062903, 0.987530, 0.928838, 0.895190, 0.858279, 0.824212, 0.759270, 0.712361, 0.683614, 0.609722, 0.535541, 0.461927, 0.384629, 0.302090, 0.273713, 0.199691, 0.139538, 0.083496, 0.045454, 0.015573, 0.021588, 0.078313, 0.172070, 0.294612, 0.472895, 0.685451, 0.932479, 1.189403, 1.457976, 1.740780, 2.034221, 2.312593, 2.565197, 2.833478, 3.085498, 3.324834, 3.551276, 3.744157, 3.905080, 4.109240, 4.316298, 4.573427, 4.716220, 4.911188, 5.117899, 5.313877, 5.493882, 5.681638, 5.861776, 6.024878, 6.133766, 6.236132, 6.331924, 6.420835, 6.475497, 6.505549, 6.535081, 6.513754, 6.407136, 6.375571, 6.257109, 6.118524, 5.952467, 5.765602, 5.596359, 5.418282, 5.238678, 5.058885, 4.889991, 4.699557, 4.541097, 4.392642, 4.263858, 4.089220, 4.050579, 3.949137, 3.847643, 3.756942, 3.670913, 3.588771, 3.499289, 3.401941, 3.301116, 3.194186, 3.086869, 2.896976, 2.861054, 2.745990, 2.567583, 2.525013, 2.395575, 2.202381, 2.154629, 1.932389, 1.791977, 1.661840, 1.502532, 1.358433, 1.300510, 1.075513, 0.929490, 0.788521, 0.668498, 0.569432, 0.466117, 0.367243, 0.281862, 0.226880, 0.124668, 0.096212, 0.012557, 0.048889, 0.147692, 0.192637, 0.198707, 0.225787, 0.207265, 0.170957, 0.074410, 0.011632, 0.108877, 0.221613, 0.311103, 0.422435, 0.523474, 0.561211, 0.573854, 0.579417, 0.558055, 0.586762, 0.553109, 0.554740, 0.530555, 0.513296, 0.550001, 0.544816, 0.551813, 0.589595, 0.594920, 0.635987, 0.658460, 0.729155, 0.784010, 0.828007, 0.902728, 0.954810, 0.984006, 1.014891, 1.049163, 1.094787, 1.098460, 1.131302, 1.085258, 1.086320, 1.081346, 1.074482, 1.025103, 0.994815, 0.904395, 0.877844, 0.810641, 0.706510, 0.607157, 0.508980, 0.404223, 0.251131, 0.218333, 0.112724, 0.015429, 0.161158, 0.165066, 0.236571, 0.284867, 0.377995, 0.358117, 0.381984, 0.394594, 0.391853, 0.389259, 0.359455, 0.375621, 0.293003, 0.251527, 0.204017, 0.123499, 0.006652, 0.089319, 0.202805, 0.304663, 0.389925, 0.511101, 0.588399, 0.678132, 0.797186, 0.878547, 0.937885, 1.039343, 1.074321, 1.126637, 1.173518, 1.221923, 1.254771, 1.263199, 1.242535, 1.213573, 1.159369, 1.105529, 1.017674, 0.929363, 0.824723, 0.728839, 0.626314, 0.512321, 0.389853, 0.262808, 0.140716, 0.022014, 0.068761, 0.131977, 0.179926, 0.192554, 0.217207, 0.235516, 0.247340, 0.249822, 0.272522, 0.291479, 0.313032, 0.328581, 0.355878, 0.395453, 0.425171, 0.485345, 0.552560, 0.637046, 0.722682, 0.792013, 0.893890, 0.983839, 1.063885, 1.164006, 1.271520, 1.351110, 1.454966, 1.543250, 1.647231, 1.761129, 1.870541, 1.989941, 2.104533, 2.199963, 2.282328, 2.347074, 2.413673, 2.417749, 2.404908, 2.381043, 2.317758, 2.225309, 2.114412, 1.930262, 1.809641, 1.618076, 1.420997, 1.224254, 1.026165, 0.830674, 0.629885, 0.435111, 0.230338, 0.041987, 0.147271, 0.344076, 0.545712, 0.743888, 0.950427, 1.158439, 1.364362, 1.527338, 1.640132, 1.732026, 1.811359, 1.861127, 1.927557, 1.972424, 1.994892, 2.005690, 2.000463, 1.994509, 1.906715, 1.972535, 1.956376, 1.929453, 1.895619, 1.870510, 1.849811, 1.816556, 1.786665, 1.769140, 1.759493, 1.758385, 1.758461, 1.761240, 1.754618, 1.660780, 1.711209, 1.656613, 1.599995, 1.526372, 1.445645, 1.348603, 1.243121, 1.127461, 1.014451, 0.884230, 0.755714, 0.620002, 0.360510, 0.339404, 0.098444, 0.039720, 0.157322, 0.173269, 0.411071, 0.538863, 0.678373, 0.787954, 0.907116, 
,,,0.012738, 0.032376, 0.048040, 0.067563, 0.083585, 0.096331, 0.107945, 0.119215, 0.130927, 0.142538, 0.153745, 0.165420, 0.176819, 0.193151, 0.209828, 0.226659, 0.243435, 0.261707, 0.276678, 0.293183, 0.309786, 0.326500, 0.343241, 0.359762, 0.376912, 0.393167, 0.409822, 0.426616, 0.443183, 0.459812, 0.476520, 0.493138, 0.511265, 0.526510, 0.543191, 0.559876, 0.576583, 0.593288, 0.610524, 0.626576, 0.644905, 0.659994, 0.676617, 0.693308, 0.709926, 0.726643, 0.743422, 0.762248, 0.776690, 0.793472, 0.810028, 0.827998, 0.843667, 0.861108, 0.877294, 0.893953, 0.910660, 0.927430, 0.943986, 0.964582, 0.978873, 0.994133, 1.012139, 1.027429, 1.044149, 1.060836, 1.077435, 1.094201, 1.111286, 1.127388, 1.144196, 1.160807, 1.177456, 1.194159, 1.210914, 1.227471, 1.244274, 1.262110, 1.278086, 1.294425, 1.311009, 1.328407, 1.344446, 1.361451, 1.377911, 1.394406, 1.411018, 1.427879, 1.444480, 1.461137, 1.477800, 1.494558, 1.513122, 1.527843, 1.544449, 1.561258, 1.578351, 1.595240, 1.611357, 1.628120, 1.646199, 1.661512, 1.678285, 1.694786, 1.711445, 1.728091, 1.744809, 1.764283, 1.778129, 1.795423, 1.811536, 1.828038, 1.845292, 1.861451, 1.878066, 1.894759, 1.911435, 1.928109, 1.944673, 1.961453, 1.978096, 1.994696, 2.011298, 2.030122, 2.044877, 2.061552, 2.078265, 2.095805, 2.111597, 2.128282, 2.145012, 2.165536, 2.178400, 2.194947, 2.211614, 2.228343, 2.244966, 2.261760, 2.280372, 2.295512, 2.311861, 2.328472, 2.345412, 2.361765, 2.378444, 2.395275, 2.411842, 2.428604, 2.445833, 2.462087, 2.478672, 2.495343, 2.511957, 2.530295, 2.545397, 2.562316, 2.579304, 2.595457, 2.612034, 2.628781, 2.645480, 2.661989, 2.678748, 2.695383, 2.712092, 2.730396, 2.745436, 2.762143, 2.781104, 2.795637, 2.812437, 2.828884, 2.847497, 2.862327, 2.878940, 2.895687, 2.912350, 2.929030, 2.945703, 2.963225, 2.979345, 2.995924, 3.013160, 3.031365, 3.046007, 3.062854, 3.080033, 3.096211, 3.112883, 3.129536, 3.147161, 3.163179, 3.179645, 3.196329, 3.212937, 3.229581, 3.246273, 3.263108, 3.281222, 3.296874, 3.313194, 3.329658, 3.346264, 3.362868, 3.379627, 3.396267, 3.412897, 3.430147, 3.446434, 3.463030, 3.479695, 3.496382, 3.512989, 3.531149, 3.546299, 3.563508, 3.579642, 3.596257, 3.612979, 3.629648, 3.646273, 3.662946, 3.679601, 3.696285, 3.712837, 3.729576, 3.746217, 3.763097, 3.781049, 3.796827, 3.813658, 3.829829, 3.846355, 3.863103, 3.879848, 3.896618, 3.913288, 3.933905, 3.946915, 3.963489, 3.980114, 3.996756, 4.013543, 4.032066, 4.046881, 4.064026, 4.080125, 4.096776, 4.113292, 4.130031, 4.146555, 4.163282, 4.179848, 4.197049, 4.213351, 4.229924, 4.246645, 4.263337, 4.282032, 4.296652, 4.313915, 4.330109, 4.347257, 4.363586, 4.380051, 4.396740, 4.413312, 4.429960, 4.446447, 4.463223, 4.480421, 4.496713, 4.514547, 4.532157, 4.547717, 4.564071, 4.579962, 4.597345, 4.613501, 4.631674, 4.646908, 4.663576, 4.680240, 4.696884, 4.713556, 4.730259, 4.746920, 4.764630, 4.780596, 4.800259, 4.814155, 4.830374, 4.847082, 4.863828, 4.880457, 4.897111, 4.913821, 4.930473, 4.947076, 4.964256, 4.980571, 4.997195, 5.013893, 5.030607, 5.047801, 5.066122, 5.080496, 5.097715, 5.114017, 5.130725, 5.147373, 5.163998, 5.180684, 5.201222, 5.213985, 5.230699, 5.247346, 5.264192, 5.280880, 5.297420, 5.315965, 5.331428, 5.347569, 5.364098, 5.380809, 5.397448, 5.414110, 5.430811, 5.447395, 5.464122, 5.480808, 5.497472, 5.514360, 5.530970, 5.547464, 5.565880, 5.580703, 5.597415, 5.614057, 5.630778, 5.647434, 5.664628, 5.680979, 5.697517, 5.714225, 5.730843, 5.747922, 5.764831, 5.781192, 5.797754, 5.816141, 5.831006, 5.847829, 5.864480, 5.881308, 5.898044, 5.914704, 5.932902, 5.948015, 5.964623, 5.981264, 5.997887, 6.014535, 6.031700, 6.048270, 6.066143, 6.081204, 6.099434, 6.114590, 6.131252, 6.147961, 6.164672, 6.181256, 6.198499, 6.214738, 6.231306, 6.248369, 6.264695, 6.282437, 6.299077, 6.316220, 6.331548, 6.348233, 6.368938, 6.381525, 6.398172, 6.414851, 6.431612, 6.448300, 6.464910, 6.481564, 6.498300, 6.515052, 6.532015, 6.548246, 6.567005, 6.581641, 6.598283, 6.615038, 6.631670, 6.648319, 6.665034, 6.681681, 6.698353, 6.715028, 6.731732, 6.749019, 6.765682, 6.782327, 6.798474, 6.817026, 6.831662, 6.848383, 6.865049, 6.881691, 6.898418, 6.915037, 6.931708, 6.948389, 6.965046, 6.982185, 6.998563, 7.015279, 7.032318, 7.048376, 7.067041, 7.081774, 7.098525, 7.115215, 7.131813, 7.148545, 7.165245, 7.181920, 7.198641, 7.215257, 7.232422, 7.249061, 7.265334, 7.282391, 7.299157, 7.317127, 7.332112, 7.348791, 7.365333, 7.382120, 7.400299, 7.415517, 7.432129, 7.448749, 7.465950, 7.482342, 7.498919, 7.515572, 7.532230, 7.548857, 7.566980, 7.582181, 7.600394, 7.615575, 7.632265, 7.648898, 7.665686, 7.682283, 7.698916, 7.715598, 7.736165, 7.749720, 7.765860, 7.782827, 7.799062, 7.817982, 7.832870, 7.849212, 7.865805, 7.882448, 7.899154, 7.915816, 7.932536, 7.949168, 7.965843, 7.982538, 7.999248, 8.015840, 8.032543, 8.049113, 8.068361, 8.082688, 8.099403, 8.116130, 8.132885, 8.149683, 8.166339, 8.182976, 8.199675, 8.216574, 8.233076, 8.250453, 8.266869, 8.283156, 8.300298, 8.318071, 8.333241, 8.350020, 8.367085, 8.383604, 8.400057, 8.416691, 8.433481, 8.450088, 8.466818, 8.483551, 8.500321, 8.516808, 8.533523, 8.550134, 8.568991, 8.583431, 8.600185, 8.616871, 8.633628, 8.650184, 8.666875, 8.685183, 8.700242, 8.717082, 8.733706, 8.751040, 8.767402, 8.783750, 8.801846, 8.818868, 8.833677, 8.850499, 8.867020, 8.883676, 8.900473, 8.917117, 8.933676, 8.950348, 8.967128, 8.983796, 9.000906, 9.017087, 9.033803, 9.050435, 9.068839, 9.083769, 9.100552, 9.117169, 9.133915, 9.150542, 9.167251, 9.183945, 9.200834, 9.217301, 9.234107, 9.251326, 9.267265, 9.284053, 9.300655, 9.318830, 9.334070, 9.350856, 9.367427, 9.384215, 9.401331, 9.417694, 9.434888, 9.451170, 9.467764, 9.484431, 9.501433, 9.517634, 9.534400, 9.551104, 9.570420, 9.584593, 9.601176, 9.617846, 9.634622, 9.651163, 9.667918, 9.684564, 9.701298, 9.717980, 9.734622, 9.751896, 9.767949, 9.784582, 9.801244, 9.819960, 9.834569, 9.851337, 9.867920, 9.884635, 9.901267, 9.918971, 9.934941, 9.951675, 9.968787, 9.988977, 10.001975, 10.018738, 10.035077, 10.051483, 10.070542, 10.084715, 10.101466, 10.118120, 10.134654, 10.151355, 10.168055, 10.184714, 10.201490, 10.218169, 10.235270, 10.251704, 10.268054, 10.284689, 10.301368, 10.319931, 10.334827, 10.351666, 10.368268, 10.384929, 10.401608, 10.418794, 10.435156, 10.451880, 10.468444, 10.485687, 10.501781, 10.518452, 10.535140, 10.551793, 10.569964, 10.585150, 10.601910, 10.618490, 10.635144, 10.651786, 10.668434, 10.685235, 10.701863, 10.719055, 10.735664, 10.751916, 10.770093, 10.785256, 10.801872, 10.819811, 10.835279, 10.852381, 10.868688, 10.885299, 10.902421, 10.918791, 10.936760, 10.952124, 10.968514, 10.985537, 11.002253, 11.018587, 11.035193, 11.051830, 11.068541, 11.086908, 11.101809, 11.118466, 11.135133, 11.151817, 11.168506, 11.185766, 11.202044, 11.219116, 11.235286, 11.252020, 11.268554, 11.285265, 11.301987, 11.319121, 11.341112, 11.352579, 11.369243, 11.385521, 11.402132, 11.418825, 11.435474, 11.452193, 11.469327, 11.485528, 11.502165, 11.518815, 11.535489, 11.552618, 11.568959, 11.585507, 11.603868, 11.618829, 11.636122, 11.652233, 11.668889, 11.685682, 11.702303, 11.719524, 11.735667, 11.752393, 11.768945, 11.785602, 11.802333, 11.819000, 11.835732, 11.853809, 11.869657, 11.886201, 11.902596, 11.919289, 11.936108, 11.952726, 11.969820, 11.986112, 12.002748, 12.019503, 12.036300, 12.052834, 12.069491, 12.086228, 12.104826, 12.119604, 12.136230, 12.152844, 12.171201, 12.186819, 12.203706, 12.219692, 12.236291, 12.253110, 12.270196, 12.286621, 12.303086, 12.319715, 12.338045, 12.354864, 12.369880, 12.386528, 12.403099, 12.421423, 12.436789, 12.453389, 12.470319, 12.486506, 12.503226, 12.519776, 12.536466, 12.556487, 12.569605, 12.586374, 12.604792, 12.619659, 12.636379, 12.653046, 12.669650, 12.686413, 12.703552, 12.719749, 12.736346, 12.753123, 12.769753, 12.786426, 12.803020, 12.819765, 12.836407, 12.854731, 12.869805, 12.886498, 12.903177, 12.919947, 12.936620, 12.953322, 12.969992, 12.986545, 13.003182, 13.019939, 13.036618, 13.053223, 13.070065, 13.087196, 13.105833, 13.120402, 13.137532, 13.153931, 13.170419, 13.187334, 13.203805, 13.220444, 13.237156, 13.253874, 13.270487, 13.287610, 13.303947, 13.320549, 13.337683, 13.355899, 13.370569, 13.387734, 13.404128, 13.420680, 13.437442, 13.454009, 13.470689, 13.487479, 13.504250, 13.520906, 13.537527, 13.554189, 13.571338, 13.589212, 13.605820, 13.620901, 13.637613, 13.654364, 13.670998, 13.688291, 13.704309, 13.720955, 13.739209, 13.754345, 13.771000, 13.787708, 13.804328, 13.821047, 13.837659, 13.855758, 13.871037, 13.887594, 13.904464, 13.921085, 13.938225, 13.954918, 13.971026, 13.987753, 14.008280, 14.021059, 14.037756, 14.054467, 14.071139, 14.087858, 14.105753, 14.121053, 14.137884, 14.154551, 14.171297, 14.188362, 14.204506, 14.221204, 14.237847, 14.254553, 14.271183, 14.287821, 14.304526, 14.321238, 14.337921, 14.356704, 14.371271, 14.387934, 14.404705, 14.421725, 14.438958, 14.454651, 14.471236, 14.487944, 14.504795, 14.521277, 14.538019, 14.554683, 14.571284, 14.588019, 14.606752, 14.621364, 14.638160, 14.654708, 14.671640, 14.688517, 14.704716, 14.721473, 14.738088, 14.754825, 14.771512, 14.788156, 14.804828, 14.821439, 14.838158, 14.856683, 14.872024, 14.888533, 14.905026, 14.921671, 14.938805, 14.955009, 14.971743, 14.988318, 15.005080, 15.021761, 15.039907, 15.055187, 15.071719, 15.088349, 15.106707, 15.121730, 15.138502, 15.155682, 15.171942, 15.188964, 15.205148, 15.223427, 15.238455, 15.255183, 15.271751, 15.288358, 15.304933, 15.321599, 15.338254, 15.354906, 15.373838, 15.388615, 15.409477, 15.422120, 15.438506, 15.455004, 15.471718, 15.488393, 15.505161, 15.521723, 15.538453, 15.555115, 15.571773, 15.588443, 15.605128, 15.623698, 15.638582, 15.655257, 15.671963, 15.688579, 15.705701, 15.722055, 15.738681, 15.755392, 15.772023, 15.789290, 15.805555, 15.822204, 15.839377, 15.855627, 15.873964, 15.889003, 15.905637, 15.922829, 15.939473, 15.955755, 15.972850, 15.989128, 16.005664, 16.022317, 16.039060, 16.055696, 16.072297, 16.088960, 16.105624, 16.123836, 16.139070, 16.156172, 16.172368, 16.188924, 16.205581, 16.222227, 16.238973, 16.255703, 16.272296, 16.288926, 16.305622, 16.322323, 16.339510, 16.355759, 16.373858, 16.389052, 16.405940, 16.422983, 16.439084, 16.455789, 16.472408, 16.489217, 16.505880, 16.522636, 16.539311, 16.556019, 16.572635, 16.589280, 16.606007, 16.624614, 16.639481, 16.656514, 16.672757, 16.689385, 16.706505, 16.722941, 16.739473, 16.757690, 16.772821, 16.789585, 16.806229, 16.822911, 16.839567, 16.856241, 16.874685, 16.889803, 16.906788, 16.922960, 16.940102, 16.957939, 16.973034, 16.989672, 17.006312, 17.023053, 17.039736, 17.060339, 17.073003, 17.089687, 17.106851, 17.124784, 17.139853, 17.157006, 17.173140, 17.189820, 17.206472, 17.223194, 17.239838, 17.256539, 17.273193, 17.290036, 17.306655, 17.323477, 17.340192, 17.356871, 17.375591, 17.390329, 17.407407, 17.423610, 17.440334, 17.457006, 17.473685, 17.490373, 17.507054, 17.524274, 17.540567, 17.557147, 17.573900, 17.590481, 17.607251, 17.626713, 17.640810, 17.657894, 17.674423, 17.690984, 17.707719, 17.724381, 17.741020, 17.757684, 17.774303, 17.791531, 17.807996, 17.825051, 17.841287, 17.857843, 17.876723, 17.891646, 17.907706, 17.924401, 17.941514, 17.957907, 17.974406, 17.991156, 18.007771, 18.024457, 18.041075, 18.057733, 18.074406, 18.092721, 18.107834, 18.127114, 18.141239, 18.157886, 18.174472, 18.191646, 18.208006, 18.224538, 18.242846, 18.257989, 18.274675, 18.291351, 18.308039, 18.325210, 18.341534, 18.358075, 18.376573, 18.391786, 18.408090, 18.424796, 18.441345, 18.458033, 18.474688, 18.491403, 18.508105, 18.524845, 18.541594, 18.562597, 18.574899, 18.591559, 18.608285, 18.627559, 18.641840, 18.658419, 18.675650, 18.691967, 18.708554, 18.725191, 18.741825, 18.758698, 18.775216, 18.791899, 18.808633, 18.825435, 18.841965, 18.859164, 18.877591, 18.891905, 18.909052, 18.925405, 18.941966, 18.958716, 18.975318, 18.992121, 19.010429, 19.025652, 19.042278, 19.058948, 19.077182, 19.092542, 19.108916, 19.127583, 19.142122, 19.158918, 19.175475, 19.192144, 19.209214, 19.225580, 19.241947, 19.258707, 19.275372, 19.295925, 19.308864, 19.325436, 19.342080, 19.358730, 19.377625, 19.392408, 19.408810, 19.425930, 19.442086, 19.458746, 19.475406, 19.492745, 19.508961, 19.525526, 19.542258, 19.558886, 19.575583, 19.592346, 19.608918, 19.627571, 19.642178, 19.658865, 19.675525, 19.692161, 19.708808, 19.725464, 19.742719, 19.759057, 19.775679, 19.792279, 19.808860, 19.825571, 19.842033, 19.859237, 19.875819, 19.894069, 19.908901, 19.925491, 19.942207, 19.958867, 19.975533, 19.992221, 20.008819, 20.025533, 20.042216, 20.058902, 20.075636, 20.092258, 20.109369, 20.126025, 20.143502, 20.160377, 20.175553, 20.192223, 20.208893, 20.226199, 20.242262, 20.259022, 20.275665, 20.292334, 20.309050, 20.325830, 20.342414, 20.359456, 20.375926, 20.395566, 20.409176, 20.425916, 20.442556, 20.459189, 20.475836, 20.492528, 20.509199, 20.526024, 20.542587, 20.559235, 20.576028, 20.592702, 20.610149, 20.626180, 20.642784, 20.661533, 20.676166, 20.692819, 20.709462, 20.726129, 20.742821, 20.759610, 20.776195, 20.792873, 20.809597, 20.826200, 20.848209, 20.859973, 20.876329, 20.892941, 20.911546, 20.926233, 20.942924, 20.959479, 20.976152, 20.992635, 21.009400, 21.026525, 21.042876, 21.059969, 21.076291, 21.093766, 21.109687, 21.126233, 21.142974, 21.161533, 21.176222, 21.192981, 21.209563, 21.226306, 21.242903, 21.259587, 21.276183, 21.292921, 21.309660, 21.326327, 21.343498, 21.359656, 21.376299, 21.392956, 21.411552, 21.426300, 21.443025, 21.459721, 21.476327, 21.493004, 21.509757, 21.526398, 21.543105, 21.559855, 21.576522, 21.593704, 21.609980, 21.626522, 21.643047, 21.661473, 21.676301, 21.693563, 21.709780, 21.726359, 21.742965, 21.759701, 21.776789, 21.793650, 21.809869, 21.827106, 21.843248, 21.859861, 21.876508, 21.893232, 21.911430, 21.926503, 21.943201, 21.959826, 21.976636, 21.993287, 22.010281, 22.026792, 22.043493, 22.060296, 22.076934, 22.094269, 22.110375, 22.127083, 22.143692, 22.162389, 22.177014, 22.193713, 22.212783, 22.227455, 22.243850, 22.260610, 22.277260, 22.294002, 22.310673, 22.327892, 22.344012, 22.360655, 22.377309, 22.393966, 22.412497, 22.427308, 22.445533, 22.460647, 22.477285, 22.493960, 22.510690, 22.527294, 22.544031, 22.560711, 22.577411, 22.594428, 22.610674, 22.627406, 22.644004, 22.662409, 22.677342, 22.693985, 22.711155, 22.727563, 22.748315, 22.760816, 22.777435, 22.794700, 22.811023, 22.827568, 22.844480, 22.860909, 22.877607, 22.894278, 22.912469, 22.927532, 22.944181, 22.960862, 22.977548, 22.994235, 23.010902, 23.027550, 23.044312, 23.060949, 23.078026, 23.094396, 23.110904, 23.127603, 23.144766, 23.162581, 23.177684, 23.194352, 23.211018, 23.227625, 23.244200, 23.260922, 23.277397, 23.294663, 23.310873, 23.327958, 23.344325, 23.361038, 23.377954, 23.394455, 23.413049, 23.428001, 23.444585, 23.461185, 23.477986, 23.494624, 23.511947, 23.528074, 23.544895, 23.562191, 23.578649, 23.594922, 23.612059, 23.628365, 23.645485, 23.663671, 23.678395, 23.695577, 23.711853, 23.728449, 23.745116, 23.761838, 23.778507, 23.795323, 23.811969, 23.828508, 23.845148, 23.861765, 23.878461, 23.895105, 23.913442, 23.928451, 23.945116, 23.961779, 23.978525, 23.995143, 24.011797, 24.028546, 24.045179, 24.062138, 24.078838, 24.095929, 24.112462, 24.128984, 24.145713, 24.164435, 24.180664, 24.195771, 24.212399, 24.229106, 24.245762, 24.262529, 24.279208, 24.295924, 24.314077, 24.329656, 24.345897, 24.362995, 24.379261, 24.395972, 24.414440, 24.429625, 24.446225, 24.462954, 24.479658, 24.496251, 24.513196, 24.529898, 24.550087, 24.563615, 24.580265, 24.596650, 24.613096, 24.630410, 24.646734, 24.664467, 24.680391, 24.696575, 24.713126, 24.729517, 24.746111, 24.763345, 24.779597, 24.796215, 24.813135, 24.829489, 24.846188, 24.862871, 24.879644, 24.896379, 24.914369, 24.929892, 24.946513, 24.963140, 24.980259, 24.996658, 25.013266, 25.029992, 25.046716, 25.065206, 25.080024, 25.096779, 25.113276, 25.130074, 25.146733, 25.165403, 25.180020, 25.198203, 25.213354, 25.230100, 25.247051, 25.263533, 25.284232, 25.296879, 25.313541, 25.330161, 25.346876, 25.363604, 25.380225, 25.396865, 25.415394, 25.430188, 25.446957, 25.463629, 25.480296, 25.497004, 25.513556, 25.530879, 25.547408, 25.563613, 25.580384, 25.596994, 25.613651, 25.630412, 25.647491, 25.665505, 25.680494, 25.697099, 25.713726, 25.730899, 25.747490, 25.763840, 25.780894, 25.797287, 25.813899, 25.830515, 25.847229, 25.863896, 25.880538, 25.897222, 25.915407, 25.930542, 25.947195, 25.963896, 25.980553, 25.997308, 26.013907, 26.031072, 26.047681, 26.064019, 26.081192, 26.097437, 26.113983, 26.130751, 26.147385, 26.165341, 26.182273, 26.197510, 26.214117, 26.230752, 26.247745, 26.264238, 26.281320, 26.297514, 26.314122, 26.332361, 26.347584, 26.364242, 26.380835, 26.397495, 26.416268, 26.430975, 26.447566, 26.464219, 26.480950, 26.497641, 26.514808, 26.531692, 26.547723, 26.564395, 26.581073, 26.601855, 26.614538, 26.631227, 26.647942, 26.666296, 26.681168, 26.697970, 26.714551, 26.731284, 26.748524, 26.764680, 26.781892, 26.798511, 26.814819, 26.831478, 26.848088, 26.864751, 26.881527, 26.898174, 26.916872, 26.931793, 26.948289, 26.964989, 26.981790, 26.998448, 27.015485, 27.032251, 27.048346, 27.065050, 27.081770, 27.098429, 27.115076, 27.131684, 27.148378, 27.166361, 27.181723, 27.198518, 27.215192, 27.231850, 27.249526, 27.265318, 27.282479, 27.299848, 27.319247, 27.340341, 27.355315, 27.369189, 27.382375, 27.400184, 27.417304, 27.432008, 27.448687, 27.465457, 27.482116, 27.498878, 27.515888, 27.533884, 27.548834, 27.565451, 27.582178, 27.598747, 27.615581, 27.632125, 27.648853, 27.667246, 27.682182, 27.698832, 27.715513, 27.732263, 27.749462, 27.765671, 27.782345, 27.798947, 27.815556, 27.832319, 27.848939, 27.865505, 27.885655, 27.899353, 27.915426, 27.933241, 27.948715, 27.965927, 27.982242, 27.999378, 28.015662, 28.032898, 28.049237, 28.065931, 28.082529, 28.099262, 28.115902, 28.132616, 28.149237, 28.165970, 28.184906, 28.199408, 28.216018, 28.232716, 28.249898, 28.265955, 28.282646, 28.299811, 28.316130, 28.332716, 28.349390, 28.366075, 28.382769, 28.399445, 28.416026, 28.434855, 28.449516, 28.465963, 28.482709, 28.499602, 28.516284, 28.534100, 28.549190, 28.565814, 28.582992, 28.599322, 28.615905, 28.632557, 28.649149, 28.665783, 28.683291, 28.700720, 28.715781, 28.732613, 28.749956, 28.765911, 28.782875, 28.799570, 28.816155, 28.832862, 28.849562, 28.866198, 28.882852, 28.899518, 28.916149, 28.932881, 28.951364, 28.966247, 28.986478, 29.000237, 29.016246, 29.032970, 29.049652, 29.066292, 29.082976, 29.099713, 29.116354, 29.133107, 29.149707, 29.166580, 29.183240, 29.201278, 29.216684, 29.233405, 29.250687, 29.266753, 29.283457, 29.300158, 29.316831, 29.333450, 29.350247, 29.366843, 29.383524, 29.400215, 29.416842, 29.434170, 29.452328, 29.467065, 29.484637, 29.500997, 29.517169, 29.533821, 29.550535, 29.567197, 29.583938, 29.600518, 29.617223, 29.633946, 29.650512, 29.667251, 29.683911, 29.702201, 29.717308, 29.734389, 29.752522, 29.767384, 29.784065, 29.800642, 29.817291, 29.833916, 29.850706, 29.867231, 29.885457, 29.900692, 29.917348, 29.933953, 29.952141, 29.967960, 29.984640, 30.000719, 30.017297, 30.033838, 30.050541, 30.067004, 30.083718, 30.100443, 30.117567, 30.133937, 30.150543, 30.167157, 30.183844, 30.200656, 30.219219, 30.237412, 30.250806, 30.267225, 30.283905, 30.300580, 30.317240, 30.333878, 30.350548, 30.367244, 30.384117, 30.400560, 30.417255, 30.434035, 30.450710, 30.469163, 30.483991, 30.500658, 30.517805, 30.534635, 30.550918, 30.567480, 30.584156, 30.600814, 30.617536, 30.634419, 30.651604, 30.667983, 30.684724, 30.701320, 30.719309, 30.734646, 30.751417, 30.768098, 30.784753, 30.801411, 30.818105, 30.834819, 30.851417, 30.868125, 30.884794, 30.901434, 30.918148, 30.936494, 30.951652, 30.970191, 30.984832, 31.001645, 31.018384, 31.036730, 31.051986, 31.068577, 31.085848, 31.102211, 31.118733, 31.135636, 31.152211, 31.168953, 31.185771, 31.202263, 31.221178, 31.236358, 31.252525, 31.268986, 31.285654, 31.302357, 31.319031, 31.335772, 31.352393, 31.369088, 31.385764, 31.402494, 31.419689, 31.435993, 31.453158, 31.469165, 31.487203, 31.502685, 31.519398, 31.536012, 31.552670, 31.569361, 31.586074, 31.603185, 31.619488, 31.636103, 31.652921, 31.669681, 31.686297, 31.702862, 31.719937, 31.738215, 31.753446, 31.769717, 31.786253, 31.803521, 31.819710, 31.836395, 31.853086, 31.869602, 31.886327, 31.902812, 31.919569, 31.936260, 31.953380, 31.970008, 31.991368, 32.004013, 32.019561, 32.036199, 32.053072, 32.069678, 32.086389, 32.103063, 32.119711, 32.136406, 32.153137, 32.169828, 32.186950, 32.203091, 32.220725, 32.236624, 32.255203, 32.271363, 32.286502, 32.303025, 32.319693, 32.336476, 32.353044, 32.371374, 32.386482, 32.403274, 32.420137, 32.436985, 32.454058, 32.470212, 32.486904, 32.505309, 32.520232, 32.537035, 32.553633, 32.570437, 32.587010, 32.603754, 32.620349, 32.637114, 32.653786, 32.670519, 32.688035, 32.703859, 32.720363, 32.737130, 32.755687, 32.770453, 32.787219, 32.804603, 32.820880, 32.837414, 32.853925, 32.870700, 32.887494, 32.904597, 32.920943, 32.938060, 32.954201, 32.970831, 32.987993, 33.006330, 33.020774, 33.037429, 33.054098, 33.070683, 33.087353, 33.104013, 33.120615, 33.137345, 33.153985, 33.170647, 33.187620, 33.204334, 33.220761, 33.237485, 33.259162, 33.271919, 33.287527, 33.304165, 33.320916, 33.337437, 33.354247, 33.370889, 33.387593, 33.404168, 33.421699, 33.437622, 33.454044, 33.470635, 33.488710, 33.503933, 33.522060, 33.539222, 33.556248, 33.574390, 33.587424, 33.603940, 33.620672, 33.637451, 33.654037, 33.670828, 33.687884, 33.704023, 33.720683, 33.737384, 33.754134, 33.772052, 33.787485, 33.804078, 33.820742, 33.837433, 33.854064, 33.870793, 33.887450, 33.904247, 33.921346, 33.938057, 33.954212, 33.970932, 33.987592, 34.004384, 34.023015, 34.037659, 34.054217, 34.070928, 34.087427, 34.104096, 34.120761, 34.137568, 34.154248, 34.170790, 34.187994, 34.204186, 34.220900, 34.238046, 34.254497, 34.273128, 34.288275, 34.304461, 34.321067, 34.337754, 34.354409, 34.371056, 34.387804, 34.404606, 34.421514, 34.437777, 34.454258, 34.470834, 34.487399, 34.503981, 34.520583, 34.539059, 34.553906, 34.570698, 34.587347, 34.604532, 34.620944, 34.637479, 34.654242, 34.670899, 34.691445, 34.704175, 34.720899, 34.737500, 34.754280, 34.770889, 34.789089, 34.804172, 34.820923, 34.837630, 34.854284, 34.870971, 34.887681, 34.904412, 34.921079, 34.938177, 34.954364, 34.971091, 34.987730, 35.004396, 35.021082, 35.039559, 35.054525, 35.071172, 35.087837, 35.104539, 35.121209, 35.137979, 35.154686, 35.171724, 35.188010, 35.204567, 35.221259, 35.237988, 35.255134, 35.271512, 35.290066, 35.305230, 35.321491, 35.338073, 35.355313, 35.371889, 35.388277, 35.405424, 35.421592, 35.438281, 35.454949, 35.471559, 35.488321, 35.504916, 35.521600, 35.540070, 35.554901, 35.571550, 35.589793, 35.604920, 35.621615, 35.638269, 35.655401, 35.672670, 35.688463, 35.705030, 35.721623, 35.738363, 35.756539, 35.771652, 35.790024, 35.805577, 35.821762, 35.838387, 35.855025, 35.871764, 35.888501, 35.905596, 35.921837, 35.938429, 35.955124, 35.971806, 35.988430, 36.005194, 36.021807, 36.039967, 36.055178, 36.071807, 36.088468, 36.105202, 36.121932, 36.138623, 36.159694, 36.171926, 36.188608, 36.205258, 36.221986, 36.238639, 36.255319, 36.272008, 36.289951, 36.305359, 36.322022, 36.338719, 36.355505, 36.372301, 36.388799, 36.406036, 36.423049, 36.439020, 36.455627, 36.472243, 36.488918, 36.505608, 36.522276, 36.541036, 36.555654, 36.572413, 36.588995, 36.605764, 36.622433, 36.639481, 36.655991, 36.672418, 36.689042, 36.705792, 36.722407, 36.739548, 36.755884, 36.772385, 36.791040, 36.805672, 36.822384, 36.839072, 36.855794, 36.872542, 36.891122, 36.906274, 36.922917, 36.939253, 36.955815, 36.972504, 36.989020, 37.005691, 37.022096, 37.038735, 37.057014, 37.073645, 37.088779, 37.105480, 37.122166, 37.138844, 37.155495, 37.172032, 37.188641, 37.205348, 37.221999, 37.238681, 37.255402, 37.272043, 37.292615, 37.306904, 37.322056, 37.338739, 37.355972, 37.372540, 37.389180, 37.405935, 37.422236, 37.438921, 37.455583, 37.472256, 37.488912, 37.505585, 37.522266, 37.538958, 37.556927, 37.572257, 37.588913, 37.606175, 37.622508, 37.639607, 37.655906, 37.672363, 37.689524, 37.705846, 37.722473, 37.739167, 37.755925, 37.772566, 37.789744, 37.808568, 37.822716, 37.839285, 37.856116, 37.879079, 37.894050, 37.906014, 37.922658, 37.939367, 37.956052, 37.972679, 37.989826, 38.006148, 38.022679, 38.039370, 38.057916, 38.072742, 38.089412, 38.106106, 38.122810, 38.139493, 38.156144, 38.172809, 38.189512, 38.206116, 38.222808, 38.239447, 38.256675, 38.273026, 38.289601, 38.307952, 38.322976, 38.339634, 38.356337, 38.373267, 38.389722, 38.406366, 38.423133, 38.439733, 38.456876, 38.473230, 38.489748, 38.506473, 38.523150, 38.539794, 38.557966, 38.573668, 38.589950, 38.606574, 38.623326, 38.640416, 38.656709, 38.673294, 38.690429, 38.706761, 38.723358, 38.740511, 38.756847, 38.773385, 38.790041, 38.808582, 38.823976, 38.840292, 38.856808, 38.873512, 38.890892, 38.906892, 38.923458, 38.940145, 38.958324, 38.973476, 38.990161, 39.006785, 39.023426, 39.040082, 39.057969, 39.073441, 39.090196, 39.106862, 39.123508, 39.140104, 39.156697, 39.173388, 39.190096, 39.206775, 39.223403, 39.240134, 39.258327, 39.273987, 39.290310, 39.308973, 39.323560, 39.340380, 39.357054, 39.374150, 39.390320, 39.406970, 39.424176, 39.440926, 39.457135, 39.473773, 39.490383, 39.507006, 39.523699, 39.544057, 39.558949, 39.574012, 39.590397, 39.607187, 39.623864, 39.640408, 39.657066, 39.673987, 39.690442, 39.707078, 39.723755, 39.740463, 39.757170, 39.773869, 39.790506, 39.808719, 39.823873, 39.840534, 39.857245, 39.874291, 39.890543, 39.907276, 39.923904, 39.940599, 39.957271, 39.973954, 39.990630, 40.007386, 40.024004, 40.040735, 40.058846, 40.074100, 40.090818, 40.107497, 40.124773, 40.140963, 40.157549, 40.174245, 40.190920, 40.207600, 40.224253, 40.240947, 40.257666, 40.274827, 40.291159, 40.310002, 40.324464, 40.341234, 40.358345, 40.374910, 40.391779, 40.408161, 40.424731, 40.441426, 40.458105, 40.474750, 40.491367, 40.508088, 40.524856, 40.541626, 40.560241, 40.574958, 40.591683, 40.608248, 40.625001, 40.641766, 40.658455, 40.675121, 40.691814, 40.708480, 40.725176, 40.742394, 40.758604, 40.775235, 40.791908, 40.809889, 40.825203, 40.841918, 40.859001, 40.875236, 40.892375, 40.908697, 40.925324, 40.942030, 40.958626, 40.975307, 40.991966, 41.008651, 41.025482, 41.042589, 41.060978, 41.076126, 41.092529, 41.109129, 41.125656, 41.142351, 41.159008, 41.175699, 41.192342, 41.209026, 41.225713, 41.242421, 41.261104, 41.275889, 41.292411, 41.310868, 41.325920, 41.342959, 41.359347, 41.375890, 41.392544, 41.409229, 41.425873, 41.442536, 41.460750, 41.475915, 41.492570, 41.509315, 41.525929, 41.546594, 41.560803, 41.576058, 41.592602, 41.609310, 41.625986, 41.642602, 41.659339, 41.675976, 41.692695, 41.709361, 41.726028, 41.742692, 41.759908, 41.776256, 41.792821, 41.810850, 41.826200, 41.843443, 41.859541, 41.876186, 41.892835, 41.909552, 41.926238, 41.942881, 41.960123, 41.976341, 41.993032, 42.009636, 42.026830, 42.043196, 42.061904, 42.076968, 42.093763, 42.109797, 42.126560, 42.143282, 42.159938, 42.176581, 42.193238, 42.209923, 42.226622, 42.243228, 42.259979, 42.276590, 42.293348, 42.311827, 42.326603, 42.343682, 42.359932, 42.376638, 42.393300, 42.409966, 42.427213, 42.443509, 42.460045, 42.476764, 42.493461, 42.510283, 42.526881, 42.543613, 42.561884, 42.576833, 42.594189, 42.610833, 42.627558, 42.643691, 42.660318, 42.677057, 42.694133, 42.710455, 42.727180, 42.743972, 42.760740, 42.777435, 42.794108, 42.812858, 42.827891, 42.845529, 42.860847, 42.877878, 42.894133, 42.910680, 42.927342, 42.944028, 42.960802, 42.977415, 42.994042, 43.010774, 43.029063, 43.044228, 43.062787, 43.077483, 43.094143, 43.110792, 43.127492, 43.144226, 43.160879, 43.177470, 43.198153, 43.210884, 43.227550, 43.244204, 43.260910, 43.277744, 43.294742, 43.312850, 43.328167, 43.344351, 43.360958, 43.377644, 43.394326, 43.411051, 43.427703, 43.444341, 43.461025, 43.477695, 43.494390, 43.511100, 43.527789, 43.544495, 43.563752, 43.577785, 43.594490, 43.611156, 43.627809, 43.644470, 43.661144, 43.677855, 43.694570, 43.711221, 43.727866, 43.744577, 43.761292, 43.778031, 43.795326, 43.811460, 43.829748, 43.844640, 43.861364, 43.878166, 43.894734, 43.911376, 43.928146, 43.944758, 43.961462, 43.978210, 43.994779, 44.011502, 44.028217, 44.044948, 44.062260, 44.079747, 44.095333, 44.111966, 44.129207, 44.145509, 44.162093, 44.178775, 44.195458, 44.213756, 44.229335, 44.245660, 44.262356, 44.279075, 44.295608, 44.312309, 44.331840, 44.345584, 44.362280, 44.379199, 44.395565, 44.412236, 44.428989, 44.445545, 44.462293, 44.478889, 44.495671, 44.512301, 44.529512, 44.545848, 44.562792, 44.579022, 44.597692, 44.612396, 44.629071, 44.649216, 44.662500, 44.679649, 44.695874, 44.712460, 44.729135, 44.745706, 44.762450, 44.779084, 44.795753, 44.812445, 44.829037, 44.847665, 44.862917, 44.879234, 44.895828, 44.912396, 44.929544, 44.946434, 44.962874, 44.979307, 44.995976, 45.012698, 45.029330, 45.045975, 45.062877, 45.079279, 45.097748, 45.112653, 45.129402, 45.145911, 45.162581, 45.179225, 45.195932, 45.213158, 45.229432, 45.246467, 45.262746, 45.279621, 45.296170, 45.314348, 45.329487, 45.348184, 45.362993, 45.379482, 45.396164, 45.412817, 45.429554, 45.446249, 45.463936, 45.480137, 45.496415, 45.513084, 45.529739, 45.546297, 45.563089, 45.579687, 45.597750, 45.613031, 45.629796, 45.646931, 45.663424, 45.679991, 45.696719, 45.713567, 45.730118, 45.751278, 45.763751, 45.780762, 45.796971, 45.813587, 45.830231, 45.848731, 45.863531, 45.880300, 45.896889, 45.913633, 45.930727, 45.947108, 45.963629, 45.980435, 45.997073, 46.013697, 46.030883, 46.047080, 46.063779, 46.080433, 46.098695, 46.113991, 46.130817, 46.147454, 46.164209, 46.181305, 46.199102, 46.214253, 46.230893, 46.248014, 46.265782, 46.282092, 46.298053, 46.314463, 46.331059, 46.349733, 46.366046, 46.381519, 46.397843, 46.414382, 46.431215, 46.447702, 46.464443, 46.481108, 46.497949, 46.514514, 46.531243, 46.547884, 46.564524, 46.581221, 46.599602, 46.614571, 46.631425, 46.647964, 46.664598, 46.681716, 46.698329, 46.714791, 46.731530, 46.748873, 46.765296, 46.781688, 46.798677, 46.815071, 46.831614, 46.849707, 46.865019, 46.881645, 46.898337, 46.914865, 46.931551, 46.948373, 46.964974, 46.981688, 46.998886, 47.014954, 47.032176, 47.048431, 47.065060, 47.081659, 47.099590, 47.115056, 47.131690, 47.148486, 47.165036, 47.182389, 47.198547, 47.215126, 47.231987, 47.249305, 47.266430, 47.282551, 47.298554, 47.315422, 47.332029, 47.350735, 47.365342, 47.382090, 47.400256, 47.415607, 47.431953, 47.448640, 47.465530, 47.482188, 47.499228, 47.515381, 47.532181, 47.548789, 47.565494, 47.581888, 47.600558, 47.614889, 47.631632, 47.648096, 47.664631, 47.681429, 47.697990, 47.714778, 47.731405, 47.748672, 47.764714, 47.781559, 47.798067, 47.814754, 47.831435, 47.848073, 47.866559, 47.881396, 47.898178, 47.914831, 47.932029, 47.948315, 47.965483, 47.981840, 47.998895, 48.015011, 48.031796, 48.048327, 48.065003, 48.081627, 48.098255, 48.116715, 48.131663, 48.148204, 48.164775, 48.182018, 48.198696, 48.215076, 48.235520, 48.250858, 48.264966, 48.281702, 48.298288, 48.315051, 48.331705, 48.348351, 48.366685, 48.381764, 48.398884, 48.415360, 48.432448, 48.448764, 48.465245, 48.482335, 48.498972, 48.515957, 48.531935, 48.548475, 48.565147, 48.581859, 48.598399, 48.616595, 48.631770, 48.648410, 48.665053, 48.681705, 48.698381, 48.715586, 48.731854, 48.748743, 48.765046, 48.781709, 48.798418, 48.814999, 48.831717, 48.848460, 48.867017, 48.881752, 48.898291, 48.914777, 48.931436, 48.948084, 48.964793, 48.981519, 48.998564, 49.015005, 49.032027, 49.048256, 49.064886, 49.081522, 49.098229, 49.114888, 49.133606, 49.148198, 49.164907, 49.181524, 49.198230, 49.215478, 49.231827, 49.248896, 49.264950, 49.281633, 49.298282, 49.314992, 49.331638, 49.348331, 49.364964, 49.383535, 49.398381, 49.415014, 49.431716, 49.448355, 49.465092, 49.481812, 49.498952, 49.515051, 49.531793, 49.548477, 49.565154, 49.581807, 49.598958, 49.615291, 49.633526, 49.650233, 49.665336, 49.682026, 49.698729, 49.715945, 49.732231, 49.749196, 49.765475, 49.782699, 49.799013, 49.815510, 49.832261, 49.848941, 49.865558, 49.883599, 49.898965, 49.917219, 49.932415, 49.949180, 49.965720, 49.982352, 49.999499, 50.015574, 50.032284, 50.049458, 50.069644, 50.082341, 50.099004, 50.115679, 50.133606, 50.149036, 50.165735, 50.182453, 50.199148, 50.215870, 50.232433, 50.249374, 50.265802, 50.282483, 50.299051, 50.315788, 50.332515, 50.349618, 50.365959, 50.384563, 50.399265, 50.415943, 50.433107, 50.450029, 50.466235, 50.483283, 50.499434, 50.516112, 50.532777, 50.549457, 50.566123, 50.582787, 50.599445, 50.616137, 50.634570, 50.649392, 50.666053, 50.682779, 50.699474, 50.716258, 50.733333, 50.749544, 50.766151, 50.782783, 50.799471, 50.816206, 50.832825, 50.850005, 50.866364, 50.884520, 50.899630, 50.916394, 50.933089, 50.949980, 50.966623, 50.983380, 51.000016, 51.017149, 51.033502, 51.050051, 51.066707, 51.083383, 51.100076, 51.116736, 51.135459, 51.150080, 51.166747, 51.183422, 51.200183, 51.216854, 51.233762, 51.250699, 51.266990, 51.283589, 51.300234, 51.316901, 51.333587, 51.350308, 51.366899, 51.385499, 51.400241, 51.416924, 51.433666, 51.450337, 51.467445, 51.483729, 51.500352, 51.517024, 51.533792, 51.550371, 51.567046, 51.583747, 51.601980, 51.617186, 51.635464, 51.650432, 51.667183, 51.683893, 51.700446, 51.717867, 51.733925, 51.750890, 51.767259, 51.783971, 51.802134, 51.817777, 51.834123, 51.850750, 51.867378, 51.885522, 51.900750, 51.917444, 51.934176, 51.954739, 51.968029, 51.984638, 52.001013, 52.017593, 52.034214, 52.050884, 52.067598, 52.084239, 52.100948, 52.117638, 52.135502, 52.151476, 52.167926, 52.184546, 52.201094, 52.218228, 52.234444, 52.251133, 52.267777, 52.284520, 52.301152, 52.317865, 52.334528, 52.351667, 52.368409, 52.386641, 52.401258, 52.418092, 52.434744, 52.451983, 52.468053, 52.484713, 52.501372, 52.518031, 52.534720, 52.551390, 52.568002, 52.584752, 52.601349, 52.617976, 52.636923, 52.651500, 52.668242, 52.685368, 52.701583, 52.718233, 52.734902, 52.751611, 52.768217, 52.784897, 52.801551, 52.818805, 52.835235, 52.852158, 52.868298, 52.886591, 52.901588, 52.918297, 52.935039, 52.952822, 52.968502, 52.985104, 53.001786, 53.018426, 53.035111, 53.051749, 53.068429, 53.085132, 53.103389, 53.118522, 53.137032, 53.152021, 53.168595, 53.185235, 53.201892, 53.218559, 53.235221, 53.251949, 53.268652, 53.286836, 53.301921, 53.319124, 53.335522, 53.352533, 53.368935, 53.387633, 53.402134, 53.418830, 53.436077, 53.452261, 53.468888, 53.489478, 53.502237, 53.518922, 53.535630, 53.552748, 53.569046, 53.585633, 53.602308, 53.619532, 53.637658, 53.652491, 53.669199, 53.686865, 53.702651, 53.719251, 53.735910, 53.752666, 53.769260, 53.785921, 53.802589, 53.819248, 53.835844, 53.852502, 53.869676, 53.887613, 53.902651, 53.919223, 53.936537, 53.952622, 53.969245, 53.985944, 54.002629, 54.019318, 54.035944, 54.052668, 54.069331, 54.085958, 54.102664, 54.119293, 54.137377, 54.152765, 54.169387, 54.186563, 54.202738, 54.219364, 54.236074, 54.252780, 54.269455, 54.286103, 54.303236, 54.319644, 54.336227, 54.352860, 54.369514, 54.388902, 54.403117, 54.421329, 54.436877, 54.453065, 54.471257, 54.486465, 54.503075, 54.520167, 54.536471, 54.553093, 54.569762, 54.586429, 54.603058, 54.619769, 54.639445, 54.653127, 54.670249, 54.686584, 54.703041, 54.719744, 54.736401, 54.753109, 54.769758, 54.786860, 54.803192, 54.819815, 54.836457, 54.853175, 54.874268, 54.886546, 54.904389, 54.920482, 54.936868, 54.953245, 54.969921, 54.986584, 55.003259, 55.019919, 55.036596, 55.053234, 55.069938, 55.086701, 55.103304, 55.120614, 55.136936, 55.155419, 55.170048, 55.187264, 55.203668, 55.220222, 55.236929, 55.253684, 55.270252, 55.286993, 55.303662, 55.320275, 55.337017, 55.353729, 55.370736, 55.387233, 55.406350, 55.421202, 55.437598, 55.454208, 55.470872, 55.487497, 55.504230, 55.520927, 55.537594, 55.554238, 55.570959, 55.587641, 55.604894, 55.621042, 55.637637, 55.656386, 55.671010, 55.687610, 55.704308, 55.720963, 55.737681, 55.754329, 55.772526, 55.787708, 55.804368, 55.820992, 55.837722, 55.854370, 55.871056, 55.887680, 55.908327, 55.923133, 55.938934, 55.956979, 55.975870, 55.995684, 56.014891, 56.033366, 56.053216, 56.078125, 56.095887, 56.114087, 56.132188, 56.149657, 56.169793, 56.193604, 56.211994, 56.230749, 56.250135, 56.272816, 56.299556, 56.319758, 56.346801, 56.366754, 56.388209, 56.419468, 56.449089, 56.470377, 56.501836, 56.533000, 56.554528, 56.585002, 56.615665, 56.637025, 56.665839, 56.688441, 56.716561, 56.736461, 56.764216, 56.784172, 56.803655, 56.828289, 56.845662, 56.862328, 56.878361, 56.893373, 56.907600, 56.921434, 56.933956, 56.948411, 56.960087, 56.972401, 56.984723, 56.999115, 57.011265, 57.025050, 57.039019, 57.056086, 57.072383, 57.088994, 57.105724, 57.122460, 57.141144, 57.156308, 57.172527, 57.189199, 57.207956, 57.222618, 57.239178, 57.255885, 57.274023, 57.289259, 57.305973, 57.323054, 57.339407, 57.355965, 57.372772, 57.389376, 57.406171, 57.422649, 57.439350, 57.457355, 57.472615, 57.489376, 57.506353, 57.522746, 57.539311, 57.555926, 57.572675, 57.589414, 57.609999, 57.623603, 57.639446, 57.656031, 57.672733, 57.689423, 57.707277, 57.723215, 57.739523, 57.756090, 57.772707, 57.789388, 57.805904, 57.822628, 57.839225, 57.855841, 57.872617, 57.889240, 57.905912, 57.922609, 57.939291, 57.957155, 57.972642, 57.989211, 58.005899, 58.022638, 58.039787, 58.056199, 58.072731, 58.089501, 58.106117, 58.123215, 58.139795, 58.156157, 58.172776, 58.190005, 58.208436, 58.222844, 58.239431, 58.256126, 58.272706, 58.289413, 58.306092, 58.324410, 58.339530, 58.356085, 58.373038, 58.389584, 58.405965, 58.422667, 58.439317, 58.458082, 58.472666, 58.489247, 58.507574, 58.522672, 58.539340, 58.556055, 58.573212, 58.589649, 58.606218, 58.623255, 58.639923, 58.656140, 58.672832, 58.689548, 58.708209, 58.726831, 58.739462, 58.756263, 58.772885, 58.789551, 58.806267, 58.822923, 58.839684, 58.856382, 58.873476, 58.889594, 58.906259, 58.922831, 58.939539, 58.958196, 58.972859, 58.989548, 59.006226, 59.022919, 59.039595, 59.056186, 59.072700, 59.089445, 59.106131, 59.123371, 59.139521, 59.156145, 59.172795, 59.189550, 59.208129, 59.222897, 59.240123, 59.256540, 59.273088, 59.289845, 59.306447, 59.323112, 59.340370, 59.356620, 59.373776, 59.389930, 59.406577, 59.423254, 59.439920, 59.458268, 59.473203, 59.489893, 59.506545, 59.523246, 59.539901, 59.556518, 59.573189, 59.589910, 59.606539, 59.623255, 59.640303, 59.656701, 59.673373, 59.689942, 59.708241, 59.723441, 59.740328, 59.756941, 59.774319, 59.790601, 59.807292, 59.823858, 59.840649, 
12, 10, 1, 1.564896, 1.585205, 1.663564, 1.719952, 1.732096, 1.748127, 1.785737, 1.826534, 1.871088, 1.916079, 2.004266, 2.056537, 2.156571, 2.249346, 2.347017, 2.441569, 2.540586, 2.650111, 2.649245, 2.714627, 2.774668, 2.837656, 2.865093, 2.903184, 2.912310, 2.890751, 2.867883, 2.858355, 2.834523, 2.807054, 2.748426, 2.634941, 2.549425, 2.502753, 2.462519, 2.425123, 2.367744, 2.317953, 2.284141, 2.254450, 2.226945, 2.200424, 2.174440, 2.148603, 2.111225, 2.047201, 2.007853, 1.938730, 1.866453, 1.801805, 1.752927, 1.704067, 1.643266, 1.551000, 1.512060, 1.447812, 1.410953, 1.332375, 1.264536, 1.151941, 1.034351, 0.909518, 0.765929, 0.620551, 0.486018, 0.356944, 0.231167, 0.136814, 0.048153, 0.010920, 0.074584, 0.142165, 0.206507, 0.266394, 0.345559, 0.425654, 0.501661, 0.574954, 0.640803, 0.704051, 0.762398, 0.784572, 0.806575, 0.852050, 0.887500, 0.901786, 0.916232, 0.930605, 0.944776, 0.958897, 0.973575, 0.986725, 1.000154, 1.012139, 1.024506, 1.037761, 1.050710, 1.062237, 1.073471, 1.084673, 1.095513, 1.105443, 1.116791, 1.127535, 1.137970, 1.148137, 1.157879, 1.167797, 1.167417, 1.145316, 1.137131, 1.115883, 1.090785, 1.060597, 1.036238, 1.041081, 0.994001, 0.992033, 0.977711, 0.953014, 0.927540, 0.892824, 0.879777, 0.857869, 0.835162, 0.837181, 0.832076, 0.806338, 0.797382, 0.779918, 0.751972, 0.732895, 0.722851, 0.695601, 0.670135, 0.662530, 0.695681, 0.754605, 0.835218, 0.933527, 1.050794, 1.154535, 1.280689, 1.434498, 1.606833, 1.794664, 1.999143, 2.190611, 2.403847, 2.642238, 2.894796, 3.139561, 3.396512, 3.656528, 3.920243, 4.184159, 4.448543, 4.712558, 4.972689, 5.210029, 5.378492, 5.518789, 5.648091, 5.768342, 5.871727, 5.951243, 6.011108, 6.058109, 6.103474, 6.121476, 6.107139, 6.091193, 6.043796, 5.958183, 5.858367, 5.746326, 5.612250, 5.472137, 5.314262, 5.159089, 4.997688, 4.826097, 4.671015, 4.495576, 4.339915, 4.177950, 4.009111, 3.828921, 3.657939, 3.494839, 3.339256, 3.173607, 3.032605, 2.920674, 2.814047, 2.730844, 2.669720, 2.636585, 2.640528, 2.612267, 2.624691, 2.634873, 2.652937, 2.691053, 2.731975, 2.775806, 2.807991, 2.846364, 2.888962, 2.929898, 2.976532, 3.020318, 3.070365, 3.109231, 3.140621, 3.192427, 3.217132, 3.222473, 3.234245, 3.231624, 3.191756, 3.110907, 3.167807, 3.132442, 3.083644, 2.995252, 2.900440, 2.803465, 2.707365, 2.590185, 2.493814, 2.381682, 2.280497, 2.168423, 2.061898, 1.945011, 1.723487, 1.732811, 1.517618, 1.521360, 1.342510, 1.367170, 1.271203, 1.193041, 1.111911, 1.020256, 0.854408, 0.872286, 0.674776, 0.580095, 0.598886, 0.423534, 0.359339, 0.311421, 0.292531, 0.296286, 0.335939, 0.380739, 0.441115, 0.510437, 0.580982, 0.632577, 0.696935, 0.765776, 0.804191, 0.842840, 0.881802, 0.910860, 0.938402, 0.953786, 0.994857, 1.022461, 1.041647, 1.062706, 1.076669, 1.077563, 1.064318, 1.032309, 0.986181, 0.941606, 0.843841, 0.746234, 0.620269, 0.495502, 0.349374, 0.205579, 0.057967, 0.093201, 0.222669, 0.383857, 0.532245, 0.686370, 0.838862, 1.107609, 1.291254, 1.469132, 1.646728, 1.808981, 1.965577, 2.131209, 2.285449, 2.441779, 2.599312, 2.735783, 2.858146, 2.995815, 3.054564, 3.126698, 3.204058, 3.281669, 3.328893, 3.362881, 3.363754, 3.398368, 3.436317, 3.433902, 3.429079, 3.425368, 3.410588, 3.361758, 3.314428, 3.268328, 3.221364, 3.174161, 3.126898, 3.006526, 2.893134, 2.778366, 2.606660, 2.409819, 2.216266, 2.023163, 1.827810, 1.637881, 1.447313, 1.255416, 1.056484, 0.809135, 0.566257, 0.305134, 0.056502, 0.217015, 0.432559, 0.645030, 0.862477, 1.077296, 1.316498, 1.558970, 1.751366, 1.977999, 2.185262, 2.410621, 2.655291, 2.844609, 3.051863, 3.258957, 3.462009, 3.656388, 3.811926, 3.953300, 4.101869, 4.202331, 4.306126, 4.412275, 4.438935, 4.473360, 4.488269, 4.489862, 4.471624, 4.428580, 4.372294, 4.303402, 4.218836, 4.115912, 4.002226, 3.878612, 3.734232, 3.584925, 3.395624, 3.239920, 3.076178, 2.924119, 2.759380, 2.611674, 2.504438, 2.380175, 2.238201, 2.099274, 1.956290, 1.839387, 1.699679, 1.572745, 1.455328, 1.333125, 1.224079, 1.152848, 1.068597, 0.977007, 0.860646, 0.737523, 0.610151, 0.467439, 0.317506, 0.158349, 0.019467, 0.200237, 0.395990, 0.601761, 0.812282, 1.031874, 1.269467, 1.515805, 1.775825, 2.042857, 2.320582, 2.595247, 2.883303, 3.185449, 3.501069, 3.834053, 4.174655, 4.541011, 4.927166, 5.305701, 5.692799, 6.056150, 6.417687, 6.759166, 7.068538, 7.357453, 7.621986, 7.855898, 8.047261, 8.171117, 8.307818, 8.407739, 8.486339, 8.486720, 8.416084, 8.257376, 8.080899, 7.869668, 7.637502, 7.417500, 7.183495, 6.949973, 6.711216, 6.353119, 6.283003, 6.094660, 5.924724, 5.777823, 5.655177, 5.495869, 5.470850, 5.426826, 5.408569, 5.396013, 5.416714, 5.439828, 5.412366, 5.502827, 5.488880, 5.590878, 5.629279, 5.660513, 5.684547, 5.695659, 5.613547, 5.658452, 5.618558, 5.426152, 5.303275, 5.279581, 4.977859, 4.917611, 4.589143, 4.372132, 4.129998, 3.868663, 3.610654, 3.340135, 3.045983, 2.733546, 2.411607, 2.104724, 1.795817, 1.492608, 1.173009, 0.879569, 0.601141, 0.335505, 0.092562, 0.132526, 0.319035, 0.490199, 0.635060, 0.759868, 0.846952, 0.903519, 0.937737, 0.973513, 0.971655, 1.002569, 0.983281, 0.969366, 0.905216, 0.830483, 0.749083, 0.632291, 0.484819, 0.364832, 0.220326, 0.066334, 0.099338, 0.251917, 0.402298, 0.531679, 0.673546, 0.801749, 0.879007, 0.957622, 1.033461, 1.094141, 1.155565, 1.198065, 1.230903, 1.244908, 1.227425, 1.200000, 1.158582, 1.158692, 1.121364, 1.092982, 1.065605, 1.024486, 0.983271, 0.849234, 0.935863, 0.917183, 0.904582, 0.884828, 0.876905, 0.891767, 0.920728, 0.963895, 0.995236, 1.043555, 1.089603, 1.145359, 1.189255, 1.226814, 1.252590, 1.292221, 1.311551, 1.331021, 1.331194, 1.326930, 1.303310, 1.257176, 1.199921, 1.122349, 1.023729, 0.904475, 0.790686, 0.660487, 0.527531, 0.369912, 0.049565, 0.061745, 0.099052, 0.269650, 0.435559, 0.589837, 0.747742, 0.869699, 0.961662, 1.028471, 1.017658, 0.960658, 0.885097, 0.759191, 0.602163, 0.491590, 0.292084, 0.118552, 0.044910, 0.197342, 0.336339, 0.466581, 0.586758, 0.699239, 0.811851, 0.929985, 1.072950, 1.081361, 1.281265, 1.301297, 1.491979, 1.512353, 1.541502, 1.688420, 1.697133, 1.550948, 1.636667, 1.457774, 1.390187, 1.475977, 1.280584, 1.230044, 1.159551, 1.117782, 1.092080, 1.081656, 1.046928, 1.003697, 0.977087, 0.954875, 0.930750, 0.926895, 0.942157, 0.983579, 1.113197, 1.126118, 1.231144, 1.338282, 1.471050, 1.590889, 1.705029, 1.813246, 1.930425, 2.008912, 2.084923, 2.146198, 2.218579, 2.284898, 2.330435, 2.381155, 2.426406, 2.456232, 2.461655, 2.474945, 2.472711, 2.454767, 2.429444, 2.385034, 2.326191, 2.231837, 2.133124, 2.035891, 1.900942, 1.758893, 1.605865, 1.455358, 1.273147, 1.100983, 0.937478, 0.775621, 0.613407, 0.445397, 0.278360, 0.104852, 0.070711, 0.253134, 0.444673, 0.600868, 0.738190, 0.851347, 0.971863, 1.066304, 1.156023, 1.230063, 1.284886, 1.339813, 1.374793, 1.521902, 1.429636, 1.454729, 1.436945, 1.408644, 1.375917, 1.322042, 1.240663, 1.201708, 1.106779, 1.056693, 0.995703, 0.967465, 0.998304, 1.091157, 1.205276, 1.308416, 1.500100, 1.736830, 2.043769, 2.398230, 2.860683, 3.306977, 3.795157, 4.291128, 4.838274, 5.316452, 5.967574, 6.526842, 7.013154, 7.609528, 8.087938, 8.496894, 8.876161, 9.232196, 9.525713, 9.770616, 9.980751, 10.118948, 10.272790, 10.197769, 10.150170, 10.030257, 9.870113, 9.688230, 9.472370, 9.228819, 8.965350, 8.692887, 8.412993, 8.146580, 7.873339, 7.620938, 7.357041, 7.097912, 6.849578, 6.619825, 6.402852, 6.194505, 6.008495, 5.872064, 5.747855, 5.632912, 5.543052, 5.480060, 5.450300, 5.433630, 5.449817, 5.443348, 5.451316, 5.467439, 5.490304, 5.514060, 5.543469, 5.553202, 5.549267, 5.527749, 5.544481, 5.465048, 5.396991, 5.327647, 5.235933, 5.158859, 5.019806, 4.926965, 4.751561, 4.597321, 4.435626, 4.263411, 4.079819, 3.876811, 3.663665, 3.449766, 3.222105, 2.986928, 2.766612, 2.548610, 2.320275, 2.127575, 1.981115, 1.860173, 1.776911, 1.733396, 1.733503, 1.765998, 1.809693, 1.888020, 1.992633, 2.110623, 2.189447, 2.352534, 2.466356, 2.570675, 2.645627, 2.725472, 2.767882, 2.812282, 2.825426, 2.822911, 2.763570, 2.704831, 2.456420, 2.521617, 2.396459, 2.251403, 2.085550, 1.926884, 1.737328, 1.569375, 1.400088, 1.250924, 1.101262, 0.942516, 0.805630, 0.690111, 0.600775, 0.377347, 0.476109, 0.457780, 0.463106, 0.381296, 0.544301, 0.486823, 0.642710, 0.704967, 0.662606, 0.809801, 0.842694, 0.721401, 0.846210, 0.680288, 0.644413, 0.737056, 0.545898, 0.480130, 0.398736, 0.317893, 0.255783, 0.170336, 0.080581, 0.001066, 0.091421, 0.164453, 0.215392, 0.271740, 0.315294, 0.342551, 0.357232, 0.369336, 0.374111, 0.350855, 0.323471, 0.262968, 0.181158, 0.082582, 0.038814, 0.204232, 0.399718, 0.604131, 0.870134, 1.098882, 1.339756, 1.568767, 1.779687, 1.968713, 2.144665, 2.260708, 2.357482, 2.421494, 2.484758, 2.541096, 2.542108, 2.534866, 2.520745, 2.496495, 2.450324, 2.399752, 2.327760, 2.185154, 2.125415, 2.038660, 1.927602, 1.820140, 1.708515, 1.613917, 1.515030, 1.406611, 1.274747, 1.142006, 0.999225, 0.850157, 0.533089, 0.502937, 0.346609, 0.193498, 0.040263, 0.118390, 0.264888, 0.406729, 0.522405, 0.646831, 0.791930, 0.924271, 1.053657, 1.195530, 1.327030, 1.563243, 1.573522, 1.669220, 1.742510, 1.789880, 1.843449, 1.859448, 1.860574, 1.840960, 1.805403, 1.744289, 1.683810, 1.628094, 1.566761, 1.527347, 1.546160, 1.456003, 1.428076, 1.467769, 1.455391, 1.375584, 1.398472, 1.301445, 1.283435, 1.271350, 1.138452, 1.052747, 0.930804, 0.753927, 0.634258, 0.466428, 0.280064, 0.150060, 0.002341, 0.145572, 0.286970, 0.413799, 0.545475, 0.639792, 0.746935, 0.861652, 0.970404, 1.085296, 1.175903, 1.259431, 1.337322, 1.422959, 1.505021, 1.615698, 1.700020, 1.821807, 1.990111, 2.154032, 2.364638, 2.592237, 2.901994, 3.273774, 3.710849, 4.213171, 4.783929, 5.595420, 6.103697, 6.810285, 7.520328, 8.256106, 9.023249, 9.781120, 10.550610, 11.333675, 12.118607, 12.899539, 13.679369, 14.465611, 15.231985, 15.989915, 16.733470, 17.434820, 18.108685, 18.757004, 19.368895, 19.954659, 20.492363, 20.990572, 21.453076, 21.896871, 22.307608, 22.696203, 22.997153, 23.324384, 23.608438, 23.885317, 24.168204, 24.476692, 24.755905, 25.029832, 25.311683, 25.597420, 25.881754, 26.169725, 26.459655, 26.751063, 27.043918, 27.338290, 27.615272, 27.885554, 28.151577, 28.399853, 28.608887, 28.876971, 29.120615, 29.348034, 29.613887, 29.858253, 30.121256, 30.379837, 30.645804, 30.924351, 31.240670, 31.541981, 31.833963, 32.151204, 32.472681, 32.805913, 33.122376, 33.446044, 33.773150, 34.101785, 34.430960, 34.762226, 35.094374, 35.427834, 35.762127, 36.098346, 36.435894, 36.773847, 37.113034, 37.432529, 37.688475, 37.843007, 38.063211, 38.162620, 38.175239, 38.103583, 37.949629, 37.549565, 37.446289, 37.156278, 36.628281, 36.532650, 36.227454, 35.707525, 35.633364, 35.166552, 34.890769, 34.826855, 34.324527, 34.010157, 33.908469, 33.299754, 32.884829, 32.453703, 31.936776, 31.420603, 30.900405, 30.376431, 29.881511, 29.406273, 28.960628, 28.515780, 28.126716, 27.735265, 27.348832, 26.977243, 26.621482, 26.304690, 26.006435, 25.741078, 25.473069, 25.231584, 25.086543, 24.784841, 24.615722, 24.453792, 24.325947, 24.241079, 24.211233, 24.235604, 24.320779, 24.423348, 24.554267, 24.704835, 24.893921, 25.087627, 25.295033, 25.507206, 25.733413, 25.976448, 26.221617, 26.500544, 26.779594, 27.104229, 27.441162, 27.776088, 28.134736, 28.490798, 28.846729, 29.295609, 29.814978, 30.445111, 31.144843, 31.945928, 32.870403, 33.868063, 34.972138, 36.160681, 37.417131, 38.748937, 40.146405, 41.602489, 43.091837, 44.630568, 46.191094, 47.782450, 49.387919, 51.015137, 52.627091, 54.247535, 55.839605, 57.795851, 58.919480, 60.396727, 61.835174, 63.261263, 64.660905, 66.006892, 67.309923, 68.585896, 69.795679, 70.949828, 72.043896, 73.073030, 74.053783, 74.928061, 75.888442, 76.461137, 77.107468, 77.656320, 78.118207, 78.487633, 78.804997, 79.030059, 79.154298, 79.197266, 79.167387, 78.928834, 78.769964, 78.712259, 78.234020, 77.876431, 77.721543, 77.059829, 76.855900, 76.384151, 75.645146, 75.158876, 74.674456, 74.190797, 73.725396, 73.272443, 72.853551, 72.477254, 72.107370, 71.816626, 71.571362, 71.378812, 71.275639, 71.187338, 71.168237, 71.197238, 71.264052, 71.361005, 71.497225, 71.651230, 71.812194, 71.977059, 72.147920, 72.284220, 72.415130, 72.510516, 72.611489, 72.654636, 72.717136, 72.801515, 72.921211, 73.061824, 73.288663, 73.534547, 73.778389, 73.981086, 74.134452, 74.241556, 74.291359, 74.306834, 74.291857, 74.245044, 74.143020, 74.015579, 73.827957, 73.617275, 73.330056, 73.008368, 72.638696, 72.217448, 71.778184, 71.125428, 70.823018, 70.292583, 69.723175, 69.130305, 68.495999, 67.840921, 67.149130, 66.419728, 65.684801, 64.910199, 64.125243, 63.333712, 62.542718, 61.766998, 61.036625, 60.353221, 59.734776, 59.164546, 58.656144, 58.214157, 57.835415, 57.524572, 57.288244, 57.153710, 57.098766, 57.120682, 57.185115, 57.361106, 57.535895, 57.710187, 57.905240, 58.128980, 58.357029, 58.594979, 58.800349, 59.017059, 59.196217, 59.361736, 59.555475, 59.752007, 59.923483, 60.096449, 60.267068, 60.438915, 60.613270, 60.766288, 60.907314, 61.010462, 61.075314, 61.141069, 61.188561, 61.262101, 61.235557, 61.222500, 61.256453, 61.129897, 61.059430, 60.964635, 60.875275, 60.758257, 60.645733, 60.505039, 60.352976, 60.211698, 60.062608, 59.900836, 59.729028, 59.556596, 59.378897, 59.183856, 58.995197, 58.782103, 58.607401, 58.481908, 58.415994, 58.457548, 58.596460, 58.792777, 59.102849, 59.479115, 59.958543, 60.388833, 61.029649, 61.742485, 62.510644, 63.319414, 64.177485, 65.058063, 65.954993, 66.836592, 67.709782, 68.584124, 69.687514, 70.243271, 71.031486, 71.812549, 72.577513, 73.311945, 74.009614, 74.676788, 75.286603, 75.850025, 76.359003, 76.824646, 77.262701, 77.665542, 78.045146, 78.403457, 78.733590, 79.036007, 79.263597, 79.521619, 79.733143, 79.944258, 80.116818, 80.179628, 80.202177, 80.173727, 80.103696, 79.978167, 79.817153, 79.603524, 79.319624, 78.980861, 78.608049, 78.189032, 77.723354, 77.218961, 76.696613, 76.182535, 75.667833, 75.158436, 74.667453, 74.191274, 73.729269, 73.304589, 72.905286, 72.518253, 71.989416, 71.844160, 71.509787, 71.166324, 70.827516, 70.502253, 70.210986, 69.956251, 69.749073, 69.620449, 69.515833, 69.674213, 69.888788, 70.248119, 70.777188, 71.641444, 72.311306, 73.363422, 74.588284, 75.983857, 77.535300, 79.701090, 80.979514, 82.823794, 85.272032, 87.204305, 88.535107, 90.960190, 92.817923, 94.641990, 96.433313, 97.683131, 99.872686, 101.528840, 103.152371, 104.742993, 106.289850, 107.835589, 109.279889, 110.708802, 112.094330, 113.440437, 114.748413, 116.005930, 117.219039, 118.404942, 119.553403, 120.714840, 121.716697, 122.711387, 123.665390, 124.564702, 125.411503, 126.224197, 126.963168, 127.664693, 128.314166, 128.921366, 129.499282, 130.050125, 130.565252, 131.036497, 131.488984, 131.925678, 132.341307, 132.741454, 133.135326, 133.519472, 133.875540, 134.230925, 134.617618, 134.998979, 135.364560, 135.701909, 136.060514, 136.446335, 136.844420, 137.248634, 137.660215, 138.086568, 138.522166, 138.968826, 139.414727, 139.899326, 140.364609, 140.860907, 141.394036, 141.943711, 142.521950, 143.128118, 143.754378, 144.397297, 145.062169, 145.714864, 146.375379, 147.025669, 147.659659, 148.268348, 148.875222, 149.448905, 149.988280, 150.506140, 150.964772, 151.396253, 151.758277, 152.067476, 152.363326, 152.597549, 152.745771, 152.842809, 152.858788, 152.798320, 152.694170, 152.544486, 152.154882, 152.054666, 151.754104, 151.408931, 151.051082, 150.682040, 150.296880, 149.697694, 149.539245, 149.172228, 148.807337, 148.282783, 148.158566, 147.887192, 147.650769, 147.272753, 147.262380, 146.949083, 146.958133, 146.829753, 146.645247, 146.605728, 146.505551, 146.279130, 146.321476, 146.117108, 146.054320, 145.968684, 145.910002, 145.840977, 145.891578, 145.735505, 145.697226, 145.678359, 145.669034, 145.671403, 145.687299, 145.702044, 145.709047, 145.709773, 145.706644, 145.709545, 145.703872, 145.713526, 145.710734, 145.707758, 145.719883, 145.739009, 145.795872, 145.872231, 145.975583, 146.106319, 146.316325, 146.537997, 146.798421, 147.116446, 147.535570, 147.993695, 148.499042, 149.025820, 149.543710, 150.058833, 150.536541, 150.976314, 151.349078, 151.626846, 151.932895, 152.199390, 152.469579, 152.745491, 153.005681, 153.230423, 153.429629, 153.638015, 153.890600, 154.141429, 154.367655, 154.618505, 154.871409, 155.156979, 155.491143, 155.809123, 156.119575, 156.453474, 156.803038, 157.150440, 157.505448, 157.818455, 158.177764, 158.512553, 158.862323, 159.005179, 159.367384, 159.742238, 160.111890, 160.501166, 160.900428, 161.367465, 161.731188, 162.183221, 162.599161, 163.051111, 163.534660, 164.013299, 164.482897, 164.968108, 165.447468, 165.936802, 166.438126, 166.934039, 167.437207, 167.923444, 168.537654, 168.884376, 169.353578, 169.813260, 170.276638, 170.729153, 171.188760, 171.631238, 172.068257, 172.510873, 172.949049, 173.381326, 173.871308, 174.218867, 174.628086, 175.085676, 175.478675, 175.797386, 176.223557, 176.532716, 176.928528, 177.235581, 177.498807, 177.824448, 178.077092, 178.313281, 178.589818, 178.852613, 179.097178, 179.363144, 179.606038, 179.907641, 179.784368, 179.462163, 179.129615, 178.762564, 178.368050, 177.953469, 177.527027, 177.092828, 176.637491, 176.188121, 175.745404, 175.316570, 174.893128, 174.458416, 174.021798, 173.591096, 173.179064, 172.781335, 172.386709, 172.003017, 171.617110, 171.254052, 170.912438, 170.589086, 170.397653, 170.098060, 169.798063, 169.551539, 169.278020, 168.998481, 168.693688, 168.424987, 168.133574, 167.841022, 167.554437, 167.266581, 166.978196, 166.693170, 166.411466, 166.137730, 165.866037, 165.584087, 165.346310, 165.113705, 164.931546, 164.749075, 164.544408, 164.324967, 164.111565, 163.929251, 163.740088, 163.549712, 163.361470, 163.193574, 163.033363, 162.948481, 162.872592, 162.811285, 162.780042, 162.782176, 162.806818, 162.854042, 162.927993, 162.996678, 163.081744, 163.170546, 163.256240, 163.361889, 163.456067, 163.560926, 163.627514, 163.724135, 163.825651, 163.933303, 164.128593, 164.129577, 164.237110, 164.350173, 164.487949, 164.624063, 164.767165, 164.938089, 165.107837, 165.295833, 165.493058, 165.693713, 165.898742, 166.136878, 166.367717, 166.777420, 166.881202, 167.159365, 167.464148, 167.768316, 168.085754, 168.408383, 168.707886, 169.012818, 169.314362, 169.791894, 169.896325, 170.376617, 170.487635, 170.782046, 171.266420, 171.389862, 171.862683, 172.138816, 172.254072, 172.715616, 172.984816, 173.260655, 173.523808, 173.762241, 174.003945, 174.225190, 174.455286, 174.656785, 174.890181, 175.076022, 175.246466, 175.406959, 175.568683, 175.725126, 175.870021, 175.989156, 176.150923, 176.286258, 176.398359, 176.509739, 176.625659, 176.716730, 176.795795, 176.900326, 176.983401, 177.075157, 177.145047, 177.236204, 177.309524, 177.392432, 177.406359, 177.542078, 177.606413, 177.677162, 177.734008, 177.788615, 177.813761, 177.840406, 177.852018, 177.854659, 177.844080, 177.790872, 177.729825, 177.611803, 177.435709, 177.180478, 176.888139, 176.495283, 176.021172, 175.472710, 174.867096, 174.204092, 173.335488, 172.761041, 171.824321, 171.186162, 170.150072, 169.524848, 168.687127, 167.826206, 166.952765, 166.077833, 165.214914, 164.348194, 163.500635, 162.667715, 161.888305, 161.166956, 160.514178, 159.862314, 159.415068, 158.944944, 158.606866, 158.296990, 158.110885, 158.026745, 158.020498, 158.248264, 158.250863, 158.474879, 158.986104, 159.104975, 159.685348, 159.832290, 160.433355, 160.790997, 161.143232, 161.243165, 161.724382, 161.804339, 162.234067, 162.454338, 162.618410, 162.744380, 162.857724, 162.814421, 162.982271, 162.995621, 162.987480, 162.942554, 162.876288, 162.781509, 162.657535, 162.516957, 162.341010, 162.172830, 161.999879, 161.827070, 161.628375, 161.421665, 161.221506, 161.034365, 160.848866, 160.667327, 160.490343, 160.318519, 160.176664, 160.016813, 159.875132, 159.743517, 159.622378, 159.505526, 159.381333, 159.259596, 159.114081, 158.963321, 158.795359, 158.601027, 158.361077, 158.079355, 157.776616, 157.409965, 156.946883, 156.430877, 155.859186, 155.238215, 154.539879, 153.804212, 153.009885, 152.159480, 151.251755, 150.298479, 149.290168, 148.248591, 146.906466, 146.067116, 144.984712, 143.883197, 142.758294, 141.651078, 140.546014, 139.431729, 138.317377, 137.204633, 136.081641, 134.953434, 133.811361, 132.658912, 131.507300, 130.343724, 128.860206, 127.976612, 126.780219, 125.567119, 124.348626, 123.135034, 121.945503, 120.787240, 119.704107, 118.710498, 117.809471, 116.993637, 116.240608, 115.545498, 114.717158, 114.013813, 113.188813, 112.089079, 111.241543, 110.301414, 109.418860, 108.520888, 107.540167, 106.779383, 105.860500, 105.093997, 104.560834, 104.015973, 103.470144, 102.716095, 102.158644, 101.603238, 101.055267, 100.463472, 99.462402, 98.845659, 98.055005, 97.093541, 96.494330, 95.561894, 94.855122, 94.182858, 93.539341, 92.948156, 92.489919, 91.819372, 91.302413, 90.811958, 90.445583, 90.012212, 89.593380, 89.177587, 88.788068, 88.408160, 88.021725, 87.649658, 87.247265, 86.857783, 86.463417, 86.073223, 85.670433, 85.270614, 84.867046, 84.474107, 84.081223, 83.706734, 83.338273, 82.980432, 82.636282, 82.301594, 81.972610, 81.648400, 81.327969, 81.013226, 80.706222, 80.399274, 80.089388, 79.801454, 79.512405, 79.227974, 79.012625, 78.765548, 78.553767, 78.348134, 78.138450, 77.929896, 77.712143, 77.506646, 77.290137, 77.120120, 76.982688, 76.849586, 76.719812, 76.608743, 76.496026, 76.382952, 76.232330, 76.117927, 75.983963, 75.787423, 75.653409, 75.503815, 75.290982, 75.076559, 74.916378, 74.722626, 74.501854, 74.283792, 74.062220, 73.842773, 73.618012, 73.376540, 73.124481, 72.872388, 72.617538, 72.362254, 72.102902, 71.845777, 71.564436, 71.274942, 70.936846, 70.630624, 70.314164, 69.963731, 69.729754, 69.422350, 69.148203, 68.870959, 68.572328, 68.239827, 67.902456, 67.559805, 67.239724, 66.893109, 66.548391, 66.204938, 65.871369, 65.510798, 65.162209, 64.797696, 64.431247, 64.066489, 63.698853, 63.322777, 62.946281, 62.569869, 62.130178, 61.786206, 61.441891, 61.043622, 60.642096, 60.308797, 59.916572, 59.544184, 59.185745, 58.787681, 58.411476, 58.075851, 57.729658, 57.388648, 57.046106, 56.699181, 56.345524, 55.973090, 55.598578, 55.220898, 54.841246, 54.460272, 54.083941, 53.701830, 53.323849, 52.944131, 52.560277, 52.172670, 51.780706, 51.381894, 50.978682, 50.592367, 50.198519, 49.801200, 49.408360, 49.010565, 48.616041, 48.202519, 47.778955, 47.322512, 46.852353, 46.370194, 45.860918, 45.329781, 44.778403, 44.229825, 43.686386, 43.116213, 42.548778, 41.994875, 41.437598, 40.878684, 40.340260, 39.803194, 39.121378, 38.729604, 38.217370, 37.701460, 37.194446, 36.679325, 36.192438, 35.709564, 35.224111, 34.755599, 34.318938, 33.844396, 33.363324, 32.879601, 32.387036, 31.881192, 31.388070, 30.869622, 30.319673, 29.794776, 29.262130, 28.702013, 28.108654, 27.571248, 27.001010, 26.418748, 25.844940, 25.203525, 24.690145, 24.097026, 23.506678, 22.925612, 22.332944, 21.731484, 21.119477, 20.510455, 19.865845, 19.214002, 18.539983, 17.853228, 17.155576, 16.443528, 15.586477, 14.961286, 14.214175, 13.437107, 12.666112, 11.870267, 11.060098, 10.245162, 9.443856, 8.615117, 7.807843, 6.994228, 6.207847, 5.423530, 4.662510, 3.796581, 3.188832, 2.388715, 1.818133, 1.181963, 0.483350, 0.117122, 0.693944, 1.244335, 1.760339, 2.279934, 2.778379, 3.265131, 3.758030, 4.246822, 4.723227, 5.225376, 5.752098, 6.316894, 6.885208, 7.471432, 8.062111, 8.681278, 9.313261, 9.926190, 10.566118, 11.219712, 11.866713, 12.502877, 13.135489, 13.743729, 14.324859, 14.879886, 15.424227, 15.936479, 16.435155, 16.924300, 17.384233, 17.825219, 18.250997, 18.662139, 19.055881, 19.428595, 19.838998, 20.223655, 20.584100, 20.938489, 21.321876, 21.686471, 22.090608, 22.500129, 22.925051, 23.374256, 23.841202, 24.327391, 24.820231, 25.319243, 25.829472, 26.355498, 26.911156, 27.468419, 28.046357, 28.624390, 29.200495, 29.767598, 30.353530, 30.937560, 31.516433, 32.091091, 32.676636, 33.235838, 33.802866, 34.378896, 34.956349, 35.530883, 36.106423, 36.655559, 37.204011, 37.742100, 38.280556, 38.779623, 39.266587, 39.740427, 40.179803, 40.621728, 41.035918, 41.441046, 41.823138, 42.195969, 42.559565, 42.907505, 43.249888, 43.572114, 43.852580, 44.124738, 44.353706, 44.620011, 44.843051, 45.049416, 45.262464, 45.457891, 45.569672, 45.634662, 45.668906, 45.660652, 45.621457, 45.545430, 45.443707, 45.195014, 45.176084, 45.024558, 44.878872, 44.743369, 44.625409, 44.506153, 44.387178, 44.282164, 44.185528, 44.092362, 43.985499, 43.892223, 43.827538, 43.768973, 43.681452, 43.674536, 43.637225, 43.597442, 43.566245, 43.495224, 43.445035, 43.362709, 43.261735, 43.140040, 43.015673, 42.848826, 42.669861, 42.469777, 42.258159, 42.023526, 41.607658, 41.460099, 41.157861, 40.683773, 40.524445, 40.179131, 39.631335, 39.412562, 38.794567, 38.333101, 38.068248, 37.350979, 36.846660, 36.316459, 35.778041, 35.148594, 34.607670, 34.077423, 33.551011, 33.066504, 32.612142, 32.185771, 31.792620, 31.430297, 31.104298, 30.816483, 30.562162, 30.326064, 30.116026, 29.943890, 29.777550, 29.639956, 29.504684, 29.412688, 29.320264, 29.233839, 29.159724, 29.082046, 29.020426, 28.983990, 28.981768, 29.053186, 29.127203, 29.228372, 29.418140, 29.695827, 29.897760, 30.141651, 30.383256, 30.607329, 30.811534, 30.998339, 31.127683, 31.223103, 31.261458, 31.261590, 31.208090, 31.065409, 30.907155, 30.747711, 30.590252, 30.425522, 30.234331, 30.109471, 29.946967, 29.782989, 29.655257, 29.540012, 29.448404, 29.363299, 29.295900, 29.239855, 29.183337, 29.161854, 29.139014, 29.113221, 29.173481, 29.131800, 29.175007, 29.242780, 29.331390, 29.448135, 29.597694, 29.761382, 29.951456, 30.172994, 30.406950, 30.678203, 30.952352, 31.229843, 31.519869, 31.829421, 32.304052, 32.445695, 32.771380, 33.094078, 33.415555, 33.735773, 34.048276, 34.355613, 34.646337, 34.930249, 35.195435, 35.447174, 35.676366, 36.026728, 36.205125, 36.375860, 36.525138, 36.652532, 36.745715, 36.827287, 36.896451, 36.954270, 37.005322, 37.033412, 37.059007, 37.074939, 37.085198, 37.086679, 37.068225, 37.045463, 37.024282, 36.997856, 36.969134, 36.939211, 36.901452, 36.867178, 36.831648, 36.798526, 36.766647, 36.731713, 36.692547, 36.633520, 36.611732, 36.547028, 36.509046, 36.463934, 36.408122, 36.332767, 36.238028, 36.123117, 35.999878, 35.838788, 35.675325, 35.465222, 35.229405, 34.992852, 34.710673, 34.429075, 34.143658, 33.859154, 33.573220, 33.287371, 32.995044, 32.699680, 32.338421, 32.106934, 31.807298, 31.502985, 31.199029, 30.889651, 30.577750, 30.265412, 29.951669, 29.635006, 29.315339, 28.994956, 28.593268, 28.138041, 27.624476, 27.057973, 26.426010, 25.746522, 25.028880, 24.245825, 23.415869, 22.547044, 21.648239, 20.709602, 19.756125, 18.781782, 17.552500, 16.756681, 15.707335, 14.657347, 13.615386, 12.568148, 11.513966, 10.453862, 9.388822, 8.313041, 7.226938, 6.151599, 5.076367, 4.021543, 2.954199, 1.675153, 0.841372, 0.206114, 1.234462, 2.253891, 3.250350, 4.208619, 5.281485, 5.956927, 6.715849, 7.476285, 8.021644, 8.689986, 9.237815, 9.710923, 10.325859, 10.777354, 11.313085, 11.927692, 12.497324, 13.004255, 13.629244, 14.195149, 14.757498, 15.351522, 15.877963, 16.451051, 17.009073, 17.550531, 18.107070, 18.639037, 19.179181, 19.719829, 20.263498, 20.824995, 21.400012, 21.979462, 22.587235, 23.221918, 23.875200, 24.560114, 25.250958, 25.953866, 26.659170, 27.377389, 28.111282, 29.043450, 29.585231, 30.314896, 31.034025, 31.749232, 32.457114, 33.150883, 33.846439, 34.291261, 34.933604, 35.571965, 36.172087, 36.744385, 37.306239, 37.848332, 38.361384, 38.830300, 39.248771, 39.626322, 40.004041, 40.330095, 40.578406, 40.747010, 40.851064, 40.929339, 40.966103, 40.991458, 40.966476, 40.951696, 40.947283, 40.964546, 41.001931, 41.056004, 41.134491, 41.223253, 41.341497, 41.489350, 41.665674, 41.858980, 42.079202, 42.307314, 42.539914, 42.775605, 43.046782, 43.322260, 43.595104, 43.842594, 44.173984, 44.471458, 44.768687, 45.069177, 45.354132, 45.626431, 45.886211, 46.135506, 46.355506, 46.599624, 46.795985, 47.006394, 47.200483, 47.380482, 47.468963, 47.703754, 47.834836, 47.969423, 48.085868, 48.127224, 48.265912, 48.337099, 48.405244, 48.442306, 48.488957, 48.490554, 48.474263, 48.434438, 48.353928, 48.186280, 48.166701, 48.028134, 47.866367, 47.703582, 47.520344, 47.326327, 47.100176, 46.856999, 46.575630, 46.256466, 45.904443, 45.521158, 45.110885, 44.696029, 44.252858, 43.503634, 43.300377, 42.800783, 41.994294, 41.756099, 41.233606, 40.406261, 40.164317, 39.623181, 38.845664, 38.654599, 37.954057, 37.539108, 37.158670, 36.820524, 36.513113, 36.225102, 35.956170, 35.688619, 35.439786, 35.181202, 34.905456, 34.635316, 34.332644, 34.011486, 33.676154, 33.337320, 32.981470, 32.624196, 32.288309, 31.956649, 31.628131, 31.305247, 30.985681, 30.666085, 30.306338, 29.934251, 29.560191, 29.141867, 28.696730, 28.220883, 27.725479, 27.202814, 26.646072, 26.062705, 25.466612, 24.895654, 24.354156, 23.871003, 23.452329, 23.128744, 22.876141, 22.706237, 22.554709, 22.448096, 22.351657, 22.264812, 22.172235, 22.062952, 21.931488, 21.813640, 21.723081, 21.689648, 21.715024, 21.818707, 22.050170, 22.311478, 22.688642, 23.170487, 23.795941, 24.484451, 25.302939, 26.227535, 27.275346, 28.429660, 29.668871, 30.994050, 32.364136, 33.790706, 35.238324, 36.720795, 38.173042, 39.634322, 41.072565, 42.481899, 43.865942, 45.148555, 46.395444, 47.574619, 48.687104, 49.743997, 50.722194, 51.873186, 52.453101, 53.229505, 53.933677, 54.570098, 55.146833, 55.640600, 56.094627, 56.495224, 56.853029, 57.174831, 57.476086, 57.746227, 57.987084, 58.186427, 58.372564, 58.557173, 58.743604, 58.872849, 58.926217, 59.001229, 58.934670, 58.959327, 58.903763, 58.737804, 58.724392, 58.620150, 58.392577, 58.238726, 58.082491, 57.902520, 57.726882, 57.532806, 57.318185, 57.081861, 56.797294, 56.473322, 56.281374, 55.696498, 55.241255, 54.745413, 54.179844, 53.577677, 52.919731, 52.147522, 51.416624, 50.648215, 49.851550, 49.031559, 48.191447, 47.321546, 46.425592, 45.515661, 44.599646, 43.642337, 42.661112, 41.660000, 40.634144, 39.596920, 38.528813, 37.113209, 36.058558, 35.316303, 34.246071, 33.204428, 32.196928, 31.221564, 30.285455, 29.354863, 28.446933, 27.568681, 26.740879, 25.932586, 25.195622, 24.526138, 23.938665, 23.442632, 23.038361, 22.708413, 22.476768, 22.288371, 22.152969, 22.095317, 22.079381, 22.102636, 22.159736, 22.219737, 22.323521, 22.424388, 22.532856, 22.633399, 22.744818, 22.968151, 22.996172, 23.140689, 23.269270, 23.477819, 23.515515, 23.637054, 23.753837, 23.878683, 23.999151, 24.125715, 24.249295, 24.403048, 24.577317, 24.767313, 25.156265, 25.292324, 25.625382, 26.129294, 26.378363, 26.847418, 27.372194, 27.949333, 28.568129, 29.218085, 29.863424, 30.500290, 31.117237, 31.706971, 32.260402, 32.776680, 33.483409, 33.743170, 34.220747, 34.704223, 35.200970, 35.717889, 36.235864, 36.775863, 37.567650, 37.902729, 38.509237, 39.430440, 39.816714, 40.495732, 41.491578, 42.214706, 43.043490, 43.463105, 44.178892, 45.171923, 45.592813, 46.235848, 47.062532, 47.399486, 48.105796, 48.569604, 48.832297, 49.340378, 49.618118, 49.827108, 49.956497, 49.989461, 49.970223, 49.847504, 49.624503, 49.331602, 48.963741, 48.500801, 47.970998, 47.386989, 46.776937, 46.153556, 45.526969, 44.914184, 44.325387, 43.755065, 43.208010, 42.681628, 42.191277, 41.745681, 41.314094, 40.871809, 40.444710, 40.022360, 39.593268, 39.159268, 38.718121, 38.283330, 37.851400, 37.412654, 36.977408, 36.542105, 36.098165, 35.663335, 35.228182, 34.762543, 34.264197, 33.734872, 33.122916, 32.449408, 31.689598, 30.846005, 29.938439, 28.944350, 27.894514, 26.768037, 25.569719, 24.321970, 23.045366, 21.709217, 20.369095, 19.026602, 17.680290, 16.340637, 15.007814, 13.717016, 12.444848, 11.209141, 9.997949, 8.834363, 7.731870, 6.270164, 5.617079, 4.621286, 3.687342, 2.770742, 1.891850, 1.047310, 0.186086, 0.669851, 1.504638, 2.343450, 3.173840, 3.978281, 4.770687, 5.555052, 6.589235, 7.028018, 7.727271, 8.379797, 8.967496, 9.698179, 9.975939, 10.361457, 10.694142, 11.088771, 11.188000, 11.369837, 11.579127, 11.596332, 11.663053, 11.723258, 11.672399, 11.591577, 11.514700, 11.385809, 11.252892, 11.115281, 10.950729, 10.707857, 10.492317, 10.307258, 10.108002, 9.955543, 9.822882, 9.678678, 9.534614, 9.387945, 9.241973, 9.095413, 8.949368, 8.804004, 8.660224, 8.521370, 8.381247, 8.319343, 8.273077, 8.271145, 8.274576, 8.312104, 8.339716, 8.375985, 8.407514, 8.460590, 8.510336, 8.550328, 8.586198, 8.615569, 8.629628, 8.621682, 8.619430, 8.594128, 8.556963, 8.474321, 8.368025, 8.218892, 8.069505, 7.919284, 7.768296, 7.617548, 7.437097, 7.208833, 6.994883, 6.736352, 6.496188, 6.217788, 5.902674, 5.554779, 5.161513, 4.726423, 4.243117, 3.689331, 3.057066, 2.353309, 1.578897, 0.489286, 0.114520, 1.021649, 1.960568, 2.899855, 3.826892, 4.738858, 5.624284, 6.489635, 7.294727, 8.070145, 8.983762, 9.477494, 10.087638, 10.620982, 11.074639, 11.447421, 11.718292, 11.924218, 11.996089, 11.989211, 11.904950, 11.760616, 11.544875, 11.285434, 10.967253, 10.408787, 10.205357, 9.764058, 9.291627, 8.780923, 8.233460, 7.647700, 7.056616, 6.482788, 5.914911, 5.382116, 4.865725, 4.378739, 3.939342, 3.546079, 3.202156, 2.720661, 2.473950, 2.405660, 2.252671, 2.077947, 2.131758, 2.142888, 2.142895, 2.281195, 2.442349, 2.605907, 2.811711, 3.024804, 3.238405, 3.446569, 3.545538, 3.616490, 3.656936, 3.593021, 3.455988, 3.225534, 2.920487, 2.531984, 2.077922, 1.581676, 1.056665, 0.534057, 0.012078, 0.477306, 0.979956, 1.409837, 1.786872, 2.098507, 2.347670, 2.548681, 2.701711, 2.795992, 2.845072, 2.818799, 2.727210, 2.537774, 2.378066, 2.186586, 1.954513, 1.715157, 1.493884, 1.280138, 1.062392, 0.846453, 0.656136, 0.510873, 0.418682, 0.345979, 0.315837, 0.289576, 0.302103, 0.300796, 0.316105, 0.335756, 0.372038, 0.414557, 0.478558, 0.547052, 0.624304, 0.701677, 0.780314, 0.834656, 0.889370, 0.918076, 0.939939, 0.955581, 0.946479, 0.944530, 0.932585, 0.903520, 0.867447, 0.844530, 0.803848, 0.759307, 0.697613, 0.602230, 0.493754, 0.369200, 0.226304, 0.082356, 0.106072, 0.305465, 0.475473, 0.626716, 0.756190, 0.786348, 0.914858, 0.913899, 0.867714, 0.750228, 0.591398, 0.382042, 0.122407, 0.184748, 0.533737, 0.930547, 1.512360, 1.817332, 2.308263, 2.834411, 3.532997, 3.924316, 4.493202, 5.065266, 5.651285, 6.391320, 6.963618, 7.440494, 8.054984, 8.751727, 9.255968, 9.923499, 10.384342, 10.923417, 11.447891, 11.901029, 12.283491, 12.673215, 13.030883, 13.338072, 13.559035, 13.800390, 13.837452, 13.885799, 13.853017, 13.752760, 13.564298, 13.292593, 12.957517, 12.563587, 12.119976, 11.623578, 11.101765, 10.568146, 10.013488, 9.477051, 8.948162, 8.449483, 7.994637, 7.594817, 7.260520, 6.956134, 6.724653, 6.546132, 6.424223, 6.355131, 6.335980, 6.384659, 6.450941, 6.560072, 6.695333, 6.846497, 6.997831, 7.145045, 7.239926, 7.326858, 7.387496, 7.405007, 7.402637, 7.360261, 7.281631, 7.156281, 6.974555, 6.732787, 6.435217, 6.087249, 5.676622, 5.222022, 4.693427, 4.109783, 3.496209, 2.845205, 2.180573, 1.506589, 0.829297, 0.171391, 0.527598, 1.167863, 1.776356, 2.302636, 2.839904, 3.322924, 3.741251, 4.127509, 4.435017, 4.673703, 4.851495, 4.959590, 4.991666, 5.012214, 4.956946, 4.802464, 4.655148, 4.458019, 4.264123, 4.050844, 3.805590, 3.554214, 3.319581, 3.079940, 2.793668, 2.602077, 2.367389, 2.131608, 1.897856, 1.705312, 1.520879, 1.345629, 1.181534, 1.041121, 0.924108, 0.809979, 0.684036, 0.555742, 0.431555, 0.326656, 0.243937, 0.086309, 0.092033, 0.236404, 0.439449, 0.647484, 0.848175, 1.031526, 1.195277, 1.365914, 1.545477, 1.690147, 1.841858, 2.003280, 2.111392, 2.269919, 2.415143, 2.543407, 2.665341, 2.801958, 2.896170, 2.977842, 3.034759, 3.077035, 3.078927, 3.058859, 3.004364, 2.903441, 2.799602, 2.656281, 2.497121, 2.326211, 2.155929, 1.958117, 1.763301, 1.584014, 1.381295, 1.190285, 0.993817, 0.823166, 0.607192, 0.417286, 0.233973, 0.073219, 0.095792, 0.228686, 0.370768, 0.457643, 0.558219, 0.633499, 0.702835, 0.756118, 0.793363, 0.826102, 0.837843, 0.841835, 0.836135, 0.823708, 0.814488, 0.822834, 0.825800, 0.833144, 0.854399, 0.858052, 0.870959, 0.908340, 0.901083, 0.928436, 0.950206, 0.974204, 1.001600, 1.033365, 1.067115, 1.107152, 1.148235, 1.167519, 1.203398, 1.213312, 1.238846, 1.249699, 1.248142, 1.247204, 1.252369, 1.253019, 1.236111, 1.224211, 1.187119, 1.152928, 1.106872, 1.028476, 0.954132, 0.896300, 0.792557, 0.690031, 0.565841, 0.421327, 0.294008, 0.176765, 0.037018, 0.107935, 0.242114, 0.378333, 0.512936, 0.649760, 0.784059, 0.918081, 1.051814, 1.187465, 1.320506, 1.451727, 1.586443, 1.720441, 1.854429, 1.984881, 2.119154, 2.256800, 2.373412, 2.501422, 2.627752, 2.753093, 2.880094, 3.003829, 3.129896, 3.266577, 3.358348, 3.427574, 3.452475, 3.466666, 3.460841, 3.433149, 3.379821, 3.331830, 3.230485, 3.167196, 3.105420, 3.044510, 2.961965, 2.865471, 2.746149, 2.621707, 2.526064, 2.359352, 2.235258, 2.114526, 1.974692, 1.847665, 1.733538, 1.624172, 1.534750, 1.470136, 1.409566, 1.365292, 1.343885, 1.357875, 1.382932, 1.408556, 1.435919, 1.508879, 1.544785, 1.563888, 1.560300, 1.564707, 1.572954, 1.587322, 1.602270, 1.627107, 1.656316, 1.692880, 1.727727, 1.760262, 1.791581, 1.794954, 1.794687, 1.788076, 1.741325, 1.668921, 1.592499, 1.514823, 1.408751, 1.309952, 1.213542, 1.131495, 1.035927, 0.936885, 0.755537, 0.745219, 0.637301, 0.557445, 0.475858, 0.408510, 0.376184, 0.363245, 0.382990, 0.434843, 0.529838, 0.655073, 0.768328, 0.894418, 1.062985, 1.152330, 1.257653, 1.300707, 1.318818, 1.300723, 1.282171, 1.256840, 1.202543, 1.129441, 1.048214, 0.938273, 0.799983, 0.655225, 0.478471, 0.266514, 0.111942, 0.340367, 0.640892, 0.954607, 1.116989, 1.431652, 1.743895, 2.016558, 2.253955, 2.478865, 2.667822, 2.871403, 2.871137, 2.944723, 3.041024, 3.004397, 2.906092, 2.845341, 2.679839, 2.558095, 2.377163, 2.186257, 2.008711, 1.821011, 1.626163, 1.427289, 1.193790, 0.961862, 0.696339, 0.463271, 0.251141, 0.034220, 0.187597, 0.391492, 0.597693, 0.771012, 0.895893, 0.977933, 1.041398, 1.110513, 1.143949, 1.172320, 1.174548, 1.169071, 1.155332, 1.136228, 1.107711, 1.054412, 1.015880, 0.948904, 0.892261, 0.829939, 0.752982, 0.658608, 0.564027, 0.468050, 
,,,0.017360, 0.037285, 0.051544, 0.069916, 0.084804, 0.095618, 0.107483, 0.118604, 0.129275, 0.140180, 0.152668, 0.166850, 0.183551, 0.200250, 0.217099, 0.233684, 0.250508, 0.267572, 0.283296, 0.300019, 0.316684, 0.333352, 0.350052, 0.368309, 0.383448, 0.400108, 0.418328, 0.433440, 0.450109, 0.466762, 0.483444, 0.500202, 0.517282, 0.533354, 0.550177, 0.566788, 0.583544, 0.600164, 0.616815, 0.633490, 0.650236, 0.668257, 0.683545, 0.700266, 0.720722, 0.733684, 0.750288, 0.766964, 0.783619, 0.800291, 0.816897, 0.833603, 0.850271, 0.866949, 0.883573, 0.900262, 0.919104, 0.933673, 0.950310, 0.967071, 0.983810, 1.000364, 1.017065, 1.036890, 1.053598, 1.067743, 1.084461, 1.100646, 1.117256, 1.133924, 1.151161, 1.169275, 1.184071, 1.201423, 1.217630, 1.234240, 1.251733, 1.267530, 1.284162, 1.300868, 1.317540, 1.334203, 1.352456, 1.367701, 1.384786, 1.401087, 1.419116, 1.434467, 1.451130, 1.467984, 1.485601, 1.501420, 1.518100, 1.534625, 1.551357, 1.568002, 1.584724, 1.601941, 1.618152, 1.634787, 1.651561, 1.670217, 1.684773, 1.701527, 1.718242, 1.735393, 1.752505, 1.768375, 1.784982, 1.803154, 1.818262, 1.835019, 1.851604, 1.868436, 1.885087, 1.902546, 1.920358, 1.935373, 1.952132, 1.968810, 1.985977, 2.003772, 2.018883, 2.035557, 2.052303, 2.068874, 2.085656, 2.102334, 2.118895, 2.135567, 2.152331, 2.170173, 2.185491, 2.202518, 2.223503, 2.236212, 2.252380, 2.268973, 2.285678, 2.302384, 2.318980, 2.335687, 2.352361, 2.369098, 2.385685, 2.402410, 2.421158, 2.435612, 2.452430, 2.469051, 2.486170, 2.502358, 2.519055, 2.535690, 2.552401, 2.569076, 2.585804, 2.602414, 2.619060, 2.636674, 2.652788, 2.671290, 2.685997, 2.702777, 2.719570, 2.736482, 2.752656, 2.769370, 2.786006, 2.802680, 2.819419, 2.835999, 2.852567, 2.869331, 2.885921, 2.902656, 2.921181, 2.936083, 2.952756, 2.969463, 2.986555, 3.002728, 3.019408, 3.036079, 3.052757, 3.069472, 3.086217, 3.102816, 3.119505, 3.136202, 3.152881, 3.171184, 3.186343, 3.203178, 3.219755, 3.236456, 3.253127, 3.269716, 3.287895, 3.303586, 3.319828, 3.336377, 3.353000, 3.369716, 3.386418, 3.403723, 3.421361, 3.436524, 3.455287, 3.470206, 3.486805, 3.503947, 3.520095, 3.536658, 3.553413, 3.570033, 3.586835, 3.603335, 3.620046, 3.636730, 3.657834, 3.672153, 3.686664, 3.703824, 3.721127, 3.736938, 3.753517, 3.770094, 3.786792, 3.803501, 3.820211, 3.836913, 3.853450, 3.870184, 3.886881, 3.903608, 3.922191, 3.936866, 3.954054, 3.970192, 3.986988, 4.003600, 4.020205, 4.036894, 4.053703, 4.070400, 4.087222, 4.104217, 4.120616, 4.137184, 4.153927, 4.172104, 4.187210, 4.204499, 4.220686, 4.237422, 4.254210, 4.270787, 4.287495, 4.304139, 4.320851, 4.337510, 4.354159, 4.370840, 4.387585, 4.404180, 4.422062, 4.437587, 4.454490, 4.470939, 4.487570, 4.504339, 4.520986, 4.537594, 4.554826, 4.571136, 4.587731, 4.604370, 4.621087, 4.639264, 4.654500, 4.673115, 4.687803, 4.705066, 4.721100, 4.737827, 4.754532, 4.771118, 4.789388, 4.804535, 4.821262, 4.837877, 4.854565, 4.871821, 4.887875, 4.904659, 4.923076, 4.938498, 4.955752, 4.972063, 4.988221, 5.004732, 5.021982, 5.038369, 5.054909, 5.075450, 5.088278, 5.105489, 5.121715, 5.138351, 5.155075, 5.173239, 5.188917, 5.205542, 5.221618, 5.238330, 5.254960, 5.271719, 5.288353, 5.304950, 5.321714, 5.338847, 5.355007, 5.371729, 5.388424, 5.405081, 5.423102, 5.438542, 5.455213, 5.471736, 5.488465, 5.505174, 5.521857, 5.538463, 5.555201, 5.571824, 5.589163, 5.605203, 5.621930, 5.638630, 5.655278, 5.674107, 5.689223, 5.705310, 5.722082, 5.738703, 5.755341, 5.772053, 5.788693, 5.805445, 5.822031, 5.838665, 5.856913, 5.872109, 5.888700, 5.905529, 5.924020, 5.939261, 5.955470, 5.972171, 5.988807, 6.007001, 6.022236, 6.038825, 6.055568, 6.072184, 6.088933, 6.106086, 6.122373, 6.139028, 6.155698, 6.174018, 6.189023, 6.205946, 6.222431, 6.239014, 6.255794, 6.272900, 6.292694, 6.305865, 6.322970, 6.339226, 6.355782, 6.373162, 6.389359, 6.405875, 6.425075, 6.439340, 6.455926, 6.472556, 6.489335, 6.506012, 6.522575, 6.539203, 6.555881, 6.573094, 6.589332, 6.605814, 6.623081, 6.639340, 6.655886, 6.672724, 6.691085, 6.706570, 6.722758, 6.739316, 6.756002, 6.772745, 6.789412, 6.806077, 6.822675, 6.839331, 6.856063, 6.872778, 6.889393, 6.906018, 6.923289, 6.940999, 6.956649, 6.972831, 6.989412, 7.006111, 7.022867, 7.039513, 7.056103, 7.072787, 7.089530, 7.108524, 7.123162, 7.139637, 7.156456, 7.172950, 7.190981, 7.206933, 7.223093, 7.239711, 7.257008, 7.274764, 7.289950, 7.307139, 7.323233, 7.339884, 7.356635, 7.373389, 7.390680, 7.406752, 7.423748, 7.442156, 7.456705, 7.473287, 7.489924, 7.506602, 7.523351, 7.543524, 7.556610, 7.573312, 7.590576, 7.606852, 7.624057, 7.640231, 7.657346, 7.673424, 7.693028, 7.707123, 7.723583, 7.740267, 7.756905, 7.773652, 7.790362, 7.806890, 7.823561, 7.840261, 7.856974, 7.873743, 7.890324, 7.906834, 7.924112, 7.941973, 7.957028, 7.973573, 7.990248, 8.006948, 8.023673, 8.040370, 8.056966, 8.073645, 8.090361, 8.107048, 8.123805, 8.140437, 8.157165, 8.173940, 8.191950, 8.207378, 8.224062, 8.240827, 8.257473, 8.274158, 8.290796, 8.307414, 8.324119, 8.340782, 8.359067, 8.374233, 8.391410, 8.407537, 8.424265, 8.442905, 8.457509, 8.474218, 8.492853, 8.507616, 8.524235, 8.540828, 8.557510, 8.574250, 8.590850, 8.607538, 8.624304, 8.641581, 8.657613, 8.674295, 8.692947, 8.707590, 8.724297, 8.740954, 8.757723, 8.774316, 8.790953, 8.807661, 8.828831, 8.841025, 8.857816, 8.874378, 8.891566, 8.908259, 8.924453, 8.943000, 8.957773, 8.974457, 8.991205, 9.007822, 9.024512, 9.041253, 9.058420, 9.074626, 9.091379, 9.108021, 9.124588, 9.141318, 9.158549, 9.174552, 9.191134, 9.209008, 9.224469, 9.241118, 9.257789, 9.274433, 9.291035, 9.307717, 9.324441, 9.341124, 9.357853, 9.374486, 9.391684, 9.408501, 9.424577, 9.441193, 9.459009, 9.474481, 9.491158, 9.507806, 9.524451, 9.541054, 9.557738, 9.574381, 9.591118, 9.607662, 9.624461, 9.641357, 9.657572, 9.674213, 9.690940, 9.710984, 9.724307, 9.741049, 9.757675, 9.774388, 9.791006, 9.807662, 9.824391, 9.841021, 9.857762, 9.874358, 9.891601, 9.907768, 9.924372, 9.941088, 9.958227, 9.978613, 9.991225, 10.007766, 10.024479, 10.041170, 10.057658, 10.074409, 10.090966, 10.108290, 10.124663, 10.141718, 10.157972, 10.174705, 10.191354, 10.208123, 10.224772, 10.243424, 10.258808, 10.275038, 10.291590, 10.308172, 10.324927, 10.341634, 10.361880, 10.375031, 10.392174, 10.408312, 10.425033, 10.441643, 10.458315, 10.475012, 10.493867, 10.508363, 10.525052, 10.541736, 10.558452, 10.575095, 10.591889, 10.608590, 10.625209, 10.642044, 10.658542, 10.675191, 10.691876, 10.708479, 10.725716, 10.744004, 10.758634, 10.775266, 10.791950, 10.808693, 10.825315, 10.842050, 10.858755, 10.875891, 10.892099, 10.908697, 10.925401, 10.942022, 10.958735, 10.975391, 10.993810, 11.009474, 11.025690, 11.042307, 11.059720, 11.076244, 11.092684, 11.109903, 11.126087, 11.142793, 11.159459, 11.176106, 11.192762, 11.209462, 11.226094, 11.244893, 11.259428, 11.276119, 11.292765, 11.309514, 11.326823, 11.342997, 11.360302, 11.377374, 11.393060, 11.409695, 11.426479, 11.443023, 11.459703, 11.477929, 11.494969, 11.509736, 11.526421, 11.543068, 11.559722, 11.576746, 11.593237, 11.610215, 11.628447, 11.643309, 11.659906, 11.676469, 11.693200, 11.709877, 11.726476, 11.744903, 11.759917, 11.776547, 11.793193, 11.809945, 11.826710, 11.843246, 11.860457, 11.876656, 11.897206, 11.909977, 11.926690, 11.943301, 11.960067, 11.976850, 11.995827, 12.010694, 12.027034, 12.043769, 12.060496, 12.077565, 12.093861, 12.111058, 12.127187, 12.143876, 12.160520, 12.177160, 12.193726, 12.210379, 12.227021, 12.245798, 12.260600, 12.277293, 12.294079, 12.310719, 12.327480, 12.344047, 12.361256, 12.377339, 12.394187, 12.410788, 12.427409, 12.444100, 12.460800, 12.477434, 12.496300, 12.511129, 12.529230, 12.544238, 12.560878, 12.578261, 12.594121, 12.611330, 12.627304, 12.645506, 12.660674, 12.677289, 12.694075, 12.710700, 12.727913, 12.745844, 12.760806, 12.777555, 12.794225, 12.810835, 12.827567, 12.844797, 12.860775, 12.877351, 12.894045, 12.911032, 12.927320, 12.943864, 12.960540, 12.977253, 12.993901, 13.011842, 13.027309, 13.043989, 13.063178, 13.077619, 13.094059, 13.111081, 13.127399, 13.143986, 13.160698, 13.177397, 13.194043, 13.210901, 13.227356, 13.243800, 13.261812, 13.277051, 13.293786, 13.310451, 13.327163, 13.344300, 13.360497, 13.377095, 13.393854, 13.410527, 13.427804, 13.444129, 13.460742, 13.477370, 13.494077, 13.512961, 13.527450, 13.544099, 13.560935, 13.578053, 13.594242, 13.610959, 13.627512, 13.644197, 13.660915, 13.677506, 13.694218, 13.710928, 13.728093, 13.744503, 13.762820, 13.777679, 13.794991, 13.811319, 13.827892, 13.844507, 13.861105, 13.877810, 13.894424, 13.911051, 13.927717, 13.944386, 13.961030, 13.977680, 13.994372, 14.012731, 14.027786, 14.044667, 14.061351, 14.078569, 14.095400, 14.111671, 14.129156, 14.145819, 14.161847, 14.178478, 14.195150, 14.211822, 14.230095, 14.245324, 14.264077, 14.278716, 14.295479, 14.312027, 14.329758, 14.345989, 14.362133, 14.378774, 14.395500, 14.413784, 14.428997, 14.445579, 14.462291, 14.478918, 14.495631, 14.513909, 14.529006, 14.550268, 14.562254, 14.579579, 14.595684, 14.612305, 14.628970, 14.645623, 14.662313, 14.679571, 14.695793, 14.712369, 14.729104, 14.745722, 14.763911, 14.779215, 14.795790, 14.812635, 14.829654, 14.845806, 14.862503, 14.879678, 14.896068, 14.912595, 14.929201, 14.945859, 14.962500, 14.979215, 14.995834, 15.014425, 15.029398, 15.045970, 15.063193, 15.079939, 15.095990, 15.112630, 15.129287, 15.146006, 15.162672, 15.179319, 15.196002, 15.212679, 15.229320, 15.246035, 15.264831, 15.279455, 15.296062, 15.312920, 15.329868, 15.346617, 15.362887, 15.379424, 15.396751, 15.413428, 15.429672, 15.446281, 15.463403, 15.479697, 15.496332, 15.515019, 15.529812, 15.546376, 15.563495, 15.579808, 15.596313, 15.613034, 15.631048, 15.646231, 15.662850, 15.679521, 15.696243, 15.712851, 15.729539, 15.746235, 15.764774, 15.779680, 15.796294, 15.814454, 15.829632, 15.846247, 15.863027, 15.879629, 15.896276, 15.913017, 15.929592, 15.946315, 15.963117, 15.979863, 15.996510, 16.016741, 16.029959, 16.047061, 16.063188, 16.080482, 16.096728, 16.113284, 16.130038, 16.146657, 16.163358, 16.180017, 16.197109, 16.213431, 16.229840, 16.246488, 16.263263, 16.282311, 16.296730, 16.313209, 16.329884, 16.346600, 16.363303, 16.379889, 16.396595, 16.413253, 16.429903, 16.446524, 16.463222, 16.479879, 16.498408, 16.513528, 16.532192, 16.547245, 16.563742, 16.579964, 16.597012, 16.613348, 16.629810, 16.646492, 16.663128, 16.679815, 16.696483, 16.713169, 16.729840, 16.746506, 16.763208, 16.780083, 16.798732, 16.813437, 16.829892, 16.846496, 16.863194, 16.880474, 16.896697, 16.913791, 16.930144, 16.946654, 16.963411, 16.980081, 16.996673, 17.013462, 17.030098, 17.048740, 17.063542, 17.080157, 17.096810, 17.113490, 17.130125, 17.146825, 17.163501, 17.180207, 17.196839, 17.213540, 17.230245, 17.246916, 17.263606, 17.280401, 17.296934, 17.315674, 17.330299, 17.346924, 17.363654, 17.380309, 17.397026, 17.415200, 17.430332, 17.447038, 17.463761, 17.480335, 17.497067, 17.513826, 17.530414, 17.547688, 17.565620, 17.580463, 17.597049, 17.613676, 17.630281, 17.646986, 17.663656, 17.681863, 17.697044, 17.713725, 17.730413, 17.747040, 17.763822, 17.781135, 17.797687, 17.816091, 17.830608, 17.847156, 17.863851, 17.880497, 17.897166, 17.913796, 17.930515, 17.947694, 17.963925, 17.980491, 18.000765, 18.013272, 18.030572, 18.047675, 18.065631, 18.080973, 18.097653, 18.114292, 18.131031, 18.147652, 18.164353, 18.181031, 18.197741, 18.214355, 18.231056, 18.247771, 18.265014, 18.281221, 18.297608, 18.315610, 18.330891, 18.348104, 18.364419, 18.380942, 18.397617, 18.414247, 18.430952, 18.447612, 18.463740, 18.480402, 18.496889, 18.513600, 18.531336, 18.547553, 18.565595, 18.580953, 18.597551, 18.614226, 18.631410, 18.647710, 18.664340, 18.681039, 18.697725, 18.715005, 18.731276, 18.747906, 18.764657, 18.781343, 18.798042, 18.816670, 18.831277, 18.848001, 18.864640, 18.881423, 18.898218, 18.915047, 18.931794, 18.948414, 18.965089, 18.981884, 18.998480, 19.015183, 19.032846, 19.048635, 19.066641, 19.081912, 19.098574, 19.115284, 19.131894, 19.148612, 19.165270, 19.181972, 19.199182, 19.215513, 19.232092, 19.249577, 19.265945, 19.282580, 19.299015, 19.316734, 19.332179, 19.348879, 19.365531, 19.382742, 19.399053, 19.415610, 19.432228, 19.448898, 19.465579, 19.482233, 19.499035, 19.516106, 19.532192, 19.548899, 19.567570, 19.582317, 19.600398, 19.615625, 19.632296, 19.648973, 19.665618, 19.682330, 19.699039, 19.715678, 19.732439, 19.749046, 19.766206, 19.782451, 19.799066, 19.817528, 19.833935, 19.849123, 19.865750, 19.882509, 19.899122, 19.915780, 19.932472, 19.949138, 19.965812, 19.982584, 19.999240, 20.015970, 20.032529, 20.049235, 20.067519, 20.082706, 20.099313, 20.115966, 20.132657, 20.149437, 20.166093, 20.182774, 20.199973, 20.216599, 20.232962, 20.254051, 20.266609, 20.282913, 20.299608, 20.317577, 20.332928, 20.349520, 20.366195, 20.382837, 20.399550, 20.416198, 20.432693, 20.449430, 20.466001, 20.482752, 20.500311, 20.516509, 20.533269, 20.549640, 20.567478, 20.582929, 20.599614, 20.616237, 20.632960, 20.649576, 20.666289, 20.682995, 20.699628, 20.716363, 20.733031, 20.749651, 20.766427, 20.783070, 20.799655, 20.818541, 20.833099, 20.849763, 20.866434, 20.883144, 20.899810, 20.916482, 20.933182, 20.949965, 20.966693, 20.983721, 21.001349, 21.017110, 21.033688, 21.050392, 21.068617, 21.083770, 21.100495, 21.117027, 21.134288, 21.151218, 21.167367, 21.184186, 21.201106, 21.217662, 21.234299, 21.250844, 21.267566, 21.284222, 21.300918, 21.319577, 21.334237, 21.350922, 21.367498, 21.384222, 21.400853, 21.417546, 21.435786, 21.451450, 21.467622, 21.485241, 21.501085, 21.517643, 21.534277, 21.551019, 21.569628, 21.584374, 21.601039, 21.619854, 21.634441, 21.651004, 21.667720, 21.684427, 21.701015, 21.717664, 21.734911, 21.751081, 21.767823, 21.784538, 21.805158, 21.819481, 21.834662, 21.851271, 21.867910, 21.884643, 21.901240, 21.917905, 21.934582, 21.951292, 21.967941, 21.984711, 22.001325, 22.017965, 22.034633, 22.051314, 22.069450, 22.084769, 22.101976, 22.118198, 22.134744, 22.151410, 22.168057, 22.184686, 22.202122, 22.218304, 22.235289, 22.251750, 22.269067, 22.285529, 22.301740, 22.319646, 22.334970, 22.351674, 22.368287, 22.384985, 22.401731, 22.418351, 22.435065, 22.451697, 22.468855, 22.485449, 22.501667, 22.518350, 22.535071, 22.551701, 22.570569, 22.585102, 22.602263, 22.618561, 22.635151, 22.651859, 22.668485, 22.685247, 22.701991, 22.718627, 22.735577, 22.751838, 22.768497, 22.785195, 22.801886, 22.820505, 22.835705, 22.852635, 22.868891, 22.885439, 22.902105, 22.918784, 22.935477, 22.952126, 22.969378, 22.987024, 23.002287, 23.018975, 23.035474, 23.052053, 23.070477, 23.085202, 23.101970, 23.118710, 23.135419, 23.152108, 23.168813, 23.187628, 23.202649, 23.219293, 23.236007, 23.252703, 23.269398, 23.286016, 23.302702, 23.321924, 23.336189, 23.356206, 23.369311, 23.385838, 23.402583, 23.419155, 23.436009, 23.453174, 23.469320, 23.485995, 23.502591, 23.519282, 23.535894, 23.552547, 23.571294, 23.585940, 23.602477, 23.619176, 23.635815, 23.652424, 23.668983, 23.685730, 23.702414, 23.719013, 23.735710, 23.752358, 23.769081, 23.785731, 23.802429, 23.819090, 23.837380, 23.852495, 23.869163, 23.885796, 23.902607, 23.919289, 23.935863, 23.953125, 23.969239, 23.985920, 24.002566, 24.019261, 24.035927, 24.052602, 24.069318, 24.087388, 24.102646, 24.119330, 24.136002, 24.152662, 24.170057, 24.186212, 24.203347, 24.219760, 24.236155, 24.252959, 24.269706, 24.286420, 24.303170, 24.319894, 24.338427, 24.353199, 24.369911, 24.386639, 24.403284, 24.419959, 24.436749, 24.453812, 24.472061, 24.486752, 24.503389, 24.520005, 24.537153, 24.553481, 24.570619, 24.588659, 24.603625, 24.620361, 24.636975, 24.655245, 24.670323, 24.687077, 24.704176, 24.720449, 24.737524, 24.753800, 24.770312, 24.787011, 24.807443, 24.820270, 24.838280, 24.853613, 24.870172, 24.886911, 24.903771, 24.920470, 24.937496, 24.954039, 24.970209, 24.987057, 25.003632, 25.020381, 25.037002, 25.053666, 25.070361, 25.088383, 25.103764, 25.120476, 25.137633, 25.154030, 25.170535, 25.187617, 25.204396, 25.220462, 25.237209, 25.253882, 25.270529, 25.287169, 25.303855, 25.320575, 25.339416, 25.353816, 25.370528, 25.388091, 25.404175, 25.420835, 25.437336, 25.454457, 25.470737, 25.487425, 25.504118, 25.520798, 25.537625, 25.554234, 25.570852, 25.589480, 25.604100, 25.620730, 25.637452, 25.654076, 25.670907, 25.687465, 25.704150, 25.720791, 25.737507, 25.754185, 25.770891, 25.787512, 25.804223, 25.820867, 25.839865, 25.854432, 25.871424, 25.887770, 25.904361, 25.921119, 25.939278, 25.954444, 25.971113, 25.989250, 26.004756, 26.021240, 26.037866, 26.055112, 26.071437, 26.089551, 26.104705, 26.123434, 26.138333, 26.154881, 26.172173, 26.188744, 26.204948, 26.221638, 26.238248, 26.254984, 26.271620, 26.288207, 26.304888, 26.322461, 26.343631, 26.355145, 26.372268, 26.388529, 26.405220, 26.421865, 26.439002, 26.455650, 26.471935, 26.488557, 26.505252, 26.521926, 26.538579, 26.555200, 26.571851, 26.588539, 26.606504, 26.621757, 26.638581, 26.655123, 26.672385, 26.688770, 26.705681, 26.722006, 26.738591, 26.755205, 26.771951, 26.788560, 26.805184, 26.821944, 26.838619, 26.857412, 26.872010, 26.888666, 26.905479, 26.922606, 26.938853, 26.955315, 26.972052, 26.988686, 27.005381, 27.022080, 27.038752, 27.055480, 27.072148, 27.088836, 27.107503, 27.122222, 27.138827, 27.155504, 27.172709, 27.188827, 27.205536, 27.222155, 27.238845, 27.255489, 27.272846, 27.288859, 27.305610, 27.322257, 27.338954, 27.357376, 27.373829, 27.389295, 27.405769, 27.422824, 27.439053, 27.455712, 27.472313, 27.489046, 27.505741, 27.522432, 27.539597, 27.557400, 27.572579, 27.589247, 27.607469, 27.622538, 27.639317, 27.655907, 27.673104, 27.689257, 27.705913, 27.722600, 27.739299, 27.755935, 27.777053, 27.789411, 27.805982, 27.822692, 27.839384, 27.857429, 27.873283, 27.889691, 27.906726, 27.923119, 27.939636, 27.956165, 27.972996, 27.989583, 28.006237, 28.022941, 28.039611, 28.056304, 28.073005, 28.089651, 28.108391, 28.122969, 28.139681, 28.156419, 28.173553, 28.190358, 28.206727, 28.223007, 28.239621, 28.256422, 28.273024, 28.289606, 28.306400, 28.322999, 28.339729, 28.358328, 28.373055, 28.390043, 28.406407, 28.423083, 28.439761, 28.456433, 28.473604, 28.489945, 28.506495, 28.523213, 28.539765, 28.556524, 28.573096, 28.589813, 28.608330, 28.623168, 28.640359, 28.657033, 28.673082, 28.689809, 28.706474, 28.723310, 28.739929, 28.756746, 28.773348, 28.790086, 28.806754, 28.824956, 28.840193, 28.858240, 28.873715, 28.890787, 28.907162, 28.923829, 28.940517, 28.958677, 28.973890, 28.990661, 29.007218, 29.024025, 29.040662, 29.057348, 29.074034, 29.090623, 29.109227, 29.123856, 29.141057, 29.157425, 29.173861, 29.190553, 29.211186, 29.224005, 29.240680, 29.257412, 29.274123, 29.291524, 29.307959, 29.324629, 29.341284, 29.359314, 29.374741, 29.391864, 29.408002, 29.425325, 29.441567, 29.458275, 29.474823, 29.491686, 29.508746, 29.524965, 29.541564, 29.558202, 29.576768, 29.591678, 29.610326, 29.624967, 29.643614, 29.658206, 29.674997, 29.691746, 29.709012, 29.726534, 29.742164, 29.758768, 29.775217, 29.792042, 29.808703, 29.825490, 29.842041, 29.861004, 29.875559, 29.892618, 29.908759, 29.925362, 29.941952, 29.958698, 29.975398, 29.992195, 30.008639, 30.025501, 30.042687, 30.058888, 30.075801, 30.092160, 30.111335, 30.126699, 30.142458, 30.159103, 30.175786, 30.192126, 30.208932, 30.225511, 30.242359, 30.258798, 30.275562, 30.292620, 30.308948, 30.325578, 30.342500, 30.361241, 30.375935, 30.392891, 30.409246, 30.425941, 30.442657, 30.459387, 30.475960, 30.492618, 30.509348, 30.525877, 30.542722, 30.559237, 30.576397, 30.592690, 30.611186, 30.626470, 30.642718, 30.659444, 30.676075, 30.692740, 30.709510, 30.726005, 30.742713, 30.759215, 30.776017, 30.792765, 30.809327, 30.826030, 30.842775, 30.861159, 30.875890, 30.892537, 30.909247, 30.925912, 30.942501, 30.959269, 30.975944, 30.992633, 31.009288, 31.025903, 31.042655, 31.059402, 31.076473, 31.092947, 31.113095, 31.127728, 31.143282, 31.159951, 31.176751, 31.193279, 31.209980, 31.226632, 31.243439, 31.259940, 31.276734, 31.293245, 31.309907, 31.326661, 31.343043, 31.360074, 31.378202, 31.392831, 31.409550, 31.426199, 31.442879, 31.459719, 31.476251, 31.493012, 31.510293, 31.526657, 31.543390, 31.560079, 31.577582, 31.593629, 31.611590, 31.632269, 31.650609, 31.679306, 31.700290, 31.727031, 31.747772, 31.767733, 31.792812, 31.810994, 31.828687, 31.844899, 31.857090, 31.868459, 31.880796, 31.894305, 31.905864, 31.917628, 31.929365, 31.943668, 31.960386, 31.976937, 31.993672, 32.010248, 32.027514, 32.043811, 32.060336, 32.077470, 32.094108, 32.110431, 32.126845, 32.145206, 32.160203, 32.177443, 32.194326, 32.210355, 32.227018, 32.243671, 32.260970, 32.277086, 32.293797, 32.310472, 32.327186, 32.343751, 32.360780, 32.377650, 32.395325, 32.410996, 32.427292, 32.443846, 32.460610, 32.477133, 32.493756, 32.510432, 32.527040, 32.543751, 32.560475, 32.577648, 32.594327, 32.610740, 32.627054, 32.645085, 32.660996, 32.677157, 32.693839, 32.714937, 32.727705, 32.744504, 32.760821, 32.777328, 32.794233, 32.810799, 32.827935, 32.844560, 32.861000, 32.877980, 32.895485, 32.910817, 32.927493, 32.944042, 32.960817, 32.978004, 32.994435, 33.011075, 33.027864, 33.044420, 33.060944, 33.078364, 33.094265, 33.112438, 33.127598, 33.146692, 33.161215, 33.177666, 33.196368, 33.211212, 33.227726, 33.244477, 33.261137, 33.277783, 33.294577, 33.311191, 33.327997, 33.344560, 33.362164, 33.378059, 33.396277, 33.411323, 33.427978, 33.448559, 33.461510, 33.478044, 33.494689, 33.512321, 33.528358, 33.544880, 33.561483, 33.578834, 33.594840, 33.612054, 33.628316, 33.646294, 33.661455, 33.678294, 33.694860, 33.712089, 33.728312, 33.744904, 33.761519, 33.778260, 33.795008, 33.811593, 33.830252, 33.845257, 33.861555, 33.878325, 33.898169, 33.911976, 33.928654, 33.945378, 33.961938, 33.978666, 33.995336, 34.012703, 34.028882, 34.045552, 34.062741, 34.079586, 34.095549, 34.112241, 34.128930, 34.145638, 34.164181, 34.179002, 34.195528, 34.212340, 34.228947, 34.245618, 34.262275, 34.279077, 34.295592, 34.312399, 34.329360, 34.345547, 34.362129, 34.378875, 34.395484, 34.413981, 34.428573, 34.445216, 34.461824, 34.478648, 34.495225, 34.511808, 34.528683, 34.545258, 34.562454, 34.579238, 34.595132, 34.611807, 34.628470, 34.645205, 34.661860, 34.680032, 34.695386, 34.712057, 34.732765, 34.745561, 34.762120, 34.779056, 34.795671, 34.812782, 34.829472, 34.845765, 34.862267, 34.879020, 34.896271, 34.912641, 34.931092, 34.945832, 34.962499, 34.979208, 34.995727, 35.012592, 35.030663, 35.046449, 35.062518, 35.079602, 35.097360, 35.112529, 35.129039, 35.145843, 35.162274, 35.181010, 35.195462, 35.212518, 35.228973, 35.245745, 35.262575, 35.279592, 35.296667, 35.312847, 35.329559, 35.346355, 35.362915, 35.379630, 35.396422, 35.412938, 35.431035, 35.446491, 35.463019, 35.479691, 35.496310, 35.512987, 35.529617, 35.546464, 35.562899, 35.580295, 35.596484, 35.613223, 35.629705, 35.646864, 35.663218, 35.681167, 35.696518, 35.713273, 35.729929, 35.746851, 35.763464, 35.780135, 35.797208, 35.813776, 35.830041, 35.846667, 35.863446, 35.879991, 35.897297, 35.914362, 35.932285, 35.946811, 35.963567, 35.980254, 35.996889, 36.013629, 36.030277, 36.047041, 36.064220, 36.080483, 36.096939, 36.113619, 36.130194, 36.146963, 36.163489, 36.182015, 36.197055, 36.214203, 36.231039, 36.247192, 36.263789, 36.280441, 36.297466, 36.314639, 36.330314, 36.346870, 36.363442, 36.380096, 36.397592, 36.413554, 36.430148, 36.448118, 36.463316, 36.480010, 36.496610, 36.513417, 36.530064, 36.546604, 36.563444, 36.580022, 36.596556, 36.613212, 36.629750, 36.646294, 36.663013, 36.679629, 36.696328, 36.714955, 36.729734, 36.746349, 36.763142, 36.779807, 36.796851, 36.812953, 36.829653, 36.846260, 36.862882, 36.879580, 36.896599, 36.913436, 36.929725, 36.946246, 36.962943, 36.981177, 36.996298, 37.013043, 37.029714, 37.046811, 37.063045, 37.079740, 37.096358, 37.112977, 37.129634, 37.146355, 37.162958, 37.179665, 37.196344, 37.212992, 37.230953, 37.246414, 37.263117, 37.279796, 37.296925, 37.312945, 37.329635, 37.346278, 37.362988, 37.379669, 37.396381, 37.413068, 37.429914, 37.446639, 37.463343, 37.482022, 37.496678, 37.513544, 37.530147, 37.547771, 37.563631, 37.580284, 37.596866, 37.614095, 37.630308, 37.647462, 37.663700, 37.680246, 37.697478, 37.713714, 37.736639, 37.747277, 37.763498, 37.780673, 37.796866, 37.813560, 37.830211, 37.846814, 37.863543, 37.880061, 37.896754, 37.913238, 37.929953, 37.946649, 37.963323, 37.980001, 37.998015, 38.013507, 38.030230, 38.046931, 38.063487, 38.080342, 38.097056, 38.113728, 38.130414, 38.147063, 38.163727, 38.180489, 38.197153, 38.214466, 38.230765, 38.249667, 38.264242, 38.281151, 38.297464, 38.314653, 38.330996, 38.347616, 38.364903, 38.381187, 38.398392, 38.414919, 38.431390, 38.448227, 38.465134, 38.481844, 38.500124, 38.515949, 38.532023, 38.548681, 38.565333, 38.582094, 38.598625, 38.615873, 38.632187, 38.648841, 38.665363, 38.682103, 38.698742, 38.715501, 38.732258, 38.751023, 38.766158, 38.782289, 38.799021, 38.817164, 38.832249, 38.848782, 38.865438, 38.882012, 38.898653, 38.915320, 38.933056, 38.948724, 38.965430, 38.982219, 39.000852, 39.015802, 39.035970, 39.048653, 39.065940, 39.082296, 39.098648, 39.115925, 39.131974, 39.148552, 39.165341, 39.181927, 39.198665, 39.215368, 39.232024, 39.248675, 39.267972, 39.281965, 39.298687, 39.315412, 39.331985, 39.348696, 39.365384, 39.382093, 39.398782, 39.415354, 39.431959, 39.448666, 39.465762, 39.482081, 39.498639, 39.515323, 39.533959, 39.548450, 39.565132, 39.581815, 39.598478, 39.615196, 39.631786, 39.648507, 39.665645, 39.682023, 39.698565, 39.715385, 39.732208, 39.749515, 39.766174, 39.783951, 39.799224, 39.815897, 39.833050, 39.849360, 39.865903, 39.882511, 39.899141, 39.915984, 39.932556, 39.949184, 39.965964, 39.983151, 39.999400, 40.016424, 40.033962, 40.049349, 40.066048, 40.082653, 40.099332, 40.116019, 40.133223, 40.149558, 40.166064, 40.183266, 40.199542, 40.217699, 40.232981, 40.250439, 40.266478, 40.285014, 40.299514, 40.316157, 40.332817, 40.349449, 40.366033, 40.382721, 40.399400, 40.416102, 40.434345, 40.449416, 40.466186, 40.482837, 40.499530, 40.516214, 40.534844, 40.549441, 40.566137, 40.582908, 40.603490, 40.616176, 40.632798, 40.649522, 40.666129, 40.682889, 40.699619, 40.716285, 40.732903, 40.749580, 40.766312, 40.784826, 40.799639, 40.816246, 40.833047, 40.849646, 40.866320, 40.883038, 40.899695, 40.916571, 40.933242, 40.950237, 40.966881, 40.983843, 41.000378, 41.017539, 41.034982, 41.050370, 41.067049, 41.083721, 41.100320, 41.116746, 41.133935, 41.150300, 41.166879, 41.183434, 41.200283, 41.216902, 41.234049, 41.250280, 41.267136, 41.285868, 41.300573, 41.317298, 41.333866, 41.350647, 41.367396, 41.384155, 41.400950, 41.417458, 41.434194, 41.450929, 41.467441, 41.484608, 41.501047, 41.517298, 41.536862, 41.551173, 41.568049, 41.584316, 41.600836, 41.617453, 41.634188, 41.650871, 41.667522, 41.685778, 41.700987, 41.718116, 41.734744, 41.750907, 41.767515, 41.784195, 41.802777, 41.817551, 41.834190, 41.851350, 41.867741, 41.884338, 41.901098, 41.917696, 41.934507, 41.951625, 41.967849, 41.984526, 42.000926, 42.017609, 42.034634, 42.056047, 42.067626, 42.084164, 42.100907, 42.117474, 42.134151, 42.150875, 42.167472, 42.184852, 42.201136, 42.218363, 42.234714, 42.250944, 42.267568, 42.284362, 42.301035, 42.319793, 42.334550, 42.351289, 42.367990, 42.384634, 42.401353, 42.417952, 42.434709, 42.451475, 42.468163, 42.485267, 42.501406, 42.518084, 42.534658, 42.551365, 42.569784, 42.584664, 42.601256, 42.617811, 42.634493, 42.651635, 42.668012, 42.685230, 42.701495, 42.718532, 42.735178, 42.751393, 42.768061, 42.784714, 42.801440, 42.819917, 42.834717, 42.851400, 42.868148, 42.884699, 42.901371, 42.918058, 42.935329, 42.951642, 42.969818, 42.984878, 43.001579, 43.018307, 43.035486, 43.051779, 43.069919, 43.085061, 43.101737, 43.118366, 43.135069, 43.153282, 43.168377, 43.185088, 43.201914, 43.218367, 43.235131, 43.251829, 43.268409, 43.285095, 43.301768, 43.324336, 43.335697, 43.351682, 43.368337, 43.385553, 43.401830, 43.418417, 43.435071, 43.451745, 43.468388, 43.484993, 43.501639, 43.518259, 43.534854, 43.551442, 43.568127, 43.586820, 43.601488, 43.618236, 43.634869, 43.651543, 43.668157, 43.684883, 43.701469, 43.718096, 43.734711, 43.751494, 43.768162, 43.784964, 43.801718, 43.818982, 43.837356, 43.852051, 43.868633, 43.885262, 43.901962, 43.918712, 43.935417, 43.952454, 43.968945, 43.985275, 44.001917, 44.018493, 44.035105, 44.051671, 44.068176, 44.084850, 44.102692, 44.118206, 44.134876, 44.151644, 44.168814, 44.185227, 44.202387, 44.218493, 44.235644, 44.252047, 44.268573, 44.285257, 44.301985, 44.318667, 44.335924, 44.353980, 44.368840, 44.385454, 44.402316, 44.419061, 44.436292, 44.453175, 44.469255, 44.486121, 44.502777, 44.519484, 44.536131, 44.552824, 44.570213, 44.586457, 44.604859, 44.619562, 44.636060, 44.652772, 44.669765, 44.685992, 44.703054, 44.719205, 44.737335, 44.752949, 44.769099, 44.784879, 44.801533, 44.818049, 44.834727, 44.852019, 44.870812, 44.885513, 44.902217, 44.919294, 44.936018, 44.953278, 44.969536, 44.986237, 45.004380, 45.019575, 45.036286, 45.052939, 45.069592, 45.086277, 45.102813, 45.124738, 45.136700, 45.153074, 45.169791, 45.186327, 45.203489, 45.220241, 45.236500, 45.253036, 45.269682, 45.286389, 45.303103, 45.320271, 45.336636, 45.353191, 45.369855, 45.388111, 45.403164, 45.419959, 45.437121, 45.453239, 45.469938, 45.486606, 45.503288, 45.519957, 45.536484, 45.553205, 45.569964, 45.586617, 45.603190, 45.620400, 45.637868, 45.653260, 45.669925, 45.687108, 45.703226, 45.719955, 45.736474, 45.753118, 45.770205, 45.786440, 45.803574, 45.819914, 45.836528, 45.853881, 45.870017, 45.888874, 45.903473, 45.920204, 45.937000, 45.953517, 45.970233, 45.986903, 46.003637, 46.020274, 46.037114, 46.053787, 46.070608, 46.087093, 46.106906, 46.124658, 46.140696, 46.153549, 46.170245, 46.187364, 46.203660, 46.220438, 46.237277, 46.253946, 46.270600, 46.287214, 46.303974, 46.320585, 46.337230, 46.353903, 46.370636, 46.387466, 46.405639, 46.421537, 46.437708, 46.454356, 46.471035, 46.487732, 46.504368, 46.521055, 46.537718, 46.556457, 46.571255, 46.587992, 46.604556, 46.621333, 46.637927, 46.656746, 46.671789, 46.688004, 46.704589, 46.722894, 46.738032, 46.754672, 46.771361, 46.787964, 46.804605, 46.821307, 46.837993, 46.854672, 46.871354, 46.888009, 46.906602, 46.921587, 46.937568, 46.957754, 46.970840, 46.987538, 47.004221, 47.020879, 47.037582, 47.054219, 47.070950, 47.088184, 47.104428, 47.120979, 47.137718, 47.154370, 47.172650, 47.187679, 47.204426, 47.221100, 47.237791, 47.254429, 47.271170, 47.287822, 47.304591, 47.321144, 47.337858, 47.354548, 47.371062, 47.388085, 47.405081, 47.422716, 47.438383, 47.454415, 47.471087, 47.487835, 47.504925, 47.521224, 47.537877, 47.555064, 47.571289, 47.588512, 47.604727, 47.621474, 47.638081, 47.654796, 47.673726, 47.688165, 47.704868, 47.721456, 47.738211, 47.754837, 47.771532, 47.788163, 47.804817, 47.821978, 47.838322, 47.854747, 47.871484, 47.888088, 47.904900, 47.921462, 47.939624, 47.955386, 47.971543, 47.988161, 48.004748, 48.021428, 48.037997, 48.055218, 48.071517, 48.088111, 48.104826, 48.122064, 48.138390, 48.154945, 48.171593, 48.189651, 48.204952, 48.221608, 48.238353, 48.255040, 48.271659, 48.288372, 48.305016, 48.321751, 48.338944, 48.355148, 48.371727, 48.388477, 48.404923, 48.421555, 48.440114, 48.455217, 48.473369, 48.488791, 48.505497, 48.523151, 48.539417, 48.556599, 48.572852, 48.589287, 48.605970, 48.622605, 48.639681, 48.655941, 48.674039, 48.690731, 48.706071, 48.722695, 48.739402, 48.756044, 48.772741, 48.789453, 48.806069, 48.822782, 48.839522, 48.856266, 48.872882, 48.890174, 48.906296, 48.922938, 48.941602, 48.956203, 48.972849, 48.989534, 49.006225, 49.026321, 49.039497, 49.056180, 49.072917, 49.090170, 49.106507, 49.122940, 49.140121, 49.156965, 49.173062, 49.191721, 49.206320, 49.223112, 49.239763, 49.256929, 49.273194, 49.289718, 49.306344, 49.323015, 49.339751, 49.356426, 49.373644, 49.390306, 49.406407, 49.423148, 49.441558, 49.456498, 49.473065, 49.489791, 49.506459, 49.523177, 49.539813, 49.556477, 49.573125, 49.589910, 49.606647, 49.623249, 49.639938, 49.657458, 49.673531, 49.691629, 49.707410, 49.724053, 49.740269, 49.756900, 49.773487, 49.790187, 49.806900, 49.823584, 49.840310, 49.856913, 49.874021, 49.891841, 49.906873, 49.923486, 49.941531, 49.956815, 49.973566, 49.990198, 50.006837, 50.023513, 50.040261, 50.058445, 50.073586, 50.090365, 50.107119, 50.123730, 50.140739, 50.156969, 50.173644, 50.191524, 50.207295, 50.223668, 50.240355, 50.260989, 50.273801, 50.290497, 50.307163, 50.323862, 50.340593, 50.357371, 50.373975, 50.390767, 50.407323, 50.424063, 50.442539, 50.457368, 50.474107, 50.490826, 50.507587, 50.524309, 50.541038, 50.557717, 50.574796, 50.591118, 50.608253, 50.625006, 50.641258, 50.657819, 50.674469, 50.693088, 50.707990, 50.724487, 50.741095, 50.757713, 50.774939, 50.791177, 50.807786, 50.824504, 50.841094, 50.858126, 50.874411, 50.891563, 50.908746, 50.924647, 50.941201, 50.959788, 50.974642, 50.991227, 51.008754, 51.024852, 51.041319, 51.058033, 51.075090, 51.091345, 51.108467, 51.125047, 51.141235, 51.157919, 51.174591, 51.191248, 51.209594, 51.224548, 51.242709, 51.257949, 51.274624, 51.291288, 51.308040, 51.324754, 51.341513, 51.358440, 51.374826, 51.391432, 51.408081, 51.426236, 51.441417, 51.459477, 51.474823, 51.491479, 51.508105, 51.524824, 51.541498, 51.558120, 51.575147, 51.591648, 51.608294, 51.629025, 51.641677, 51.658244, 51.674921, 51.691626, 51.710436, 51.724947, 51.741592, 51.758310, 51.774991, 51.791643, 51.808317, 51.825038, 51.841834, 51.858883, 51.875092, 51.891754, 51.908406, 51.925080, 51.942305, 51.960585, 51.975213, 51.991902, 52.008682, 52.025294, 52.041959, 52.058721, 52.075671, 52.092117, 52.109369, 52.125393, 52.142111, 52.158718, 52.175386, 52.192090, 52.210438, 52.225426, 52.242688, 52.259032, 52.275634, 52.292251, 52.309028, 52.326217, 52.342488, 52.360253, 52.375780, 52.392478, 52.409139, 52.425779, 52.442488, 52.460556, 52.476257, 52.492582, 52.509234, 52.525881, 52.542430, 52.559191, 52.576434, 52.592526, 52.609720, 52.626397, 52.644435, 52.660067, 52.676373, 52.692945, 52.711585, 52.726164, 52.742799, 52.759385, 52.776032, 52.794409, 52.809476, 52.826154, 52.842846, 52.859457, 52.876002, 52.892678, 52.909275, 52.926032, 52.942674, 52.961383, 52.976067, 52.992864, 53.009665, 53.026894, 53.043203, 53.063731, 53.077031, 53.093696, 53.109891, 53.127021, 53.143332, 53.159967, 53.176512, 53.193207, 53.211505, 53.226948, 53.243215, 53.259802, 53.276488, 53.293271, 53.310539, 53.326802, 53.343166, 53.360148, 53.376305, 53.392819, 53.409516, 53.426252, 53.442867, 53.461459, 53.476282, 53.492901, 53.510562, 53.526497, 53.542979, 53.559768, 53.576707, 53.593503, 53.609714, 53.626335, 53.643015, 53.660248, 53.677029, 53.693185, 53.711551, 53.726387, 53.743051, 53.759706, 53.776403, 53.793095, 53.809830, 53.827457, 53.843213, 53.860296, 53.876565, 53.893224, 53.909942, 53.926951, 53.943611, 53.962555, 53.977073, 53.993783, 54.010387, 54.028770, 54.043822, 54.060470, 54.077817, 54.093779, 54.110435, 54.127093, 54.143895, 54.160441, 54.177158, 54.195467, 54.212389, 54.227297, 54.243997, 54.260619, 54.277412, 54.294074, 54.310690, 54.327907, 54.344078, 54.360739, 54.380870, 54.394145, 54.410728, 54.427422, 54.444138, 54.462388, 54.477469, 54.494193, 54.510883, 54.527584, 54.544294, 54.560905, 54.578824, 54.595277, 54.611744, 54.627788, 54.644520, 54.661029, 54.677733, 54.694441, 54.712495, 54.728242, 54.745056, 54.761191, 54.777935, 54.795112, 54.811207, 54.828850, 54.844732, 54.861262, 54.878512, 54.894768, 54.911311, 54.927999, 54.944685, 54.962560, 54.978032, 54.994688, 55.011265, 55.028109, 55.044680, 55.061500, 55.078424, 55.094585, 55.111269, 55.127963, 55.144662, 55.161344, 55.178034, 55.194702, 55.213376, 55.228086, 55.244782, 55.262062, 55.278465, 55.296471, 55.311848, 55.328287, 55.344948, 55.361609, 55.378248, 55.394991, 55.412141, 55.429945, 55.445105, 55.463479, 55.478414, 55.495003, 55.511729, 55.528420, 55.545126, 55.562303, 55.578636, 55.595093, 55.611846, 55.628418, 55.645591, 55.662378, 55.678592, 55.695180, 55.713503, 55.732490, 55.745176, 55.761902, 55.778653, 55.795199, 55.812387, 55.828505, 55.845191, 55.861866, 55.878474, 55.895201, 55.911854, 55.928556, 55.945233, 55.963339, 55.978609, 55.995220, 56.011944, 56.028696, 56.045841, 56.061943, 56.078625, 56.095240, 56.111920, 56.128514, 56.145172, 56.161928, 56.179083, 56.195368, 56.213439, 56.228635, 56.245367, 56.262104, 56.278903, 56.295954, 56.312117, 56.328770, 56.345435, 56.362154, 56.378747, 56.395440, 56.412065, 56.428775, 56.445578, 56.464335, 56.479052, 56.495755, 56.512558, 56.529247, 56.546376, 56.564041, 56.579807, 56.596022, 56.612641, 56.629304, 56.645979, 56.662668, 56.679354, 56.697526, 56.714355, 56.729388, 56.746201, 56.763327, 56.779624, 56.796616, 56.812768, 56.829393, 56.847101, 56.862940, 56.879542, 56.896207, 56.912865, 56.929592, 56.946246, 56.964968, 56.983459, 56.996332, 57.012980, 57.030147, 57.046310, 57.062965, 57.079670, 57.096920, 57.113107, 57.129718, 57.146383, 57.163034, 57.179692, 57.196316, 57.215376, 57.229752, 57.246434, 57.263659, 57.279964, 57.296932, 57.313113, 57.329783, 57.346489, 57.363151, 57.379787, 57.396478, 57.413182, 57.429837, 57.446524, 57.465299, 57.480368, 57.496752, 57.513336, 57.530508, 57.546603, 57.563221, 57.579963, 57.596638, 57.613309, 57.629936, 57.646622, 57.663300, 57.679926, 57.697192, 57.715522, 57.730039, 57.746772, 57.763533, 57.780159, 57.796862, 57.815089, 57.830339, 57.846952, 57.863676, 57.880334, 57.897076, 57.913732, 57.930332, 57.948574, 57.965346, 57.980435, 57.997270, 58.014842, 58.030670, 58.047247, 58.063867, 58.080646, 58.097252, 58.113900, 58.131155, 58.147417, 58.164036, 58.180626, 58.197224, 58.215352, 58.234444, 58.249023, 58.264325, 58.280422, 58.297126, 58.313775, 58.330490, 58.347215, 58.363791, 58.380469, 58.397197, 58.413825, 58.430505, 58.447186, 58.465298, 58.481079, 58.497533, 58.514540, 58.530657, 58.547301, 58.564444, 58.580820, 58.597288, 58.613915, 58.630649, 58.647324, 58.663937, 58.680674, 58.697336, 58.715337, 58.730635, 58.747348, 58.764167, 58.781157, 58.797283, 58.813994, 58.830621, 58.847293, 58.863977, 58.880676, 58.897337, 58.914001, 58.930667, 58.947334, 58.966223, 58.980777, 58.997504, 59.014211, 59.030781, 59.047441, 59.064135, 59.080794, 59.097469, 59.114154, 59.130768, 
12, 34, 2, 1.486914, 1.560219, 1.673985, 1.798547, 1.938611, 1.977029, 2.003384, 2.016611, 2.020818, 2.000691, 1.939302, 1.895890, 1.825261, 1.698898, 1.535115, 1.339558, 1.078530, 0.815879, 0.553922, 0.238592, 0.059743, 0.375383, 0.740897, 1.108310, 1.473729, 1.841436, 2.228835, 2.637662, 3.000943, 3.399980, 3.793664, 4.178718, 4.499956, 4.775501, 5.007572, 5.178573, 5.324320, 5.412013, 5.406037, 5.357884, 5.241978, 5.115448, 4.963892, 4.844022, 4.683787, 4.556632, 4.463805, 4.415851, 4.414186, 4.428099, 4.474670, 4.516220, 4.576192, 4.624617, 4.689061, 4.727763, 4.761084, 4.779465, 4.772357, 4.771214, 4.677935, 4.625518, 4.538951, 4.377801, 4.211337, 4.021295, 3.742053, 3.623711, 3.381407, 3.111962, 2.855575, 2.597624, 2.326053, 2.047520, 1.773603, 1.502371, 1.230868, 0.957256, 0.698975, 0.454910, 0.213631, 0.008297, 0.175649, 0.341718, 0.482691, 0.739913, 0.712057, 0.774421, 0.838227, 0.884093, 0.917723, 0.914918, 0.903638, 0.879835, 0.840342, 0.778440, 0.724511, 0.654690, 0.654966, 0.525133, 0.495181, 0.348676, 0.240319, 0.102223, 0.052118, 0.188405, 0.340872, 0.514693, 0.683201, 0.830420, 1.008174, 1.141611, 1.269181, 1.415389, 1.489565, 1.590059, 1.689776, 1.675446, 1.674286, 1.724784, 1.597095, 1.491545, 1.487461, 1.265390, 1.103976, 0.962274, 0.804375, 0.653412, 0.494499, 0.337285, 0.187244, 0.038189, 0.085357, 0.215783, 0.333700, 0.444298, 0.516921, 0.621602, 0.703178, 0.770681, 0.826964, 0.870061, 0.889154, 0.883824, 0.872960, 0.840145, 0.797342, 0.742127, 0.686275, 0.623074, 0.568883, 0.535234, 0.496274, 0.463738, 0.436183, 0.412501, 0.387182, 0.371506, 0.364572, 0.348873, 0.330907, 0.314116, 0.305737, 0.329062, 0.342235, 0.358847, 0.366530, 0.387324, 0.408624, 0.436745, 0.477157, 0.529204, 0.593856, 0.688952, 0.793328, 0.901641, 1.022257, 1.156694, 1.284109, 1.411854, 1.542482, 1.664280, 1.757006, 1.851302, 1.938462, 2.008727, 2.059399, 2.115255, 2.167742, 2.198310, 2.205952, 2.190626, 2.185998, 2.150446, 2.112961, 2.089901, 2.020758, 1.943515, 1.888716, 1.821591, 1.766512, 1.726779, 1.643467, 1.609770, 1.577032, 1.544513, 1.472829, 1.375626, 1.263460, 1.153448, 1.041061, 0.928651, 0.817375, 0.707441, 0.597851, 0.489847, 0.382109, 0.238439, 0.095475, 0.051785, 0.195087, 0.323558, 0.426507, 0.530191, 0.630607, 0.731021, 0.829147, 0.926112, 1.021772, 1.117014, 1.151536, 1.171375, 1.207490, 1.212580, 1.188575, 1.144194, 1.177987, 1.178700, 1.160726, 1.222909, 1.235954, 1.215926, 1.287789, 1.258445, 1.268595, 1.332494, 1.273183, 1.283326, 1.341842, 1.278326, 1.272822, 1.274580, 1.288790, 1.332600, 1.366270, 1.405666, 1.457828, 1.572137, 1.652016, 1.740834, 1.832713, 1.940485, 2.061435, 2.161554, 2.272745, 2.386642, 2.502970, 2.620949, 2.741911, 2.797400, 2.864141, 2.889203, 2.911197, 2.912555, 2.928302, 2.937095, 2.932394, 2.935557, 2.938608, 2.923208, 2.863875, 2.800852, 2.703458, 2.591333, 2.459110, 2.323373, 2.110670, 2.020474, 1.865445, 1.709444, 1.562103, 1.402802, 1.235046, 1.064365, 0.898438, 0.743382, 0.588471, 0.446531, 0.295373, 0.155301, 0.015507, 0.109516, 0.252113, 0.377195, 0.486781, 0.605372, 0.730244, 0.835911, 0.938397, 1.045629, 1.146727, 1.242257, 1.330921, 1.481777, 1.458924, 1.487686, 1.491169, 1.463152, 1.413168, 1.358816, 1.279161, 1.143232, 1.030347, 0.932895, 0.813021, 0.723559, 0.626861, 0.534140, 0.460871, 0.319807, 0.242228, 0.145451, 0.001667, 0.107856, 0.226770, 0.383050, 0.526482, 0.704139, 0.885586, 1.079422, 1.254597, 1.403251, 1.542603, 1.653284, 1.791419, 1.875099, 1.929820, 2.040956, 2.059802, 2.092701, 2.130966, 2.137839, 2.125504, 2.075919, 1.992204, 1.901273, 1.768904, 1.615382, 1.435480, 1.228203, 1.044280, 0.743531, 0.483260, 0.204070, 0.098437, 0.393567, 0.708305, 1.017778, 1.308398, 1.574830, 1.823519, 2.043600, 2.226981, 2.376782, 2.484411, 2.559687, 2.583338, 2.574313, 2.536816, 2.473924, 2.363657, 2.231940, 2.067063, 1.888295, 1.706097, 1.474867, 1.235938, 0.996310, 0.755832, 0.515433, 0.237560, 0.064183, 0.358003, 0.615535, 0.857195, 1.103717, 1.351846, 1.600938, 1.844094, 2.035963, 2.197931, 2.342313, 2.467422, 2.575871, 2.672737, 2.747017, 2.805559, 2.870925, 2.918507, 2.945198, 2.967258, 2.971541, 2.947481, 2.914069, 2.853299, 2.773422, 2.667537, 2.541625, 2.400014, 2.233923, 2.042943, 1.863762, 1.633307, 1.397234, 1.160509, 0.931010, 0.711886, 0.503292, 0.314973, 0.135922, 0.022574, 0.250116, 0.247273, 0.449815, 0.389317, 0.420306, 0.403000, 0.345332, 0.258385, 0.140492, 0.000458, 0.162899, 0.387195, 0.612669, 0.846145, 1.109264, 1.393997, 1.650520, 1.930066, 2.214901, 2.501125, 2.786238, 3.084073, 3.418612, 3.730732, 4.088883, 4.454026, 4.799882, 5.166854, 5.483084, 5.817034, 6.233519, 6.587040, 7.004229, 7.387173, 7.734278, 8.159231, 8.554716, 8.943782, 9.328312, 9.711875, 10.051925, 10.384753, 10.674276, 10.964804, 11.281570, 11.576175, 11.867229, 12.144651, 12.380291, 12.589708, 12.775161, 12.908051, 13.017949, 13.060002, 13.068086, 13.034594, 12.970469, 12.883344, 12.789514, 12.671117, 12.528721, 12.355728, 12.147602, 11.900440, 11.650477, 11.356920, 11.037223, 10.699399, 10.329101, 9.951035, 9.546968, 9.137220, 8.741015, 8.280932, 7.813900, 7.366301, 6.913345, 6.479634, 6.047940, 5.650683, 5.281052, 4.948876, 4.629932, 4.343002, 4.095724, 3.825604, 3.589937, 3.362650, 3.161213, 2.980412, 2.806194, 2.631307, 2.465628, 2.312123, 2.147767, 1.985431, 1.717751, 1.594886, 1.378865, 1.180016, 0.985376, 0.794007, 0.607338, 0.431500, 0.266212, 0.119630, 0.006332, 0.228647, 0.193128, 0.240103, 0.270300, 0.276484, 0.283717, 0.275226, 0.219765, 0.166952, 0.093489, 0.002893, 0.081070, 0.196348, 0.309632, 0.451625, 0.530988, 0.696755, 0.815821, 0.915024, 0.983829, 1.028093, 1.030858, 1.005567, 0.932988, 0.832126, 0.689385, 0.533225, 0.365409, 0.187128, 0.036392, 0.196143, 0.160628, 0.191088, 0.179402, 0.146176, 0.145002, 0.022182, 0.071512, 0.133553, 0.279970, 0.363961, 0.376662, 0.449238, 0.513859, 0.584303, 0.636586, 0.678602, 0.697569, 0.701116, 0.686114, 0.645719, 0.567765, 0.460186, 0.311036, 0.145685, 0.061330, 0.290545, 0.549882, 0.826775, 1.124243, 1.428138, 1.736951, 2.044978, 2.319144, 2.549443, 2.801939, 3.008458, 3.162708, 3.278370, 3.362591, 3.415961, 3.436953, 3.412704, 3.342236, 3.225685, 3.141111, 2.970686, 2.828048, 2.690312, 2.547294, 2.393308, 2.221097, 2.049806, 1.908760, 1.717075, 1.551724, 1.382063, 1.212980, 1.026554, 0.872626, 0.737952, 0.620081, 0.532655, 0.466353, 0.428358, 0.406362, 0.413627, 0.424725, 0.442278, 0.471160, 0.501736, 0.536589, 0.587314, 0.646551, 0.718593, 0.896381, 0.884017, 0.967632, 1.073389, 1.161117, 1.276882, 1.386886, 1.521361, 1.658354, 1.789806, 1.953406, 2.102196, 2.245820, 2.392548, 2.491090, 2.638327, 2.615925, 2.629748, 2.619310, 2.674197, 2.635571, 2.568319, 2.443328, 2.278573, 2.164030, 2.018219, 1.872707, 1.747026, 1.563312, 1.465241, 1.351482, 1.264126, 1.210393, 1.219569, 1.182461, 1.325093, 1.424748, 1.542643, 1.676401, 1.820913, 1.939661, 2.050730, 2.162703, 2.248340, 2.331984, 2.396667, 2.437368, 2.513911, 2.565246, 2.618019, 2.639464, 2.626256, 2.612756, 2.584626, 2.560261, 2.514835, 2.450567, 2.387973, 2.262605, 2.091548, 1.953984, 1.790262, 1.613346, 1.430210, 1.248239, 1.064438, 0.878423, 0.691969, 0.530736, 0.347249, 0.165745, 0.002243, 0.142958, 0.289603, 0.432371, 0.570440, 0.748611, 0.932680, 1.080522, 1.224414, 1.367693, 1.479902, 1.580457, 1.640028, 1.684079, 1.674562, 1.650802, 1.592626, 1.513056, 1.424544, 1.216951, 1.210949, 1.083548, 0.961280, 0.848106, 0.724507, 0.611872, 0.497081, 0.404253, 0.293330, 0.172153, 0.035752, 0.095396, 0.241607, 0.391515, 0.540726, 0.699285, 0.876190, 1.038905, 1.188868, 1.323456, 1.442203, 1.530180, 1.603564, 1.644804, 1.653443, 1.665623, 1.655851, 1.640183, 1.636337, 1.617854, 1.589272, 1.572535, 1.538456, 1.503923, 1.454170, 1.385454, 1.296657, 1.199020, 1.071855, 0.954378, 0.817416, 0.680476, 0.553394, 0.434637, 0.317867, 0.186010, 0.124913, 0.042161, 0.150361, 0.270144, 0.385209, 0.514752, 0.635845, 0.739847, 0.841428, 0.923986, 1.001916, 1.056454, 1.090878, 1.044670, 1.126673, 1.028593, 1.106833, 1.080528, 1.064404, 1.047739, 1.016989, 0.909734, 0.999077, 0.980805, 0.847283, 0.929300, 0.911574, 0.784278, 0.864944, 0.837422, 0.674474, 0.735464, 0.569398, 0.496163, 0.525958, 0.263540, 0.097712, 0.028582, 0.338489, 0.605233, 0.894019, 1.201620, 1.523078, 1.843231, 2.212675, 2.550384, 2.873855, 3.162867, 3.417695, 3.617343, 3.777470, 3.903790, 4.031643, 4.180957, 4.412335, 4.690137, 5.044704, 5.445641, 5.906896, 6.471624, 7.114386, 7.813973, 8.550626, 9.274598, 9.977542, 10.649221, 11.277560, 11.862754, 12.428978, 12.938232, 13.413874, 13.827288, 14.173374, 14.604747, 14.784832, 14.892779, 14.925121, 14.873770, 14.769296, 14.599090, 14.321910, 14.052929, 13.772544, 13.444236, 13.101077, 12.756955, 12.447195, 12.151326, 11.868061, 11.623068, 11.384394, 11.168603, 10.977349, 10.818340, 10.653192, 10.483355, 10.307172, 10.119052, 9.926689, 9.714527, 9.489871, 9.264471, 8.978838, 8.667020, 8.327615, 7.963781, 7.353895, 7.186109, 6.769920, 6.324077, 5.615038, 5.353680, 4.856056, 4.347112, 3.830242, 3.310323, 2.810355, 2.326227, 1.833887, 1.384353, 0.952999, 0.326897, 0.170853, 0.179083, 0.487445, 0.758521, 1.007597, 1.238454, 1.445529, 1.642542, 1.879858, 2.070077, 2.165234, 2.123185, 2.286741, 2.207650, 2.332120, 2.231827, 2.199276, 2.178235, 2.172432, 2.143062, 2.218898, 2.105373, 2.084602, 2.149481, 2.120964, 2.089340, 2.063356, 2.029709, 1.998931, 1.946945, 1.883692, 1.812843, 1.727872, 1.651162, 1.576362, 1.487336, 1.405588, 1.310674, 1.224797, 1.149322, 1.090040, 1.040888, 0.989633, 0.947539, 0.914502, 0.888606, 0.837448, 0.803761, 0.755178, 0.707334, 0.665549, 0.604391, 0.536389, 0.481031, 0.432276, 0.380436, 0.357569, 0.320842, 0.304494, 0.296524, 0.305223, 0.337099, 0.371344, 0.412892, 0.491032, 0.582881, 0.682549, 0.787054, 0.894689, 1.022573, 1.152227, 1.271070, 1.400694, 1.510399, 1.615890, 1.718027, 1.799142, 1.848700, 1.889291, 1.901186, 2.020643, 2.013490, 1.981961, 1.901222, 1.751344, 1.598137, 1.390128, 1.089889, 0.734148, 0.324542, 0.216169, 0.615342, 1.132732, 1.720471, 2.324901, 2.943791, 3.577308, 4.198262, 4.821576, 5.407725, 6.104627, 6.491604, 6.961937, 7.380831, 7.740030, 8.006951, 8.218178, 8.384628, 8.459741, 8.452239, 8.370454, 8.234888, 8.043810, 7.796091, 7.356559, 7.215715, 6.891191, 6.552560, 6.228642, 5.760753, 5.488139, 5.392111, 5.038552, 4.986697, 4.847420, 4.653376, 4.685179, 4.615624, 4.568577, 4.637480, 4.559219, 4.568722, 4.645215, 4.564808, 4.547855, 4.496049, 4.429735, 4.347151, 4.223669, 4.057965, 3.875340, 3.676984, 3.435939, 3.198598, 2.936921, 2.672072, 2.397951, 2.113338, 1.813487, 1.507215, 1.179484, 0.862961, 0.533960, 0.200296, 0.131070, 0.451587, 0.768974, 1.079330, 1.379296, 1.662180, 1.929354, 2.169883, 2.374842, 2.550932, 2.715528, 2.845484, 2.944313, 3.005943, 3.032957, 3.017068, 2.968453, 2.891324, 2.792365, 2.671642, 2.516772, 2.402386, 2.233577, 2.079913, 1.964266, 1.823052, 1.648351, 1.495067, 1.388726, 1.291235, 1.211402, 1.153686, 1.127670, 1.145504, 1.205707, 1.301742, 1.442749, 1.603440, 1.778952, 1.982583, 2.201410, 2.413065, 2.611901, 2.795920, 2.973302, 3.133765, 3.282842, 3.413208, 3.535913, 3.632914, 3.702698, 3.741875, 3.758321, 3.722104, 3.660942, 3.537179, 3.334865, 3.133235, 2.887530, 2.577679, 2.241534, 1.880672, 1.504681, 1.142356, 0.794326, 0.397847, 0.141700, 0.163138, 0.377977, 0.591521, 0.784126, 0.940783, 1.089585, 1.184933, 1.262255, 1.324986, 1.377164, 1.404063, 1.420575, 1.407012, 1.387318, 1.354207, 1.311647, 1.251744, 1.168083, 0.992779, 0.880131, 0.867066, 0.754855, 0.526493, 0.497115, 0.367345, 0.127911, 0.049951, 0.102437, 0.210964, 0.224802, 0.438374, 0.556530, 0.582389, 0.803167, 0.933869, 1.046066, 1.168488, 1.281766, 1.389090, 1.496122, 1.587301, 1.675847, 1.747940, 1.802579, 1.858758, 1.888050, 1.904832, 1.903949, 1.890634, 1.874955, 1.852734, 1.817946, 1.760826, 1.712693, 1.665504, 1.629210, 1.586330, 1.543483, 1.498610, 1.439862, 1.375685, 1.313159, 1.230295, 1.160460, 1.104902, 1.026324, 0.947229, 0.868593, 0.754920, 0.657060, 0.565536, 0.460791, 0.363410, 0.269157, 0.172615, 0.076089, 0.027736, 0.066709, 0.212850, 0.339302, 0.438521, 0.525397, 0.595397, 0.637613, 0.668620, 0.682336, 0.652148, 0.647690, 0.551356, 0.424460, 0.243484, 0.022166, 0.239735, 0.544927, 0.972066, 1.254666, 1.641721, 2.039584, 2.474113, 2.895755, 3.323423, 3.767112, 4.233678, 4.711925, 5.206596, 5.694488, 6.165194, 6.623858, 7.088172, 7.614485, 7.959647, 8.381307, 8.760237, 9.106729, 9.401378, 9.640013, 9.822191, 9.996832, 10.058731, 10.131981, 10.123565, 10.058415, 9.926335, 9.736198, 9.318643, 9.161667, 8.601559, 8.387281, 7.920518, 7.189594, 6.682212, 6.372330, 5.572993, 5.270960, 4.722211, 3.948484, 3.640739, 2.924827, 2.329757, 1.809791, 1.329381, 0.885177, 0.654114, 0.077219, 0.289841, 0.626005, 0.939740, 1.228051, 1.503359, 1.757815, 1.992751, 2.206012, 2.394487, 2.569747, 2.700014, 2.817345, 2.924004, 3.016209, 3.085087, 3.141289, 3.170530, 3.191676, 3.226095, 3.253626, 3.265577, 3.266621, 3.254592, 3.233653, 3.225315, 3.225013, 3.260299, 3.296647, 3.342482, 3.401966, 3.476178, 3.563755, 3.665132, 3.771062, 3.896228, 4.006343, 4.114124, 4.223410, 4.333432, 4.444133, 4.556622, 4.668591, 4.770100, 4.790968, 4.776939, 4.724699, 4.626106, 4.468760, 4.271553, 4.043231, 3.780006, 3.480829, 3.150698, 2.823360, 2.475423, 2.129592, 1.793427, 1.487336, 1.172020, 0.905512, 0.659780, 0.444185, 0.259405, 0.096129, 0.049400, 0.157548, 0.235439, 0.288944, 0.326668, 0.335402, 0.323232, 0.244448, 0.179451, 0.093588, 0.000901, 0.130378, 0.250526, 0.368505, 0.508161, 0.647373, 0.791467, 0.961599, 1.183836, 1.387176, 1.622650, 1.852315, 2.010564, 2.204968, 2.373363, 2.524947, 2.683904, 2.836924, 2.872106, 2.944013, 2.946896, 2.859955, 2.848043, 2.855419, 2.708852, 2.716629, 2.562156, 2.494340, 2.495998, 2.354297, 2.310919, 2.317978, 2.188634, 2.133784, 2.106209, 2.034995, 2.005041, 1.973408, 1.933194, 1.889891, 1.864042, 1.814207, 1.813239, 1.795549, 1.758414, 1.733426, 1.711941, 1.696952, 1.682531, 1.642347, 1.641273, 1.606224, 1.548161, 1.489561, 1.440841, 1.387551, 1.312949, 1.224093, 1.126167, 1.038127, 0.957820, 0.867179, 0.753135, 0.637041, 0.523407, 0.412466, 0.309275, 0.196543, 0.106144, 0.024692, 0.038304, 0.093612, 0.138680, 0.149879, 0.156384, 0.160361, 0.139499, 0.115298, 0.072671, 0.003376, 0.070521, 0.161114, 0.273618, 0.391534, 0.553789, 0.759893, 0.932415, 1.078740, 1.283305, 1.443664, 1.619089, 1.787318, 1.937739, 2.076125, 2.195368, 2.304823, 2.408926, 2.462864, 2.493090, 2.497867, 2.475611, 2.442626, 2.276403, 2.303898, 2.206369, 2.084527, 1.995311, 1.905822, 1.823471, 1.654560, 1.663305, 1.595216, 1.528966, 1.470065, 1.423890, 1.390481, 1.357559, 1.231367, 1.314833, 1.310032, 1.328131, 1.332556, 1.332733, 1.338885, 1.335917, 1.283128, 1.201892, 1.097560, 0.953796, 0.793198, 0.608707, 0.315523, 0.009224, 0.040036, 0.269099, 0.496812, 0.894461, 0.945070, 1.156890, 1.515183, 1.691919, 1.682013, 1.939942, 2.028280, 1.967164, 2.106153, 2.107679, 2.108007, 2.077209, 2.023381, 1.959691, 1.869779, 1.726939, 1.573223, 1.395424, 1.209783, 1.024395, 0.834166, 0.630416, 0.436595, 0.241053, 0.059306, 0.122289, 0.318922, 0.523521, 0.733365, 0.961831, 1.190941, 1.472465, 1.736313, 2.014203, 2.298889, 2.579905, 2.863023, 3.138824, 3.385000, 3.630573, 3.863902, 4.082187, 4.270952, 4.458353, 4.632298, 4.786953, 4.954029, 5.112111, 5.297177, 5.493520, 5.680943, 5.863461, 6.078348, 6.292202, 6.506175, 6.723729, 6.947740, 7.215090, 7.416456, 7.640351, 7.882387, 8.120780, 8.364085, 8.609938, 8.863985, 9.114669, 9.405384, 9.663823, 9.937663, 10.211376, 10.477789, 10.767361, 11.048310, 11.332317, 11.619250, 11.908172, 12.195010, 12.483451, 12.778412, 13.067535, 13.353486, 13.632698, 13.934924, 14.253477, 14.467326, 14.691761, 14.983437, 15.267698, 15.544948, 15.836702, 16.131902, 16.420665, 16.706295, 16.988210, 17.211501, 17.381754, 17.513161, 17.539281, 17.480182, 17.140584, 17.041099, 16.357318, 16.106898, 15.465455, 14.743162, 13.965322, 13.160327, 12.354348, 11.565123, 10.421313, 9.666725, 9.303192, 8.323883, 7.735297, 7.215787, 6.748798, 6.336397, 6.001711, 5.717239, 5.477446, 5.290974, 5.163241, 5.054903, 4.976190, 4.928011, 4.869995, 4.793398, 4.698675, 4.575415, 4.434398, 4.237956, 4.020878, 3.795737, 3.552241, 3.340502, 3.068072, 2.817851, 2.593121, 2.358411, 2.130270, 1.919665, 1.712737, 1.518634, 1.361588, 1.176514, 1.029698, 0.920017, 0.819945, 0.729139, 0.672818, 0.635242, 0.612354, 0.603423, 0.610967, 0.636312, 0.660279, 0.698565, 0.735066, 0.765510, 0.827659, 0.913808, 0.941685, 0.996360, 1.019554, 1.034373, 1.046506, 1.044176, 1.009945, 0.955806, 0.869173, 0.779421, 0.689255, 0.590317, 0.465074, 0.346570, 0.229109, 0.026721, 0.058921, 0.014682, 0.007622, 0.006510, 0.026998, 0.088579, 0.137886, 0.206505, 0.290325, 0.382916, 0.473276, 0.545669, 0.616979, 0.669973, 0.679582, 0.776908, 0.811832, 0.830720, 0.838994, 0.845989, 0.849791, 0.838548, 0.647264, 0.703132, 0.743393, 0.704308, 0.656791, 0.667363, 0.562935, 0.342501, 0.249142, 0.029634, 0.219834, 0.511769, 0.964551, 1.343602, 1.628312, 2.144598, 2.565646, 2.983672, 3.373311, 3.767081, 4.134358, 4.505883, 4.849257, 5.196852, 5.511743, 5.813579, 6.118983, 6.393387, 6.667297, 7.004705, 7.231941, 7.518159, 7.761807, 7.951704, 8.124139, 8.268803, 8.384085, 8.463446, 8.515029, 8.515853, 8.464008, 8.351147, 8.189513, 7.960251, 7.673118, 7.326315, 6.919629, 6.462388, 5.966489, 5.413712, 4.812597, 4.179878, 3.542759, 2.881017, 2.221090, 1.567270, 0.935056, 0.309951, 0.300570, 0.849716, 1.353952, 1.821186, 2.230135, 2.580754, 2.874458, 3.114845, 3.309202, 3.458399, 3.572183, 3.652801, 3.654858, 3.671277, 3.640326, 3.570835, 3.470325, 3.357028, 3.213850, 3.029305, 2.736424, 2.499973, 2.229620, 1.959792, 1.686146, 1.391106, 1.067758, 0.725608, 0.372834, 0.027141, 0.308557, 0.651305, 0.989615, 1.304864, 1.600739, 1.933714, 2.233194, 2.531804, 2.817485, 3.026567, 3.230764, 3.371856, 3.480116, 3.559293, 3.626273, 3.640707, 3.630445, 3.617740, 3.579804, 3.547755, 3.373519, 3.433536, 3.373132, 3.300533, 3.249065, 3.217272, 3.081625, 3.170316, 3.142944, 3.120052, 3.103698, 3.094340, 3.074526, 2.751455, 2.595016, 2.658171, 2.607140, 2.551684, 2.489181, 2.430773, 2.344668, 2.104894, 2.152096, 2.031728, 1.905079, 1.768787, 1.624991, 1.470946, 1.303609, 1.144512, 0.802208, 0.802357, 0.645109, 0.327791, 0.344202, 0.066977, 0.106089, 0.086341, 0.353294, 0.460184, 0.420967, 0.666943, 0.737439, 0.799915, 0.844073, 0.894734, 0.906313, 0.914674, 0.873697, 0.858663, 0.792676, 0.718669, 0.626204, 0.524942, 0.452060, 0.364809, 0.223237, 0.233998, 0.181015, 0.125370, 0.071214, 0.033079, 0.021300, 0.074770, 0.132674, 0.193314, 0.276148, 0.387977, 0.514541, 0.680682, 0.863016, 1.084868, 1.357293, 1.670350, 1.995488, 2.320763, 2.637549, 2.957132, 3.272255, 3.588159, 3.898197, 4.205893, 4.515872, 4.824682, 5.130859, 5.426417, 5.706846, 5.979148, 6.241170, 6.526931, 6.815858, 7.118865, 7.420833, 7.725036, 8.024527, 8.321494, 8.618869, 8.915759, 9.209331, 9.501763, 9.792438, 10.085904, 10.348982, 10.543674, 10.723036, 10.875954, 11.017060, 11.154882, 11.301437, 11.456498, 11.649371, 11.879003, 12.141355, 12.415199, 12.687954, 12.960126, 13.229500, 13.499737, 13.776405, 14.041045, 14.297998, 14.554509, 14.768975, 14.971565, 15.145239, 15.297222, 15.401418, 15.569872, 15.704829, 15.895409, 16.081300, 16.283393, 16.550655, 16.777605, 16.979014, 17.157693, 17.245058, 17.112686, 17.076031, 16.812869, 16.210030, 15.728086, 15.437643, 14.552140, 14.160574, 13.445408, 12.376685, 11.609447, 10.866121, 10.160246, 9.497392, 8.890010, 8.344531, 7.862935, 7.465101, 7.036236, 6.672061, 6.348668, 6.045485, 5.785546, 5.544697, 5.331019, 5.123706, 4.921499, 4.708121, 4.498060, 4.281078, 4.041629, 3.778777, 3.502327, 3.179986, 2.817657, 2.424602, 2.000545, 1.548095, 1.116362, 0.667233, 0.231688, 0.180166, 0.567758, 0.914555, 1.213295, 1.467364, 1.683633, 1.866536, 2.007781, 2.130939, 2.226942, 2.271761, 2.288431, 2.266261, 2.203101, 2.099540, 1.970632, 1.807330, 1.628784, 1.449736, 1.271208, 1.093776, 0.916487, 0.739739, 0.565020, 0.391036, 0.216451, 0.043850, 0.126978, 0.297571, 0.466322, 0.619937, 0.694275, 0.726856, 0.740681, 0.729120, 0.698369, 0.661217, 0.623874, 0.597274, 0.563485, 0.528168, 0.487604, 0.455666, 0.422198, 0.366557, 0.292034, 0.212242, 0.093362, 0.009071, 0.132004, 0.247235, 0.341584, 0.422428, 0.491747, 0.637775, 0.634860, 0.708132, 0.768961, 0.822661, 0.897668, 0.888542, 0.901474, 0.924775, 0.953620, 0.975965, 0.993365, 1.030645, 1.127188, 1.166922, 1.324507, 1.345449, 1.427021, 1.527702, 1.613698, 1.686576, 1.768179, 1.847944, 1.923997, 1.986768, 2.058497, 2.164860, 2.150390, 2.190162, 2.222518, 2.293165, 2.251489, 2.317419, 2.300148, 2.366516, 2.402946, 2.384469, 2.446278, 2.470770, 2.446921, 2.514439, 2.528002, 2.497544, 2.546907, 2.548113, 2.543114, 2.545761, 2.539975, 2.544798, 2.564605, 2.572195, 2.573590, 2.562441, 2.555122, 2.496122, 2.456229, 2.394731, 2.293309, 2.198181, 2.120465, 2.020783, 1.921398, 1.789848, 1.644895, 1.488261, 1.327427, 1.172499, 1.001480, 0.866661, 0.718644, 0.568394, 0.421668, 0.271274, 0.118637, 0.042232, 0.184239, 0.322586, 0.434643, 0.525710, 0.613755, 0.697246, 0.792937, 0.897974, 1.011791, 1.110877, 1.183399, 1.222405, 1.262370, 1.295121, 1.322545, 1.350313, 1.371719, 1.406059, 1.436287, 1.457156, 1.470073, 1.479264, 1.496067, 1.504265, 1.491770, 1.482854, 1.438442, 1.408388, 1.353987, 1.296077, 1.241316, 1.213782, 1.192304, 1.178144, 1.169922, 1.151487, 1.160884, 1.164808, 1.152043, 1.136060, 1.129638, 1.105065, 1.023816, 1.021655, 0.977769, 0.887040, 0.886891, 0.822813, 0.698989, 0.679957, 0.625781, 0.546455, 0.473638, 0.394146, 0.327508, 0.270513, 0.210908, 0.111740, 0.093898, 0.023735, 0.084308, 0.130904, 0.170044, 0.153731, 0.266097, 0.321293, 0.310053, 0.386163, 0.397048, 0.402266, 0.402562, 0.386310, 0.366132, 0.353598, 0.326793, 0.322524, 0.296925, 0.280243, 0.242521, 0.237745, 0.214667, 0.195376, 0.168213, 0.138937, 0.123460, 0.098698, 0.084116, 0.066041, 0.049753, 0.050455, 0.053738, 0.077354, 0.080317, 0.079636, 0.067454, 0.061696, 0.008613, 0.050690, 0.084297, 0.150924, 0.195709, 0.310791, 0.368976, 0.431921, 0.493459, 0.548215, 0.599361, 0.650841, 0.697442, 0.750962, 0.798135, 0.837548, 0.859967, 0.886714, 0.888543, 0.883149, 0.874333, 0.877042, 0.870414, 0.884312, 0.894891, 0.900351, 0.929375, 0.948245, 0.976760, 1.020885, 1.070549, 1.114202, 1.166464, 1.227277, 1.285410, 1.342217, 1.372590, 1.417365, 1.456588, 1.438940, 1.493728, 1.502098, 1.484623, 1.484977, 1.450939, 1.374725, 1.299961, 1.186472, 1.064606, 0.937238, 0.765599, 0.486505, 0.408085, 0.218724, 0.098974, 0.168718, 0.494606, 0.577795, 0.788002, 1.004228, 1.313869, 1.399804, 1.579294, 1.750195, 2.016519, 2.042638, 2.168910, 2.350960, 2.339138, 2.464738, 2.492505, 2.457697, 2.522515, 2.509821, 2.468903, 2.376442, 2.348869, 2.236745, 2.163371, 2.045632, 1.886136, 1.795688, 1.656502, 1.534600, 1.415445, 1.262216, 1.126599, 1.028415, 0.870956, 0.816569, 0.724458, 0.635710, 0.552072, 0.460304, 0.373812, 0.292661, 0.206615, 0.134492, 0.073463, 0.012819, 0.057408, 0.113115, 0.147067, 0.180950, 0.206155, 0.225520, 0.235201, 0.250863, 0.283105, 0.330236, 0.388444, 0.460982, 0.544876, 0.616847, 0.687951, 0.741158, 0.779059, 0.794571, 0.766559, 0.746194, 0.718575, 0.689838, 0.671210, 0.662169, 0.660296, 0.673963, 0.722571, 0.773685, 0.837575, 0.916640, 0.990177, 1.036668, 1.060986, 1.079120, 1.083983, 1.076867, 1.058011, 1.049680, 1.036689, 1.019178, 1.006719, 0.979749, 0.956047, 0.928589, 0.893492, 0.847655, 0.773430, 0.664715, 0.535287, 0.391708, 0.221574, 0.033325, 0.152086, 0.355816, 0.558730, 0.742825, 0.923566, 1.110038, 1.288571, 1.456054, 1.612517, 1.744805, 1.852291, 1.944805, 2.012288, 2.060862, 2.096408, 2.117789, 2.152760, 2.163229, 2.196691, 2.230819, 2.257939, 2.298939, 2.342470, 2.465579, 2.422095, 2.476710, 2.526084, 2.574024, 2.654918, 2.604701, 2.597399, 2.567270, 2.518952, 2.443904, 2.358653, 2.250452, 2.138192, 2.010322, 1.898783, 1.730441, 1.611578, 1.492398, 1.390275, 1.282453, 1.178063, 1.095789, 1.030607, 0.987765, 0.960558, 1.049813, 0.997850, 1.042934, 1.197421, 1.287642, 1.285744, 1.508848, 1.517920, 1.634079, 1.819344, 1.839281, 2.059894, 2.182997, 2.297968, 2.418071, 2.529270, 2.627893, 2.724039, 2.818821, 2.899603, 2.959577, 2.988655, 3.001943, 3.001820, 2.980412, 2.957854, 2.935412, 2.905356, 2.897592, 2.878506, 2.858752, 2.844249, 2.824435, 2.779520, 2.748201, 2.703274, 2.646958, 2.588686, 2.510976, 2.369401, 2.315698, 2.206156, 2.101406, 1.989665, 1.823691, 1.675892, 1.537076, 1.394566, 1.234934, 1.081397, 0.899117, 0.697102, 0.495119, 0.293143, 0.092026, 0.108907, 0.308902, 0.509368, 0.708898, 0.907930, 1.082286, 1.210893, 1.322123, 1.404074, 1.464484, 1.512016, 1.548638, 1.551962, 1.553224, 1.540971, 1.507491, 1.429041, 1.343189, 1.238161, 1.127098, 1.015527, 0.905262, 0.776372, 0.639024, 0.521629, 0.391011, 0.266475, 0.138116, 0.007703, 0.113687, 0.225504, 0.336949, 0.447797, 0.555799, 0.646886, 0.736371, 0.798916, 0.837887, 0.864263, 0.935851, 0.861364, 0.841694, 0.825187, 0.801633, 0.777497, 0.756194, 0.756907, 0.758737, 0.756334, 0.738265, 0.729226, 0.689947, 0.650337, 0.557854, 0.419956, 0.239727, 0.022094, 0.265939, 0.706215, 1.052341, 1.566623, 2.316014, 3.019717, 3.575869, 4.587964, 5.411158, 6.267937, 7.137657, 7.988881, 8.868495, 9.734263, 10.586653, 11.427427, 12.246589, 13.049730, 13.816261, 14.564738, 15.282578, 15.954479, 16.605151, 17.218451, 17.811104, 18.382772, 18.935640, 19.472901, 20.003558, 20.510175, 21.001366, 21.480707, 21.949407, 22.406276, 22.865308, 23.323613, 23.801528, 24.279684, 24.771068, 25.251107, 25.735585, 26.203678, 26.703662, 27.183357, 27.660333, 28.094963, 28.467163, 28.770092, 28.936790, 29.037378, 28.996372, 28.830491, 28.535889, 28.116203, 27.554945, 26.837321, 25.975447, 25.000442, 23.953573, 22.834621, 21.688275, 20.521404, 19.338000, 18.183427, 17.060581, 15.971631, 14.962596, 14.002742, 13.123305, 12.331089, 11.622206, 11.007636, 10.451507, 9.792374, 9.555914, 9.178801, 8.858486, 8.576665, 8.324162, 8.082616, 7.853331, 7.634543, 7.419835, 7.207936, 7.009166, 6.798224, 6.614956, 6.430724, 6.112163, 6.009750, 5.761131, 5.476851, 5.025197, 4.820714, 4.418436, 3.971114, 3.494728, 2.991290, 2.239417, 1.918689, 1.174926, 0.873072, 0.371711, 0.306973, 0.565654, 1.005040, 1.553134, 1.738068, 2.167392, 2.416360, 2.521496, 2.799887, 2.926782, 2.965071, 3.120738, 3.179692, 3.194739, 3.190425, 3.157918, 3.078669, 2.958158, 2.838465, 2.719134, 2.600771, 2.485054, 2.302405, 2.116972, 1.943086, 1.684906, 1.409328, 1.112541, 0.815870, 0.501963, 0.196910, 0.094904, 0.383941, 0.661874, 0.932930, 1.156917, 1.391770, 1.614538, 1.829997, 2.003763, 2.156431, 2.335159, 2.502301, 2.640805, 2.773344, 2.898146, 3.010946, 3.067888, 3.073789, 3.053578, 3.003843, 2.916721, 2.805001, 2.665203, 2.498941, 2.318521, 2.141891, 1.957401, 1.782184, 1.612450, 1.456503, 1.333040, 1.259062, 1.233453, 1.318969, 1.419216, 1.520805, 1.660783, 1.860676, 2.065561, 2.259510, 2.430346, 2.558107, 2.657641, 2.757443, 2.800808, 2.819560, 2.759898, 2.656328, 2.523475, 2.352260, 2.161483, 1.949747, 1.720425, 1.476887, 1.219335, 0.968263, 0.704304, 0.425993, 0.158572, 0.232139, 0.356842, 0.576882, 0.807389, 1.015571, 1.214352, 1.368145, 1.521557, 1.662597, 1.789820, 1.910946, 2.005663, 2.101992, 2.188438, 2.262068, 2.378052, 2.360044, 2.404555, 2.423050, 2.442688, 2.490455, 2.445083, 2.430723, 2.463394, 2.448350, 2.477420, 2.500535, 2.474590, 2.560299, 2.593599, 2.623456, 2.637104, 2.656659, 2.668075, 2.675450, 2.673973, 2.676408, 2.676729, 2.659739, 2.628985, 2.626723, 2.604073, 2.580020, 2.559715, 2.541263, 2.511301, 2.478009, 2.435071, 2.381598, 2.318550, 2.257944, 2.166767, 2.048534, 1.885208, 1.723287, 1.560450, 1.395521, 1.228101, 1.061331, 0.893525, 0.723577, 0.515158, 0.380769, 0.208338, 0.034715, 0.139778, 0.315494, 0.472404, 0.620557, 0.740292, 0.857811, 0.980607, 1.087501, 1.213806, 1.305970, 1.398139, 1.473494, 1.550093, 1.598834, 1.625258, 1.639861, 1.634262, 1.598741, 1.546328, 1.472632, 1.366666, 1.231909, 1.102325, 0.952357, 0.802256, 0.637233, 0.454053, 0.286258, 0.124308, 0.054558, 0.198800, 0.348281, 0.482351, 0.609278, 0.724219, 0.833436, 0.937068, 1.033431, 1.109293, 1.161452, 1.213135, 1.340357, 1.278668, 1.294090, 1.315617, 1.326410, 1.327012, 1.320606, 1.319495, 1.309659, 1.291841, 1.268470, 1.256840, 1.252231, 1.248782, 1.254220, 1.325931, 1.238395, 1.243458, 1.255782, 1.267470, 1.272090, 1.353518, 1.291412, 1.291546, 1.283140, 1.275529, 1.257855, 1.240375, 1.215758, 1.245057, 1.207034, 1.100661, 1.123339, 1.000415, 0.944629, 0.912668, 0.857657, 0.788262, 0.717081, 0.582302, 0.521551, 0.400906, 0.234112, 0.139937, 0.004130, 0.142312, 0.294613, 0.437356, 0.586410, 0.738139, 0.885843, 1.069367, 1.187075, 1.334466, 1.475009, 1.602688, 1.714770, 1.801821, 1.878930, 1.935885, 1.965612, 1.976691, 1.951475, 1.905740, 1.847290, 1.767195, 1.662174, 1.534568, 1.393578, 1.239057, 1.138596, 0.905864, 0.738714, 0.560731, 0.383127, 0.190990, 0.026984, 0.249636, 0.476686, 0.689983, 0.886901, 1.051596, 1.198737, 1.329596, 1.430769, 1.510722, 1.589168, 1.639096, 1.789430, 1.828033, 1.867176, 1.882500, 1.911557, 1.939236, 1.963459, 2.009135, 2.083012, 2.163588, 2.270672, 2.396479, 2.546217, 2.707321, 2.878446, 3.041744, 3.208805, 3.391415, 3.563737, 3.762556, 3.986846, 4.240549, 4.509680, 4.806550, 5.132070, 5.443595, 5.738906, 6.003064, 6.235646, 6.423812, 6.551313, 6.648508, 6.834187, 6.753667, 6.741198, 6.691199, 6.607468, 6.506473, 6.391386, 6.254860, 6.083983, 5.884612, 5.643487, 5.428318, 5.143333, 4.857810, 4.554550, 4.208863, 3.858210, 3.436577, 3.077783, 2.638456, 2.257929, 1.956425, 1.597472, 1.302329, 1.014468, 0.724374, 0.440618, 0.155640, 0.123128, 0.360177, 0.597932, 0.825235, 1.032891, 1.229151, 1.434340, 1.582471, 1.735240, 1.865070, 1.995216, 2.098411, 2.181892, 2.274852, 2.344409, 2.386968, 2.412739, 2.426331, 2.454713, 2.416944, 2.377034, 2.317242, 2.258226, 2.202314, 2.136914, 2.063982, 1.981563, 1.948564, 1.782068, 1.662563, 1.529583, 1.395594, 1.254058, 1.095323, 0.943297, 0.798004, 0.634953, 0.475590, 0.320139, 0.162076, 0.011838, 0.114360, 0.221939, 0.325272, 0.417008, 0.485632, 0.542171, 0.567530, 0.573460, 0.564501, 0.541341, 0.478721, 0.429114, 0.350638, 0.276746, 0.185311, 0.080783, 0.019660, 0.127694, 0.235011, 0.348070, 0.446239, 0.500207, 0.653168, 0.748736, 0.845441, 0.947167, 1.033685, 1.120208, 1.204523, 1.261976, 1.312403, 1.329621, 1.341830, 1.330141, 1.302692, 1.247172, 1.054312, 1.064104, 0.952309, 0.833092, 0.710873, 0.581129, 0.457080, 0.329726, 0.201975, 0.090651, 0.011334, 0.106532, 0.174819, 0.286379, 0.255226, 0.320522, 0.275047, 0.139642, 0.012214, 0.181988, 0.395000, 0.625062, 1.006150, 1.335094, 1.864263, 2.331853, 2.745443, 3.354388, 3.881034, 4.295890, 4.900062, 5.385301, 5.836682, 6.236186, 6.594727, 6.882439, 7.106593, 7.344044, 7.388339, 7.404534, 7.362794, 7.252302, 7.078533, 6.850656, 6.571295, 6.275786, 6.001902, 5.736560, 5.477195, 5.245518, 5.016677, 4.822906, 4.649167, 4.494424, 4.367788, 4.241278, 4.148061, 4.060395, 3.984590, 3.920228, 3.869815, 3.837907, 3.816971, 3.789841, 3.762620, 3.729193, 3.685885, 3.623463, 3.541582, 3.398113, 3.179236, 2.850177, 2.415845, 1.890556, 1.319519, 0.718607, 0.137001, 0.445751, 1.017172, 1.548841, 2.028515, 2.486064, 2.858850, 3.198971, 3.490646, 3.726526, 3.906646, 4.055505, 4.172288, 4.246578, 4.255011, 4.231458, 4.226636, 4.240037, 4.271283, 4.320235, 4.386272, 4.468725, 4.566878, 4.680232, 4.807693, 4.947846, 5.101594, 5.266689, 5.442349, 5.627796, 5.821476, 6.029564, 6.233251, 6.466226, 6.668193, 6.865875, 7.000769, 7.082243, 7.130261, 7.121624, 7.057417, 6.931621, 6.747124, 6.502869, 6.075015, 5.937749, 5.463917, 5.052153, 4.830876, 4.428166, 3.841391, 3.598909, 3.170008, 2.601643, 2.395196, 1.883560, 1.694138, 1.366647, 0.894892, 0.593774, 0.435410, 0.022192, 0.111798, 0.356119, 0.668856, 0.754261, 1.013669, 1.139068, 1.157247, 1.274075, 1.282449, 1.265984, 1.238084, 1.154398, 1.067983, 1.108090, 1.051420, 0.971728, 0.920733, 0.891137, 0.853536, 0.826447, 0.813401, 0.814762, 0.830654, 0.860957, 0.905891, 0.965730, 1.039194, 1.126643, 1.227516, 1.340370, 1.466094, 1.602188, 1.749518, 1.899126, 2.049019, 2.201484, 2.354685, 2.507728, 2.658041, 2.754649, 2.795717, 2.797287, 2.740469, 2.658112, 2.541606, 2.420025, 2.233171, 2.056582, 1.850460, 1.653996, 1.443361, 1.225274, 1.014328, 0.810427, 0.619839, 0.471071, 0.327172, 0.139597, 0.138094, 0.075816, 0.036460, 0.024431, 0.023870, 0.048017, 0.086371, 0.131019, 0.192194, 0.253887, 0.340505, 0.432911, 0.551549, 0.656662, 0.782868, 0.898450, 1.020361, 1.140503, 1.229583, 1.300974, 1.365117, 1.421198, 1.478832, 1.500525, 1.490944, 1.466643, 1.426853, 1.382471, 1.321392, 1.143159, 1.151138, 1.054517, 0.953160, 0.859638, 0.744388, 0.627467, 0.501621, 0.274044, 0.257986, 0.150404, 0.047887, 0.057396, 0.154597, 0.320740, 0.389504, 0.452336, 0.495742, 0.447662, 0.520356, 0.511793, 0.435171, 0.471236, 0.426016, 0.321186, 0.305189, 0.245713, 0.211006, 0.161087, 0.082966, 0.039650, 0.001125, 0.051215, 0.102741, 0.149155, 0.210961, 0.246528, 0.321877, 0.413676, 0.508790, 0.614536, 0.721539, 0.819106, 0.919483, 1.047792, 1.121554, 1.187844, 1.257200, 1.318380, 1.372421, 1.442961, 1.485644, 1.526689, 1.563156, 1.595621, 1.621076, 1.639707, 1.642830, 1.649322, 1.639866, 1.614179, 1.563461, 1.417701, 1.358310, 1.205217, 1.046443, 0.874883, 0.698377, 0.531289, 0.360809, 0.206608, 0.058587, 0.088759, 0.226468, 0.349219, 0.475852, 0.590385, 0.703195, 0.804934, 0.892666, 0.979983, 1.069997, 1.135116, 1.205725, 1.249632, 1.274103, 1.280621, 1.275331, 1.237281, 1.184477, 1.115895, 1.075828, 0.930707, 0.818798, 0.697203, 0.568768, 0.424724, 0.264428, 0.106327, 0.073544, 0.241168, 0.406270, 0.597073, 0.813274, 1.055900, 1.300176, 1.545350, 1.791013, 2.033836, 2.275012, 2.519947, 2.762441, 3.008268, 3.253724, 3.501091, 3.747478, 3.992777, 4.235613, 4.477081, 4.720704, 4.956523, 5.197963, 5.436660, 5.698227, 5.903758, 6.088490, 6.221633, 6.327977, 6.400989, 6.426123, 6.399181, 6.328754, 6.214509, 6.046179, 5.804564, 5.516466, 5.171167, 4.549550, 4.292317, 3.799038, 3.005940, 2.735571, 2.221017, 1.458687, 1.224517, 0.579248, 0.222377, 0.081643, 0.385159, 0.618432, 0.668919, 0.961992, 1.084099, 1.170454, 1.222960, 1.240993, 1.246026, 1.242511, 1.217849, 1.173097, 1.101248, 1.027683, 0.947436, 0.823753, 0.813864, 0.746456, 0.691817, 0.661636, 0.630800, 0.606639, 0.590979, 0.595939, 0.582640, 0.571076, 0.560802, 0.556322, 0.547224, 0.541700, 0.538494, 0.570541, 0.603382, 0.635740, 0.666154, 0.723522, 0.793871, 0.871905, 0.971922, 1.058167, 1.159708, 1.248600, 1.341260, 1.418491, 1.468459, 1.513160, 1.557849, 1.589991, 1.610243, 1.610840, 1.599958, 1.574771, 1.534595, 1.478740, 1.430203, 1.385368, 1.325771, 1.256299, 1.176156, 1.106540, 1.023108, 0.937481, 0.845786, 0.746041, 0.661975, 0.588005, 0.451732, 0.348189, 0.247937, 0.142475, 0.041964, 0.073221, 0.182497, 0.282762, 0.374525, 0.456265, 0.535265, 0.594840, 0.647967, 0.634417, 0.626150, 0.698630, 0.700972, 0.680645, 0.623904, 0.547897, 0.454105, 0.324609, 0.178785, 0.017029, 0.367664, 0.469255, 0.714425, 0.963439, 1.383666, 1.645707, 1.906622, 2.160269, 2.243362, 2.570077, 2.689517, 2.683410, 2.768728, 2.804951, 2.722498, 2.724162, 2.665113, 2.582521, 2.490866, 2.345303, 2.220389, 2.088194, 1.960792, 1.782291, 1.596488, 1.411845, 1.227403, 1.043209, 0.853444, 0.671268, 0.494476, 0.349646, 0.232272, 0.122040, 0.031619, 0.015039, 0.052937, 0.071126, 0.070591, 0.057946, 0.018394, 0.047898, 0.109006, 0.182467, 0.255493, 0.347164, 0.416822, 0.509531, 0.587574, 0.654233, 0.727673, 0.795156, 0.847627, 0.895570, 0.944230, 0.972276, 1.009749, 1.025814, 
,,,0.018348, 0.038082, 0.052378, 0.071547, 0.086082, 0.097020, 0.107546, 0.117757, 0.129677, 0.139988, 0.150128, 0.160732, 0.172475, 0.189194, 0.205891, 0.222538, 0.239213, 0.255905, 0.272629, 0.288899, 0.305653, 0.322345, 0.338965, 0.355728, 0.372870, 0.390298, 0.405691, 0.424435, 0.439137, 0.455783, 0.472400, 0.489066, 0.505763, 0.522340, 0.539062, 0.555686, 0.572446, 0.589097, 0.605911, 0.622890, 0.641168, 0.655814, 0.672450, 0.690623, 0.705821, 0.722495, 0.739168, 0.755882, 0.772547, 0.789185, 0.805888, 0.822583, 0.839585, 0.855985, 0.873014, 0.891107, 0.906035, 0.922704, 0.939395, 0.957576, 0.972764, 0.997851, 1.008276, 1.023962, 1.039753, 1.056309, 1.078303, 1.090714, 1.107544, 1.123505, 1.142108, 1.156962, 1.173640, 1.190370, 1.207635, 1.223860, 1.240485, 1.257135, 1.274437, 1.290722, 1.307154, 1.323868, 1.340997, 1.357113, 1.373824, 1.392269, 1.407854, 1.424190, 1.440761, 1.457578, 1.474241, 1.491033, 1.507779, 1.524452, 1.541153, 1.557810, 1.574465, 1.592224, 1.609179, 1.624685, 1.643867, 1.658020, 1.674627, 1.691295, 1.707973, 1.724683, 1.741328, 1.759379, 1.774619, 1.791365, 1.807982, 1.824574, 1.841733, 1.857846, 1.874482, 1.894196, 1.907906, 1.924592, 1.941225, 1.957812, 1.974585, 1.991244, 2.007867, 2.026460, 2.041382, 2.058105, 2.074587, 2.092514, 2.108142, 2.124817, 2.141488, 2.160152, 2.175002, 2.191475, 2.208181, 2.224723, 2.243438, 2.258160, 2.274854, 2.291571, 2.308202, 2.324852, 2.341718, 2.358239, 2.374804, 2.391469, 2.410660, 2.425512, 2.441715, 2.458252, 2.474857, 2.491559, 2.508273, 2.524932, 2.541662, 2.558398, 2.574965, 2.591973, 2.608336, 2.625016, 2.641591, 2.660089, 2.674938, 2.691544, 2.708293, 2.724991, 2.741657, 2.758327, 2.774954, 2.791680, 2.808500, 2.825092, 2.842155, 2.858418, 2.875081, 2.891834, 2.910075, 2.925163, 2.941799, 2.958505, 2.975788, 2.991971, 3.008556, 3.025036, 3.041846, 3.058254, 3.075407, 3.093050, 3.108690, 3.124781, 3.141345, 3.158100, 3.180179, 3.191379, 3.208016, 3.225348, 3.241533, 3.258123, 3.274776, 3.291523, 3.308249, 3.325602, 3.341847, 3.358215, 3.374866, 3.391607, 3.408204, 3.424851, 3.443111, 3.458196, 3.474911, 3.491663, 3.508319, 3.524960, 3.541768, 3.558399, 3.575129, 3.591782, 3.608506, 3.625111, 3.641761, 3.658457, 3.675103, 3.693102, 3.708467, 3.725150, 3.741800, 3.758506, 3.775169, 3.791926, 3.808616, 3.825242, 3.841921, 3.858579, 3.875908, 3.892024, 3.908638, 3.925315, 3.944094, 3.958647, 3.975389, 3.992100, 4.008709, 4.025847, 4.042154, 4.058865, 4.075513, 4.092126, 4.108767, 4.125534, 4.142185, 4.158958, 4.176233, 4.195134, 4.209531, 4.226043, 4.242741, 4.259316, 4.276091, 4.292761, 4.309932, 4.326109, 4.344229, 4.359472, 4.376082, 4.392697, 4.409347, 4.426457, 4.444169, 4.459386, 4.476048, 4.492691, 4.510897, 4.526320, 4.542871, 4.560068, 4.576142, 4.592785, 4.609618, 4.626122, 4.642857, 4.659561, 4.676129, 4.694025, 4.709526, 4.726133, 4.747053, 4.759556, 4.776463, 4.793268, 4.810298, 4.826543, 4.843199, 4.859796, 4.876562, 4.893155, 4.909846, 4.926483, 4.945016, 4.959886, 4.976524, 4.993242, 5.009910, 5.027426, 5.043874, 5.060527, 5.076638, 5.093304, 5.109957, 5.126651, 5.143317, 5.159998, 5.176608, 5.195081, 5.210053, 5.226821, 5.243593, 5.260264, 5.276940, 5.293593, 5.310317, 5.327005, 5.344173, 5.360384, 5.377602, 5.393860, 5.410451, 5.427659, 5.445826, 5.460623, 5.477246, 5.493953, 5.511376, 5.527871, 5.544227, 5.562603, 5.577340, 5.593987, 5.610753, 5.627370, 5.644005, 5.660943, 5.677371, 5.696104, 5.710786, 5.729193, 5.744196, 5.760817, 5.778083, 5.794189, 5.811628, 5.827767, 5.844228, 5.860911, 5.877570, 5.894301, 5.910864, 5.927483, 5.946060, 5.961361, 5.982268, 5.994351, 6.010864, 6.028240, 6.044154, 6.060843, 6.077462, 6.094098, 6.110826, 6.127542, 6.144121, 6.160756, 6.177402, 6.195863, 6.211328, 6.227680, 6.244222, 6.260912, 6.278087, 6.294227, 6.310832, 6.327554, 6.344554, 6.360808, 6.377417, 6.394114, 6.410778, 6.427420, 6.445957, 6.460738, 6.477479, 6.494757, 6.510915, 6.527916, 6.544833, 6.561020, 6.577584, 6.594263, 6.611550, 6.627807, 6.644322, 6.661005, 6.677725, 6.696657, 6.711172, 6.727726, 6.744465, 6.761099, 6.778763, 6.794923, 6.811168, 6.827809, 6.844491, 6.861147, 6.877853, 6.894522, 6.911206, 6.927840, 6.946002, 6.961237, 6.977874, 6.996207, 7.011408, 7.028291, 7.045253, 7.061516, 7.078091, 7.094740, 7.111444, 7.128104, 7.145435, 7.163192, 7.178284, 7.197071, 7.211704, 7.228339, 7.244984, 7.261741, 7.278369, 7.295004, 7.311632, 7.328274, 7.347031, 7.361604, 7.378285, 7.395503, 7.411827, 7.428373, 7.447015, 7.461667, 7.478480, 7.495122, 7.511869, 7.529073, 7.545149, 7.562391, 7.578581, 7.595190, 7.611932, 7.628630, 7.645309, 7.662130, 7.679281, 7.697167, 7.712294, 7.729004, 7.745582, 7.763254, 7.779431, 7.795611, 7.812365, 7.828961, 7.845707, 7.862307, 7.878959, 7.895646, 7.912337, 7.929004, 7.947727, 7.962543, 7.979137, 7.995823, 8.012459, 8.029583, 8.045811, 8.062405, 8.079083, 8.095775, 8.112384, 8.129079, 8.146300, 8.162577, 8.179124, 8.197006, 8.212462, 8.229225, 8.245858, 8.262476, 8.279484, 8.295754, 8.312478, 8.329099, 8.345744, 8.363878, 8.379052, 8.395695, 8.412284, 8.428990, 8.448408, 8.462469, 8.479121, 8.495807, 8.512706, 8.529136, 8.545733, 8.563842, 8.579059, 8.595703, 8.612418, 8.629137, 8.645720, 8.662287, 8.678932, 8.698398, 8.712608, 8.729243, 8.745906, 8.766924, 8.779196, 8.795868, 8.812552, 8.829229, 8.845961, 8.862622, 8.879280, 8.895909, 8.912618, 8.929253, 8.947976, 8.962587, 8.979404, 8.996041, 9.013242, 9.029464, 9.046136, 9.062725, 9.079441, 9.096121, 9.112768, 9.129482, 9.146153, 9.162779, 9.180122, 9.198101, 9.213064, 9.230038, 9.247103, 9.263781, 9.279998, 9.296757, 9.313381, 9.330090, 9.346776, 9.363408, 9.380059, 9.396694, 9.413375, 9.429994, 9.447913, 9.463326, 9.480654, 9.496800, 9.513748, 9.530113, 9.546670, 9.563413, 9.580087, 9.596787, 9.613440, 9.630101, 9.646830, 9.663421, 9.680088, 9.697952, 9.713477, 9.730215, 9.746904, 9.764049, 9.780285, 9.796839, 9.813524, 9.830171, 9.846882, 9.863535, 9.880192, 9.896853, 9.913560, 9.930775, 9.949083, 9.963759, 9.980326, 9.997686, 10.015410, 10.030667, 10.047864, 10.064078, 10.080675, 10.097345, 10.113988, 10.130662, 10.147352, 10.164014, 10.182344, 10.198926, 10.214433, 10.231051, 10.248110, 10.264292, 10.281130, 10.297813, 10.314545, 10.331686, 10.350106, 10.364576, 10.381259, 10.397935, 10.415225, 10.431594, 10.450001, 10.464968, 10.481545, 10.498997, 10.515108, 10.531553, 10.548177, 10.564803, 10.581407, 10.598256, 10.614936, 10.631476, 10.648367, 10.665116, 10.681725, 10.700039, 10.715615, 10.732327, 10.748497, 10.766613, 10.781891, 10.798591, 10.815117, 10.831826, 10.849755, 10.865026, 10.881709, 10.898407, 10.915019, 10.931742, 10.949984, 10.965520, 10.981867, 10.998554, 11.015898, 11.032075, 11.048678, 11.065358, 11.085796, 11.098623, 11.115358, 11.132049, 11.148870, 11.165507, 11.182469, 11.200848, 11.215798, 11.232862, 11.249040, 11.265699, 11.282411, 11.299557, 11.315994, 11.332491, 11.349159, 11.365655, 11.383840, 11.398951, 11.415556, 11.432255, 11.450724, 11.467550, 11.482294, 11.498968, 11.515650, 11.532309, 11.549542, 11.565766, 11.582303, 11.598978, 11.616213, 11.632431, 11.649057, 11.665729, 11.682502, 11.700898, 11.716273, 11.732481, 11.749227, 11.765753, 11.782437, 11.799163, 11.815862, 11.832616, 11.849549, 11.866114, 11.882824, 11.899416, 11.916322, 11.933038, 11.950820, 11.966675, 11.983024, 11.999622, 12.016414, 12.032981, 12.050157, 12.066484, 12.083056, 12.099774, 12.116403, 12.133045, 12.149798, 12.166442, 12.183178, 12.201959, 12.216889, 12.233103, 12.250365, 12.266498, 12.282919, 12.299553, 12.316046, 12.332779, 12.349325, 12.366539, 12.382698, 12.399234, 12.416026, 12.433647, 12.449481, 12.467911, 12.482356, 12.498965, 12.515721, 12.532420, 12.549586, 12.565923, 12.582439, 12.599056, 12.615801, 12.632497, 12.649106, 12.666122, 12.682486, 12.699804, 12.716335, 12.733879, 12.749248, 12.765811, 12.782495, 12.799180, 12.815858, 12.833940, 12.849645, 12.866096, 12.882760, 12.899411, 12.916209, 12.932841, 12.949558, 12.966490, 12.985581, 13.000146, 13.016265, 13.033411, 13.049521, 13.066133, 13.082757, 13.099414, 13.116093, 13.132733, 13.149442, 13.166162, 13.182862, 13.200047, 13.216449, 13.235458, 13.249563, 13.266125, 13.282797, 13.299458, 13.316124, 13.332827, 13.349463, 13.366158, 13.382897, 13.399478, 13.416265, 13.433079, 13.449564, 13.466308, 13.484802, 13.499548, 13.516252, 13.533015, 13.549572, 13.566312, 13.583486, 13.603698, 13.616373, 13.633056, 13.649598, 13.666358, 13.682831, 13.700787, 13.716158, 13.734617, 13.749405, 13.766064, 13.782811, 13.799461, 13.816095, 13.832767, 13.849488, 13.866164, 13.882756, 13.899529, 13.916208, 13.932920, 13.949697, 13.966857, 13.984829, 13.999913, 14.016701, 14.033441, 14.049967, 14.067266, 14.083463, 14.100067, 14.116751, 14.133512, 14.150227, 14.166959, 14.184189, 14.200909, 14.217078, 14.235779, 14.251094, 14.267409, 14.283809, 14.300742, 14.317356, 14.334294, 14.351095, 14.367610, 14.384361, 14.402207, 14.418484, 14.435198, 14.451658, 14.468519, 14.485943, 14.501221, 14.517864, 14.534492, 14.551059, 14.567815, 14.584393, 14.601163, 14.617787, 14.634565, 14.651402, 14.669694, 14.684867, 14.700995, 14.717636, 14.734293, 14.752751, 14.767536, 14.784109, 14.801310, 14.818999, 14.834018, 14.850591, 14.867220, 14.883744, 14.900376, 14.917127, 14.934231, 14.950538, 14.967354, 14.984258, 15.002691, 15.017583, 15.034451, 15.051006, 15.067683, 15.084333, 15.101009, 15.117688, 15.134319, 15.155525, 15.167893, 15.184770, 15.201002, 15.217704, 15.234182, 15.252650, 15.267435, 15.284103, 15.300806, 15.317482, 15.334113, 15.350861, 15.367428, 15.384158, 15.400911, 15.417594, 15.434675, 15.450881, 15.467621, 15.484237, 15.503524, 15.517882, 15.534433, 15.550993, 15.567748, 15.584352, 15.601628, 15.617890, 15.634536, 15.651376, 15.667811, 15.684806, 15.701504, 15.718253, 15.735114, 15.753702, 15.768340, 15.785124, 15.801685, 15.818374, 15.835106, 15.851748, 15.868450, 15.885205, 15.901912, 15.918506, 15.935986, 15.952007, 15.968636, 15.985220, 16.003904, 16.018746, 16.035316, 16.051942, 16.068664, 16.085260, 16.101957, 16.118686, 16.135352, 16.152649, 16.169245, 16.185393, 16.202059, 16.218785, 16.235421, 16.253639, 16.268717, 16.285378, 16.302237, 16.318711, 16.335529, 16.352569, 16.368699, 16.385349, 16.402083, 16.420288, 16.435344, 16.451995, 16.468639, 16.485968, 16.502173, 16.520743, 16.535434, 16.552109, 16.568758, 16.585419, 16.602150, 16.618896, 16.635517, 16.652530, 16.668888, 16.687635, 16.702428, 16.718949, 16.735552, 16.752363, 16.770705, 16.785759, 16.802347, 16.819176, 16.835793, 16.852401, 16.869188, 16.885853, 16.903591, 16.919855, 16.936407, 16.952766, 16.969353, 16.985976, 17.002739, 17.020780, 17.036097, 17.052780, 17.069396, 17.086125, 17.102741, 17.119428, 17.140212, 17.153222, 17.169370, 17.186056, 17.203303, 17.219492, 17.236100, 17.252797, 17.270656, 17.286191, 17.302797, 17.319466, 17.336183, 17.352778, 17.369620, 17.386299, 17.402885, 17.419460, 17.436070, 17.452725, 17.469377, 17.486119, 17.502766, 17.521617, 17.536908, 17.553106, 17.569766, 17.586408, 17.602932, 17.619787, 17.636234, 17.653350, 17.669515, 17.686155, 17.702862, 17.719547, 17.736177, 17.753401, 17.771702, 17.786266, 17.802902, 17.819556, 17.836249, 17.852938, 17.869672, 17.886309, 17.903442, 17.919663, 17.936365, 17.953574, 17.969805, 17.986351, 18.003162, 18.021626, 18.036981, 18.053131, 18.069771, 18.086313, 18.103088, 18.119770, 18.136402, 18.153391, 18.169764, 18.186361, 18.203018, 18.219734, 18.236429, 18.253015, 18.271569, 18.286373, 18.303044, 18.319747, 18.336419, 18.353135, 18.369913, 18.386660, 18.403324, 18.419801, 18.436524, 18.453174, 18.469889, 18.486487, 18.503222, 18.521592, 18.537649, 18.553505, 18.570083, 18.586666, 18.603401, 18.620160, 18.637273, 18.653537, 18.671650, 18.686835, 18.703472, 18.720160, 18.736711, 18.753447, 18.772133, 18.786953, 18.803556, 18.820238, 18.836990, 18.853675, 18.870344, 18.887146, 18.903660, 18.920333, 18.936964, 18.953645, 18.970361, 18.987000, 19.005284, 19.021535, 19.037065, 19.053760, 19.070479, 19.087109, 19.103864, 19.120544, 19.139946, 19.153804, 19.171045, 19.187229, 19.204368, 19.220647, 19.237180, 19.253880, 19.272594, 19.287225, 19.303869, 19.320631, 19.337335, 19.353989, 19.370746, 19.388292, 19.404789, 19.420828, 19.437458, 19.454125, 19.471375, 19.487625, 19.504255, 19.522655, 19.537630, 19.554310, 19.571583, 19.587856, 19.604511, 19.621714, 19.637831, 19.654511, 19.671115, 19.687802, 19.704597, 19.721196, 19.737916, 19.754542, 19.772570, 19.787908, 19.804545, 19.821240, 19.838235, 19.855185, 19.871549, 19.888038, 19.905271, 19.921562, 19.938070, 19.954745, 19.971418, 19.988760, 20.004813, 20.023589, 20.038246, 20.055458, 20.071774, 20.088371, 20.104972, 20.122171, 20.138363, 20.155050, 20.171664, 20.188384, 20.205071, 20.221802, 20.238382, 20.255040, 20.273553, 20.288375, 20.305025, 20.321786, 20.338465, 20.355705, 20.371889, 20.388431, 20.405146, 20.421853, 20.439126, 20.455313, 20.471911, 20.488599, 20.505311, 20.523559, 20.538662, 20.555269, 20.572068, 20.588955, 20.605410, 20.622403, 20.638694, 20.655637, 20.673613, 20.688731, 20.705391, 20.722083, 20.738774, 20.755396, 20.773486, 20.788767, 20.805527, 20.822209, 20.838924, 20.855648, 20.873722, 20.888906, 20.905581, 20.922736, 20.939093, 20.955611, 20.972218, 20.992348, 21.006249, 21.023532, 21.039078, 21.055686, 21.072428, 21.089154, 21.105683, 21.122385, 21.138956, 21.155687, 21.172306, 21.189024, 21.205652, 21.222335, 21.239026, 21.255522, 21.274406, 21.288984, 21.305497, 21.322257, 21.338940, 21.355559, 21.372218, 21.389412, 21.405682, 21.422277, 21.438978, 21.455646, 21.472345, 21.488962, 21.505686, 21.524469, 21.539072, 21.555695, 21.572478, 21.589143, 21.605743, 21.622360, 21.639072, 21.655745, 21.672390, 21.689065, 21.705823, 21.722464, 21.739094, 21.755740, 21.774423, 21.789254, 21.806168, 21.822843, 21.840175, 21.856255, 21.872969, 21.889600, 21.906323, 21.922971, 21.939651, 21.956440, 21.973667, 21.989866, 22.007075, 22.025462, 22.040024, 22.056718, 22.073323, 22.090452, 22.106599, 22.123196, 22.139753, 22.156404, 22.173101, 22.189808, 22.206401, 22.223131, 22.239779, 22.256399, 22.274359, 22.289813, 22.306457, 22.323247, 22.339962, 22.357172, 22.374002, 22.390338, 22.406969, 22.423608, 22.440334, 22.457002, 22.473726, 22.490382, 22.507062, 22.525821, 22.540444, 22.557158, 22.573792, 22.590870, 22.607119, 22.623733, 22.640441, 22.657138, 22.673800, 22.690524, 22.709588, 22.724111, 22.740662, 22.757312, 22.775631, 22.790750, 22.807432, 22.824219, 22.841230, 22.857386, 22.874719, 22.890949, 22.908979, 22.924121, 22.941414, 22.957586, 22.974240, 22.990888, 23.007527, 23.030593, 23.041296, 23.057779, 23.074378, 23.091406, 23.107675, 23.124410, 23.141040, 23.158328, 23.174564, 23.191125, 23.208425, 23.224653, 23.241197, 23.257915, 23.274496, 23.292526, 23.307983, 23.324580, 23.341312, 23.358517, 23.374585, 23.391243, 23.408439, 23.424727, 23.441319, 23.457947, 23.474653, 23.491337, 23.507984, 23.525083, 23.543498, 23.558463, 23.574786, 23.591420, 23.608549, 23.624759, 23.641316, 23.657974, 23.674599, 23.691281, 23.708667, 23.724824, 23.741348, 23.758025, 23.774728, 23.793545, 23.808688, 23.824779, 23.841448, 23.858726, 23.874904, 23.891475, 23.908145, 23.924859, 23.941516, 23.959163, 23.975133, 23.991653, 24.008373, 24.025317, 24.044481, 24.059121, 24.075441, 24.091688, 24.108208, 24.124954, 24.141646, 24.159775, 24.174906, 24.192179, 24.208436, 24.225015, 24.241629, 24.258346, 24.275064, 24.293442, 24.308396, 24.325616, 24.342807, 24.358493, 24.375081, 24.391786, 24.408502, 24.425635, 24.441916, 24.458538, 24.475216, 24.491891, 24.509133, 24.529911, 24.543510, 24.559105, 24.575316, 24.591954, 24.608675, 24.625303, 24.641909, 24.658678, 24.675359, 24.692010, 24.708689, 24.725391, 24.742072, 24.758800, 24.775446, 24.793391, 24.808906, 24.825512, 24.842210, 24.858866, 24.875598, 24.892212, 24.908897, 24.925555, 24.942294, 24.958930, 24.975574, 24.992297, 25.009629, 25.026137, 25.044390, 25.059543, 25.075746, 25.092445, 25.109060, 25.125734, 25.142475, 25.159116, 25.175767, 25.192523, 25.209132, 25.225794, 25.242457, 25.259207, 25.275905, 25.294308, 25.309605, 25.325891, 25.342597, 25.359218, 25.376453, 25.393329, 25.410033, 25.426821, 25.442935, 25.459545, 25.476224, 25.492921, 25.509619, 25.526646, 25.544490, 25.560128, 25.577848, 25.593056, 25.609685, 25.626278, 25.642916, 25.659647, 25.676328, 25.692974, 25.709691, 25.728013, 25.743083, 25.759738, 25.776468, 25.794328, 25.809851, 25.826417, 25.843066, 25.859820, 25.876454, 25.893124, 25.909851, 25.927083, 25.943371, 25.959959, 25.976612, 25.993277, 26.014060, 26.027208, 26.045460, 26.060619, 26.076855, 26.093408, 26.110064, 26.126772, 26.143348, 26.160016, 26.176674, 26.193363, 26.210033, 26.226734, 26.243415, 26.260128, 26.277281, 26.293435, 26.311347, 26.326748, 26.343422, 26.360078, 26.376714, 26.393397, 26.410078, 26.426849, 26.443556, 26.460287, 26.476968, 26.493777, 26.510473, 26.527708, 26.544199, 26.562320, 26.577144, 26.593828, 26.610466, 26.627163, 26.643798, 26.660509, 26.677130, 26.693842, 26.710574, 26.727196, 26.743915, 26.760665, 26.777718, 26.793931, 26.812256, 26.827262, 26.844040, 26.862188, 26.877429, 26.894590, 26.910980, 26.927621, 26.944229, 26.960942, 26.977671, 26.994272, 27.013058, 27.028413, 27.044446, 27.062344, 27.077728, 27.094426, 27.111054, 27.127784, 27.144498, 27.161105, 27.177780, 27.194459, 27.211111, 27.227953, 27.244586, 27.261153, 27.278404, 27.296501, 27.313270, 27.327840, 27.344524, 27.361262, 27.377864, 27.395120, 27.411363, 27.427926, 27.444638, 27.461316, 27.477979, 27.495300, 27.511488, 27.528214, 27.544722, 27.563377, 27.578092, 27.594784, 27.611356, 27.628039, 27.645314, 27.661909, 27.678155, 27.694882, 27.711591, 27.728864, 27.745139, 27.761658, 27.778778, 27.795092, 27.813449, 27.828338, 27.845045, 27.861699, 27.878901, 27.895145, 27.911696, 27.928383, 27.945614, 27.961701, 27.978374, 27.997049, 28.012367, 28.028790, 28.045058, 28.063347, 28.078930, 28.095274, 28.111853, 28.128557, 28.145321, 28.163589, 28.178897, 28.195612, 28.212363, 28.229654, 28.245756, 28.262801, 28.279046, 28.295577, 28.314311, 28.328969, 28.345730, 28.362280, 28.378964, 28.395699, 28.412313, 28.432616, 28.445706, 28.462489, 28.479042, 28.495984, 28.512926, 28.529137, 28.545769, 28.564280, 28.579231, 28.596350, 28.612626, 28.629261, 28.645815, 28.662555, 28.679235, 28.695933, 28.712512, 28.729260, 28.745827, 28.762813, 28.779254, 28.796020, 28.814210, 28.829368, 28.846080, 28.862695, 28.879403, 28.896120, 28.912718, 28.929348, 28.945976, 28.962566, 28.979250, 28.996437, 29.013153, 29.029504, 29.045962, 29.062647, 29.081240, 29.095976, 29.114230, 29.129348, 29.146018, 29.162658, 29.179863, 29.196215, 29.213431, 29.229868, 29.248371, 29.263095, 29.279724, 29.296315, 29.313053, 29.331316, 29.346328, 29.363015, 29.379680, 29.396337, 29.413649, 29.429817, 29.447044, 29.463231, 29.479835, 29.497164, 29.513198, 29.529888, 29.546560, 29.563175, 29.585314, 29.596652, 29.613807, 29.629997, 29.646587, 29.663254, 29.679961, 29.696710, 29.713347, 29.730089, 29.747712, 29.763393, 29.779987, 29.796538, 29.813219, 29.829727, 29.848331, 29.863029, 29.879698, 29.896350, 29.913154, 29.929736, 29.946414, 29.963792, 29.980318, 29.996393, 30.013046, 30.029713, 30.046380, 30.062981, 30.079597, 30.098170, 30.112957, 30.129654, 30.146340, 30.162978, 30.179668, 30.196370, 30.213084, 30.229765, 30.246446, 30.263022, 30.279737, 30.296430, 30.313007, 30.331257, 30.348168, 30.362995, 30.379702, 30.396322, 30.412997, 30.429725, 30.446500, 30.463703, 30.480077, 30.496447, 30.513197, 30.529911, 30.548086, 30.563285, 30.579913, 30.598169, 30.613328, 30.629931, 30.646647, 30.663320, 30.683620, 30.696587, 30.713290, 30.729950, 30.746730, 30.763828, 30.780082, 30.796594, 30.813348, 30.829971, 30.848176, 30.863425, 30.879984, 30.896711, 30.913392, 30.930058, 30.947402, 30.963633, 30.980122, 30.996879, 31.013436, 31.030822, 31.046989, 31.063570, 31.080246, 31.098221, 31.113567, 31.130850, 31.147098, 31.163698, 31.180378, 31.197090, 31.213797, 31.230472, 31.247037, 31.263746, 31.280385, 31.297084, 31.314360, 31.330589, 31.349182, 31.363817, 31.380458, 31.397183, 31.413785, 31.430494, 31.447204, 31.463937, 31.480536, 31.497235, 31.513873, 31.530616, 31.547185, 31.563952, 31.580654, 31.599156, 31.613906, 31.630678, 31.647280, 31.664017, 31.680715, 31.698326, 31.714815, 31.731352, 31.747531, 31.764218, 31.780860, 31.797610, 31.814252, 31.830911, 31.849220, 31.864257, 31.880949, 31.897634, 31.914424, 31.931088, 31.949310, 31.964857, 31.981034, 31.997680, 32.014380, 32.031132, 32.047658, 32.064448, 32.081086, 32.099105, 32.114392, 32.132569, 32.147715, 32.164504, 32.181433, 32.198065, 32.214843, 32.231400, 32.248013, 32.264694, 32.281356, 32.298037, 32.318185, 32.331364, 32.350075, 32.364669, 32.381398, 32.398088, 32.414727, 32.431474, 32.448237, 32.465211, 32.481452, 32.498110, 32.514796, 32.531519, 32.548187, 32.564898, 32.581521, 32.600041, 32.614866, 32.631541, 32.648244, 32.664962, 32.681700, 32.698292, 32.715418, 32.731602, 32.748289, 32.764956, 32.781665, 32.798344, 32.815633, 32.831876, 32.850089, 32.865621, 32.881945, 32.898514, 32.915221, 32.932529, 32.949100, 32.965423, 32.981964, 32.998581, 33.015261, 33.032572, 33.048799, 33.065397, 33.082048, 33.100128, 33.115332, 33.132028, 33.148720, 33.165418, 33.182226, 33.198772, 33.215539, 33.233079, 33.248971, 33.265514, 33.282167, 33.298843, 33.315557, 33.332279, 33.350120, 33.365543, 33.382287, 33.398923, 33.415695, 33.432448, 33.448982, 33.465714, 33.483788, 33.498870, 33.515514, 33.532153, 33.548724, 33.565355, 33.581992, 33.599316, 33.617205, 33.632045, 33.648800, 33.665501, 33.682742, 33.700999, 33.715482, 33.732120, 33.748827, 33.765549, 33.782176, 33.798799, 33.815492, 33.835976, 33.848780, 33.867076, 33.882163, 33.898801, 33.915575, 33.932242, 33.948896, 33.965482, 33.982199, 33.998804, 34.015524, 34.032237, 34.048936, 34.065508, 34.082188, 34.099410, 34.117674, 34.132416, 34.149090, 34.165690, 34.182483, 34.199146, 34.215726, 34.232397, 34.249097, 34.266295, 34.282653, 34.299159, 34.315785, 34.332475, 34.349147, 34.367089, 34.382479, 34.399153, 34.415963, 34.433162, 34.449846, 34.466007, 34.482538, 34.499201, 34.515862, 34.532622, 34.549245, 34.565956, 34.582651, 34.599262, 34.618090, 34.632621, 34.649402, 34.666191, 34.683151, 34.699522, 34.715970, 34.732654, 34.749908, 34.766128, 34.782742, 34.799400, 34.816090, 34.832757, 34.849459, 34.868053, 34.882797, 34.899487, 34.916149, 34.933981, 34.949603, 34.966306, 34.982993, 34.999714, 35.016416, 35.033198, 35.049780, 35.066441, 35.083121, 35.099780, 35.118617, 35.133268, 35.149899, 35.166574, 35.183771, 35.199865, 35.216532, 35.233262, 35.249918, 35.266600, 35.283282, 35.299964, 35.316715, 35.333429, 35.350063, 35.367996, 35.383543, 35.400234, 35.417448, 35.434162, 35.450359, 35.467237, 35.483835, 35.500608, 35.517432, 35.534067, 35.550648, 35.568857, 35.583968, 35.600724, 35.619054, 35.634110, 35.650947, 35.667969, 35.684072, 35.700773, 35.717405, 35.734011, 35.750669, 35.767387, 35.784105, 35.800758, 35.818974, 35.834124, 35.850886, 35.869011, 35.884283, 35.900949, 35.917475, 35.934259, 35.951430, 35.967716, 35.984291, 36.001520, 36.017734, 36.034444, 36.051585, 36.067881, 36.084514, 36.101114, 36.119089, 36.134545, 36.151667, 36.170459, 36.184541, 36.201182, 36.217877, 36.234509, 36.251732, 36.267952, 36.284505, 36.301163, 36.317857, 36.334567, 36.351232, 36.370004, 36.384671, 36.401779, 36.417996, 36.434653, 36.451336, 36.467952, 36.484614, 36.501303, 36.518019, 36.534772, 36.551374, 36.568143, 36.584742, 36.601397, 36.619958, 36.634898, 36.651978, 36.668099, 36.684849, 36.701583, 36.718352, 36.735048, 36.751831, 36.769066, 36.785305, 36.801907, 36.818605, 36.835290, 36.852014, 36.870033, 36.885413, 36.902644, 36.918622, 36.935388, 36.951996, 36.968702, 36.985334, 37.002626, 37.019427, 37.035636, 37.052245, 37.069442, 37.085780, 37.102392, 37.121109, 37.135700, 37.152969, 37.169052, 37.186302, 37.202534, 37.219136, 37.235765, 37.253012, 37.269223, 37.285813, 37.302568, 37.320873, 37.335944, 37.352755, 37.371106, 37.386576, 37.403235, 37.419263, 37.436002, 37.452672, 37.470889, 37.486014, 37.502638, 37.519257, 37.535929, 37.552517, 37.569255, 37.585924, 37.602531, 37.620986, 37.636464, 37.652662, 37.669379, 37.686025, 37.702981, 37.723079, 37.736126, 37.752726, 37.769474, 37.785942, 37.802567, 37.819735, 37.835964, 37.853059, 37.870929, 37.886060, 37.902596, 37.919193, 37.935833, 37.952527, 37.969190, 37.985879, 38.002540, 38.019211, 38.036527, 38.052698, 38.069216, 38.085891, 38.102642, 38.120886, 38.136496, 38.152748, 38.169309, 38.185967, 38.202664, 38.219308, 38.236005, 38.252665, 38.269905, 38.286152, 38.302724, 38.319434, 38.336123, 38.353439, 38.371065, 38.386676, 38.402826, 38.419491, 38.436174, 38.452899, 38.469505, 38.486174, 38.503406, 38.519707, 38.536245, 38.552886, 38.569481, 38.586108, 38.602747, 38.619338, 38.637939, 38.652717, 38.669322, 38.685860, 38.702485, 38.719153, 38.735777, 38.752458, 38.769155, 38.785788, 38.802482, 38.819189, 38.835828, 38.853137, 38.869447, 38.887867, 38.902630, 38.919298, 38.935970, 38.952650, 38.969340, 38.985993, 39.002694, 39.019362, 39.036067, 39.053300, 39.069503, 39.086083, 39.102760, 39.119521, 39.138399, 39.152857, 39.169448, 39.186052, 39.202688, 39.219372, 39.236093, 39.252700, 39.269436, 39.286133, 39.302769, 39.319440, 39.336761, 39.352910, 39.369608, 39.387911, 39.402857, 39.419587, 39.436843, 39.453114, 39.471203, 39.486358, 39.503026, 39.519698, 39.536429, 39.553044, 39.569755, 39.586405, 39.603151, 39.619936, 39.637861, 39.653068, 39.669866, 39.686471, 39.703181, 39.720467, 39.736640, 39.753223, 39.769884, 39.786590, 39.803280, 39.819979, 39.836914, 39.853380, 39.870417, 39.887915, 39.903329, 39.920050, 39.937245, 39.954063, 39.971737, 39.986789, 40.003480, 40.020674, 40.036991, 40.053497, 40.070182, 40.086911, 40.103642, 40.120279, 40.139446, 40.153854, 40.170363, 40.187525, 40.203798, 40.220379, 40.237013, 40.253705, 40.270401, 40.287034, 40.304245, 40.320526, 40.337159, 40.353768, 40.370895, 40.388928, 40.403807, 40.420487, 40.437115, 40.453793, 40.474366, 40.487166, 40.503802, 40.520451, 40.537151, 40.553781, 40.570435, 40.587178, 40.603853, 40.620819, 40.638803, 40.653884, 40.670522, 40.687207, 40.703944, 40.720558, 40.737227, 40.753880, 40.771144, 40.787454, 40.804005, 40.820677, 40.837625, 40.854098, 40.871387, 40.888980, 40.904288, 40.920927, 40.937530, 40.954179, 40.970845, 40.987440, 41.004173, 41.020819, 41.038209, 41.054327, 41.070916, 41.087650, 41.104225, 41.120954, 41.138812, 41.154285, 41.171089, 41.187659, 41.204386, 41.221075, 41.237743, 41.254564, 41.271227, 41.288560, 41.304715, 41.321348, 41.338059, 41.355194, 41.371349, 41.389863, 41.404688, 41.421382, 41.438076, 41.454710, 41.471459, 41.488134, 41.504759, 41.521426, 41.538205, 41.554816, 41.571485, 41.588150, 41.604862, 41.622083, 41.639945, 41.655210, 41.671526, 41.688266, 41.705001, 41.721599, 41.738250, 41.755561, 41.771815, 41.788350, 41.805089, 41.821785, 41.838498, 41.855403, 41.871723, 41.889789, 41.905119, 41.921792, 41.938416, 41.955036, 41.971643, 41.988290, 42.004947, 42.021580, 42.038348, 42.054989, 42.071716, 42.088428, 42.105038, 42.121715, 42.139712, 42.155040, 42.171683, 42.188426, 42.205086, 42.221747, 42.238454, 42.255129, 42.272346, 42.288634, 42.305226, 42.322429, 42.338877, 42.355058, 42.371464, 42.388145, 42.406897, 42.421489, 42.438563, 42.455236, 42.471922, 42.488596, 42.505202, 42.521888, 42.538572, 42.554824, 42.571500, 42.588382, 42.604818, 42.621477, 42.638129, 42.656712, 42.671936, 42.688654, 42.705571, 42.722297, 42.738960, 42.755678, 42.772383, 42.789040, 42.805764, 42.822470, 42.839597, 42.855736, 42.872428, 42.889136, 42.907863, 42.923078, 42.939321, 42.956006, 42.972619, 42.989360, 43.006098, 43.022688, 43.039529, 43.056147, 43.072762, 43.089800, 43.106152, 43.122690, 43.139477, 43.157729, 43.172821, 43.189495, 43.206245, 43.224432, 43.239874, 43.256577, 43.273243, 43.289871, 43.306606, 43.323795, 43.340449, 43.356815, 43.373304, 43.390041, 43.408757, 43.423336, 43.440097, 43.456723, 43.473347, 43.492245, 43.506929, 43.523511, 43.540314, 43.557721, 43.573714, 43.590356, 43.607046, 43.623606, 43.640323, 43.658855, 43.673653, 43.690970, 43.707171, 43.723808, 43.740356, 43.757034, 43.778685, 43.790530, 43.807897, 43.824270, 43.840460, 43.857158, 43.873856, 43.890522, 43.908803, 43.924408, 43.940685, 43.957223, 43.973898, 43.990527, 44.007141, 44.024115, 44.040992, 44.057729, 44.073869, 44.090570, 44.107297, 44.123936, 44.140619, 44.158706, 44.174687, 44.190907, 44.207621, 44.224188, 44.240846, 44.257565, 44.274262, 44.290925, 44.308141, 44.324273, 44.340914, 44.357499, 44.374224, 44.390791, 44.409678, 44.424110, 44.440840, 44.458069, 44.474333, 44.490922, 44.508123, 44.524757, 44.541052, 44.558340, 44.574424, 44.591111, 44.607757, 44.624395, 44.641089, 44.659814, 44.674998, 44.691304, 44.707922, 44.724476, 44.741222, 44.757807, 44.774548, 44.791295, 44.808554, 44.824581, 44.841275, 44.857985, 44.874609, 44.891276, 44.909698, 44.924604, 44.941296, 44.957979, 44.974622, 44.991341, 45.008040, 45.025080, 45.041392, 45.058439, 45.074725, 45.091965, 45.108253, 45.124855, 45.141556, 45.159746, 45.174903, 45.191545, 45.208240, 45.224948, 45.241640, 45.258286, 45.275011, 45.292138, 45.310108, 45.324988, 45.341661, 45.358317, 45.375013, 45.391730, 45.409638, 45.425589, 45.441883, 45.458406, 45.475086, 45.491760, 45.508522, 45.525314, 45.541887, 45.560095, 45.575289, 45.591911, 45.608657, 45.625234, 45.641825, 45.660623, 45.675274, 45.691876, 45.708648, 45.725268, 45.741915, 45.758684, 45.775347, 45.792073, 45.808739, 45.825904, 45.842165, 45.858756, 45.875460, 45.892094, 45.910634, 45.929356, 45.942169, 45.958808, 45.975491, 45.992152, 46.008947, 46.026152, 46.042293, 46.058861, 46.075560, 46.092281, 46.108931, 46.125591, 46.142798, 46.160727, 46.175665, 46.192354, 46.209033, 46.225715, 46.242391, 46.259123, 46.275785, 46.292409, 46.309118, 46.325760, 46.342415, 46.359058, 46.375798, 46.392481, 46.410582, 46.425767, 46.442398, 46.459073, 46.475716, 46.492451, 46.509100, 46.526037, 46.542419, 46.559122, 46.575719, 46.592412, 46.609000, 46.625629, 46.642203, 46.658911, 46.678154, 46.692376, 46.709098, 46.725714, 46.742345, 46.759141, 46.775863, 46.792393, 46.809133, 46.825758, 46.842524, 46.859191, 46.875877, 46.892525, 46.909214, 46.927605, 46.942506, 46.959206, 46.976463, 46.992773, 47.009306, 47.026690, 47.042716, 47.059369, 47.076021, 47.092706, 47.109400, 47.126102, 47.143348, 47.159642, 47.177621, 47.192814, 47.209564, 47.226167, 47.242927, 47.261686, 47.277347, 47.293104, 47.309653, 47.326275, 47.342983, 47.359601, 47.376265, 47.393541, 47.409810, 47.427648, 47.443047, 47.459710, 47.476370, 47.493059, 47.509803, 47.528243, 47.543137, 47.560374, 47.576626, 47.593209, 47.609868, 47.626521, 47.643189, 47.659891, 47.678612, 47.693274, 47.710516, 47.726827, 47.743418, 47.760084, 47.777601, 47.793452, 47.810043, 47.826711, 47.847325, 47.860059, 47.876736, 47.893371, 47.910047, 47.929149, 47.943521, 47.960126, 47.976833, 47.993452, 48.010177, 48.027190, 48.043474, 48.060185, 48.076825, 48.093541, 48.110214, 48.126884, 48.144143, 48.160215, 48.178593, 48.193610, 48.210809, 48.227257, 48.243756, 48.260398, 48.277650, 48.293853, 48.310438, 48.327115, 48.344363, 48.360632, 48.377185, 48.393844, 48.410494, 48.428596, 48.443813, 48.460494, 48.477164, 48.493983, 48.510471, 48.527851, 48.543998, 48.560527, 48.577181, 48.593945, 48.610687, 48.628017, 48.644501, 48.661251, 48.680284, 48.694527, 48.711160, 48.727872, 48.744435, 48.761058, 48.777847, 48.794616, 48.811413, 48.828114, 48.844774, 48.861548, 48.878090, 48.894773, 48.911544, 48.929553, 48.944735, 48.961548, 48.978135, 48.994978, 49.011920, 49.028207, 49.044839, 49.061535, 49.078207, 49.094963, 49.111565, 49.128219, 49.144915, 49.161597, 49.179515, 49.195572, 49.211836, 49.228541, 49.246585, 49.261998, 49.279010, 49.295258, 49.311824, 49.328466, 49.345182, 49.361802, 49.378500, 49.395131, 49.412380, 49.430799, 49.446804, 49.461978, 49.478643, 49.495349, 49.511918, 49.528650, 49.545236, 49.561963, 49.578610, 49.599785, 49.612161, 49.628747, 49.645483, 49.662129, 49.680643, 49.695641, 49.712430, 49.729502, 49.745608, 49.762209, 49.778924, 49.795571, 49.812232, 49.828944, 49.845634, 49.862264, 49.878977, 49.895659, 49.912361, 49.930551, 49.946487, 49.962600, 49.979092, 49.996247, 50.012513, 50.029236, 50.045817, 50.062524, 50.079222, 50.095880, 50.112608, 50.129179, 50.145884, 50.162725, 50.181556, 50.196197, 50.213092, 50.229752, 50.246793, 50.263600, 50.279871, 50.296457, 50.313103, 50.329793, 50.346365, 50.362940, 50.379514, 50.396208, 50.412899, 50.431638, 50.446163, 50.463014, 50.479573, 50.496379, 50.512916, 50.530186, 50.546394, 50.562981, 50.579641, 50.596339, 50.613078, 50.629649, 50.647889, 50.663020, 50.681607, 50.696445, 50.713094, 50.729764, 50.746442, 50.763062, 50.780339, 50.796637, 50.813111, 50.831365, 50.846545, 50.863173, 50.879999, 50.896541, 50.913155, 50.931579, 50.947209, 50.963925, 50.980467, 50.996585, 51.013302, 51.030038, 51.050597, 51.063398, 51.080040, 51.096722, 51.113423, 51.130093, 51.146777, 51.163451, 51.181513, 51.196771, 51.213719, 51.230029, 51.246554, 51.263302, 51.280001, 51.296662, 51.313366, 51.329964, 51.346722, 51.363330, 51.380030, 51.396745, 51.413409, 51.431490, 51.446823, 51.463948, 51.481115, 51.496917, 51.513555, 51.530282, 51.546867, 51.563587, 51.580189, 51.596902, 51.613615, 51.630296, 51.646939, 51.663599, 51.682454, 51.697359, 51.714258, 51.730370, 51.747029, 51.764244, 51.781167, 51.797116, 51.813848, 51.830539, 51.847242, 51.864901, 51.880816, 51.897356, 51.914153, 51.932608, 51.947511, 51.964675, 51.980937, 51.998142, 52.014335, 52.031013, 52.047669, 52.065290, 52.081024, 52.097694, 52.114229, 52.131018, 52.147699, 52.164408, 52.182585, 52.198246, 52.214931, 52.231065, 52.249218, 52.264431, 52.281107, 52.297813, 52.314427, 52.331132, 52.347798, 52.364509, 52.381122, 52.397766, 52.414620, 52.432468, 52.448041, 52.469602, 52.481498, 52.498073, 52.514722, 52.531469, 52.548047, 52.564792, 52.581457, 52.598030, 52.614738, 52.631275, 52.648008, 52.664673, 52.682426, 52.698868, 52.715124, 52.731237, 52.747891, 52.764673, 52.781258, 52.798004, 52.814670, 52.831273, 52.847993, 52.864617, 52.881363, 52.898022, 52.914735, 52.933385, 52.949169, 52.964779, 52.981359, 52.998624, 53.014897, 53.031537, 53.048132, 53.064876, 53.081460, 53.098744, 53.114913, 53.131541, 53.148350, 53.165195, 53.183455, 53.198464, 53.215082, 53.231814, 53.248417, 53.265120, 53.281802, 53.298391, 53.315114, 53.331812, 53.348445, 53.365119, 53.381794, 53.398516, 53.415168, 53.433342, 53.449048, 53.465726, 53.483512, 53.498717, 53.515470, 53.532257, 53.548862, 53.565497, 53.582177, 53.599469, 53.615688, 53.632279, 53.650672, 53.665834, 53.684512, 53.699055, 53.715635, 53.732269, 53.748975, 53.765641, 53.782285, 53.798985, 53.815720, 53.832352, 53.849018, 53.869955, 53.882378, 53.899102, 53.915833, 53.934402, 53.949052, 53.965827, 53.982468, 53.999245, 54.015852, 54.032474, 54.049221, 54.065877, 54.082497, 54.099250, 54.115852, 54.132585, 54.149303, 54.166538, 54.184528, 54.199347, 54.216107, 54.233360, 54.249628, 54.266215, 54.282827, 54.299542, 54.316420, 54.333078, 54.349748, 54.366500, 54.383086, 54.400321, 54.416515, 54.435359, 54.449794, 54.466484, 54.483141, 54.499819, 54.516533, 54.533721, 54.550005, 54.566560, 54.583215, 54.599934, 54.616575, 54.633317, 54.650198, 54.666678, 54.685383, 54.700125, 54.716698, 54.733301, 54.749915, 54.768098, 54.783242, 54.799875, 54.816521, 54.833263, 54.849911, 54.866548, 54.883271, 54.900035, 54.918290, 54.935312, 54.950004, 54.966713, 54.983293, 54.999922, 55.017235, 55.033539, 55.050047, 55.066787, 55.083965, 55.100176, 55.116778, 55.133539, 55.150233, 55.166849, 55.185371, 55.200230, 55.221418, 55.233647, 55.250260, 55.266926, 55.283556, 55.300203, 55.316922, 55.333599, 55.350791, 55.367106, 55.383691, 55.400318, 55.417026, 55.435255, 55.450240, 55.466915, 55.483551, 55.500203, 55.516850, 55.533589, 55.550198, 55.566892, 55.583604, 55.600270, 55.617534, 55.633776, 55.650593, 55.667205, 55.683672, 55.702421, 55.716947, 55.733674, 55.750355, 55.766934, 55.783588, 55.800228, 55.816914, 55.833589, 55.850230, 55.867365, 55.883647, 55.900280, 55.916858, 55.933534, 55.950168, 55.968922, 55.983741, 56.000872, 56.017156, 56.033750, 56.050968, 56.067166, 56.083750, 56.100394, 56.117151, 56.134323, 56.150694, 56.167593, 56.183852, 56.200496, 56.218413, 56.235383, 56.250544, 56.267240, 56.283884, 56.300544, 56.317220, 56.333906, 56.350506, 56.367265, 56.383902, 56.401115, 56.417220, 56.433881, 56.450576, 56.470378, 56.483940, 56.500580, 56.517322, 56.533972, 56.550641, 56.567347, 56.583869, 56.600672, 56.617913, 56.634146, 56.650946, 56.667830, 56.684641, 56.700923, 56.718024, 56.736018, 56.751066, 56.767669, 56.784291, 56.800938, 56.818193, 56.834438, 56.851084, 56.867815, 56.885065, 56.905344, 56.917763, 56.934403, 56.951128, 56.967814, 56.986391, 57.001276, 57.017987, 57.034587, 57.051243, 57.067906, 57.084570, 57.101265, 57.117959, 57.135099, 57.151812, 57.168005, 57.184672, 57.201325, 57.218070, 57.236247, 57.251374, 57.268053, 57.284737, 57.301429, 57.318065, 57.334821, 57.351527, 57.368222, 57.385406, 57.402583, 57.418403, 57.435045, 57.451657, 57.468334, 57.486860, 57.501924, 57.518456, 57.535186, 57.551847, 57.568521, 57.585226, 57.601900, 57.618573, 57.635674, 57.652256, 57.668585, 57.685778, 57.701995, 57.718631, 57.737290, 57.751844, 57.768612, 57.785373, 57.802091, 57.818789, 57.835452, 57.852158, 57.868865, 57.885557, 57.902483, 57.918833, 57.935521, 57.952173, 57.970444, 57.987246, 58.002234, 58.018918, 58.035605, 58.052287, 58.068958, 58.085641, 58.102403, 58.119068, 58.135705, 58.153911, 58.169024, 58.185723, 58.202438, 58.219148, 58.237764, 58.252612, 58.269218, 58.285811, 58.302600, 58.319274, 58.335931, 58.356552, 58.369466, 58.385977, 58.402681, 58.419348, 58.436037, 58.452662, 58.469448, 58.488197, 58.502837, 58.519503, 58.536212, 58.552882, 58.569542, 58.586272, 58.602899, 58.620028, 58.636687, 58.652929, 58.669589, 58.686298, 58.703015, 58.719697, 58.738162, 58.753649, 58.769974, 58.786496, 58.803755, 58.820145, 58.836731, 58.853405, 58.870017, 58.887051, 58.903340, 58.920048, 58.936721, 58.953386, 58.969975, 58.988246, 59.003250, 59.019822, 59.036437, 59.053054, 59.069769, 59.086419, 59.103064, 
12, 20, 2, 1.696912, 1.696068, 1.695484, 1.695484, 1.640359, 1.548912, 1.451341, 1.325823, 1.181630, 1.018502, 0.832755, 0.633543, 0.413757, 0.181790, 0.074351, 0.351860, 0.632195, 0.953046, 1.268596, 1.659555, 2.065640, 2.481296, 2.990419, 3.319023, 3.726139, 4.134281, 4.541618, 4.942816, 5.324411, 5.648333, 5.917326, 6.148732, 6.241556, 6.407741, 6.381217, 6.311994, 6.189123, 6.018815, 5.823794, 5.613483, 5.408401, 5.194517, 4.992373, 4.806582, 4.630469, 4.467179, 4.125160, 3.965224, 3.943307, 3.543775, 3.368456, 3.308978, 2.878742, 2.659479, 2.631973, 2.242343, 2.077428, 1.854441, 1.660271, 1.474491, 1.314420, 1.170878, 1.064793, 0.933454, 0.845924, 0.771637, 0.802416, 0.744114, 0.752805, 0.803740, 0.862115, 0.946193, 1.040448, 1.149931, 1.273670, 1.414867, 1.528037, 1.659792, 1.768357, 1.864120, 1.987928, 2.104192, 2.179561, 2.244600, 2.224485, 2.292375, 2.313766, 2.203534, 2.115742, 2.037373, 1.808435, 1.740003, 1.617424, 1.480939, 1.417466, 1.337666, 1.116542, 0.988619, 0.751452, 0.504533, 0.231249, 0.044573, 0.331977, 0.632918, 0.947851, 1.288018, 1.655122, 2.124985, 2.586286, 3.018423, 3.549356, 4.014871, 4.445236, 4.852785, 5.233214, 5.628643, 5.958468, 6.290984, 6.589780, 6.870185, 7.134363, 7.347275, 7.570237, 7.701177, 7.678305, 7.820517, 7.783692, 7.685016, 7.537647, 7.347921, 7.099737, 6.818578, 6.500446, 6.152374, 5.773649, 5.405158, 5.045401, 4.670467, 4.293502, 3.944386, 3.354937, 3.258735, 2.936401, 2.621077, 2.339428, 1.818528, 1.511669, 1.234527, 0.977298, 0.761234, 0.562845, 0.386700, 0.237543, 0.096097, 0.006298, 0.239646, 0.189889, 0.260360, 0.323850, 0.373342, 0.421937, 0.476613, 0.492645, 0.514495, 0.519473, 0.493227, 0.443878, 0.495715, 0.364627, 0.300302, 0.287454, 0.176784, 0.168693, 0.121219, 0.058674, 0.016595, 0.076071, 0.145629, 0.200495, 0.250834, 0.285412, 0.295267, 0.312416, 0.324585, 0.316150, 0.288075, 0.248528, 0.213253, 0.176761, 0.155121, 0.108034, 0.080880, 0.121785, 0.031262, 0.013923, 0.016372, 0.045479, 0.053942, 0.051956, 0.034430, 0.033779, 0.016573, 0.013416, 0.052955, 0.083377, 0.115903, 0.157161, 0.200072, 0.240699, 0.274335, 0.295226, 0.278270, 0.245914, 0.180472, 0.118065, 0.053834, 0.027089, 0.105731, 0.182382, 0.280987, 0.382128, 0.495501, 0.614976, 0.742203, 0.893983, 1.028680, 1.190676, 1.330036, 1.443708, 1.529686, 1.592851, 1.592404, 1.553353, 1.470769, 1.377795, 1.274791, 1.138545, 1.004585, 0.797545, 0.619619, 0.428493, 0.213847, 0.012650, 0.237322, 0.463320, 0.686282, 0.908507, 1.131052, 1.350422, 1.570462, 1.782245, 1.960565, 2.128120, 2.261873, 2.364956, 2.455238, 2.494974, 2.498165, 2.481733, 2.452076, 2.426357, 2.243179, 2.249286, 2.150424, 2.031360, 1.892684, 1.745339, 1.592656, 1.447334, 1.172026, 1.132971, 0.961641, 0.678074, 0.611357, 0.444265, 0.296692, 0.063605, 0.056962, 0.033923, 0.104607, 0.254045, 0.230213, 0.270669, 0.394352, 0.432756, 0.464846, 0.504715, 0.475792, 0.565762, 0.596145, 0.547636, 0.638240, 0.600743, 0.618390, 0.604698, 0.596395, 0.571637, 0.533633, 0.476386, 0.396024, 0.280029, 0.163224, 0.066177, 0.037693, 0.149312, 0.256521, 0.351220, 0.418475, 0.471780, 0.526061, 0.559172, 0.585469, 0.604825, 0.634867, 0.661403, 0.702712, 0.742394, 0.797551, 0.865501, 0.912417, 0.976065, 1.054204, 1.127619, 1.172498, 1.204256, 1.236089, 1.244160, 1.240337, 1.224917, 1.199872, 1.165237, 1.122846, 1.082283, 1.037236, 0.996625, 0.952021, 0.898849, 0.716442, 0.640954, 0.546278, 0.433819, 0.309344, 0.168360, 0.009200, 0.165828, 0.352271, 0.543322, 0.757227, 0.981258, 1.205349, 1.436854, 1.681135, 1.969979, 2.163463, 2.413402, 2.655248, 2.908534, 3.144028, 3.403570, 3.637939, 3.883848, 4.106231, 4.340255, 4.577142, 4.812268, 5.031167, 5.218645, 5.443228, 5.636453, 5.819443, 5.956866, 6.018564, 6.018934, 5.989470, 5.878431, 5.750932, 5.553284, 5.334967, 5.091136, 4.812684, 4.480482, 4.117560, 3.531594, 3.303605, 2.876907, 2.432172, 1.986182, 1.552060, 1.109353, 0.641709, 0.182167, 0.286566, 0.733022, 1.153554, 1.557105, 2.118504, 2.286027, 2.598087, 2.995872, 3.077874, 3.253911, 3.473663, 3.468983, 3.566361, 3.546928, 3.400974, 3.249559, 3.075628, 2.864105, 2.569013, 2.255563, 1.989921, 1.612863, 1.270159, 0.901408, 0.515268, 0.123300, 0.259766, 0.632422, 0.969859, 1.282141, 1.556224, 1.827252, 2.051500, 2.254135, 2.433364, 2.620316, 2.814903, 2.996334, 3.139254, 3.240434, 3.368765, 3.477745, 3.628575, 3.745183, 3.883561, 4.017876, 4.197452, 4.402997, 4.557828, 4.725721, 4.916429, 5.107115, 5.299071, 5.490494, 5.682996, 5.876599, 6.071449, 6.266357, 6.461692, 6.674961, 6.854579, 7.051247, 7.249576, 7.448837, 7.647446, 7.848136, 8.092971, 8.250373, 8.451445, 8.653538, 8.856777, 9.067268, 9.265750, 9.472112, 9.677475, 9.884109, 10.091337, 10.309964, 10.545081, 10.780173, 11.016400, 11.257030, 11.503972, 11.734750, 11.975450, 12.219444, 12.450069, 12.687119, 12.904450, 13.118666, 13.334862, 13.550253, 13.766111, 13.984161, 14.201063, 14.418521, 14.638099, 14.856846, 15.076021, 15.297401, 15.523752, 15.745719, 15.943050, 16.134695, 16.258455, 16.314185, 16.312176, 16.213838, 16.018863, 15.772183, 15.473375, 15.130134, 14.579826, 14.398634, 13.785170, 13.357648, 13.133333, 12.455388, 11.977027, 11.724728, 10.989678, 10.490797, 10.002471, 9.515035, 9.045523, 8.569229, 8.119547, 7.684800, 7.286809, 6.913419, 6.550342, 6.200005, 5.893683, 5.619897, 5.376994, 5.142122, 4.938507, 4.763463, 4.622954, 4.508268, 4.393895, 4.300438, 4.211704, 4.165308, 4.052769, 3.975775, 3.886237, 3.789872, 3.699754, 3.608473, 3.520776, 3.414935, 3.308513, 3.199047, 3.081205, 2.963606, 2.781304, 2.616295, 2.432369, 2.241335, 2.056925, 1.856268, 1.640468, 1.424832, 1.276868, 1.008761, 0.775566, 0.545149, 0.307689, 0.055835, 0.211015, 0.457803, 0.704773, 0.940804, 1.152714, 1.348173, 1.521324, 1.662393, 1.772139, 1.862488, 1.944846, 1.993275, 2.044220, 2.082445, 2.114149, 2.139485, 2.145356, 2.118823, 2.105945, 2.058555, 1.996785, 1.901749, 1.802326, 1.681286, 1.549422, 1.415165, 1.264314, 1.120694, 0.961798, 0.790658, 0.623464, 0.473489, 0.335875, 0.137306, 0.023834, 0.237783, 0.401568, 0.582276, 0.730417, 0.880979, 1.060137, 1.193378, 1.369800, 1.492152, 1.597343, 1.692688, 1.778011, 1.832499, 1.953272, 1.981804, 2.079897, 2.080234, 2.178548, 2.204906, 2.148562, 2.151469, 2.215066, 2.124436, 2.180928, 2.161924, 2.078961, 2.081942, 2.069325, 2.092411, 2.073538, 2.076810, 2.074443, 2.061909, 2.029355, 2.013414, 1.960088, 1.915051, 1.873812, 1.831502, 1.769075, 1.716217, 1.662013, 1.618765, 1.553735, 1.497222, 1.434422, 1.368592, 1.296186, 1.247636, 1.178200, 1.086173, 0.992899, 0.885299, 0.774589, 0.654475, 0.529013, 0.402936, 0.283761, 0.175682, 0.061935, 0.045500, 0.149610, 0.237154, 0.312918, 0.378794, 0.435171, 0.478998, 0.497708, 0.510610, 0.522820, 0.507246, 0.469396, 0.410961, 0.329650, 0.134934, 0.040318, 0.255282, 0.469867, 0.753379, 1.082173, 1.390992, 1.702327, 1.981459, 2.193978, 2.404717, 2.621891, 2.762403, 2.870005, 2.873766, 2.946072, 2.932037, 2.886341, 2.812117, 2.695717, 2.550996, 2.400629, 2.178292, 2.110516, 1.950670, 1.815296, 1.690542, 1.588620, 1.492478, 1.305729, 1.327262, 1.249889, 1.184913, 1.119344, 1.063704, 1.026132, 0.999878, 0.953732, 0.925897, 0.915843, 0.918062, 0.922764, 0.946440, 0.980313, 0.941576, 1.028720, 1.056341, 1.085145, 1.096676, 1.110766, 1.105184, 1.085219, 0.983618, 1.032820, 0.996986, 0.873175, 0.910923, 0.870570, 0.777423, 0.730870, 0.785915, 0.693218, 0.679578, 0.679671, 0.681111, 0.682197, 0.684868, 0.703741, 0.686322, 0.675969, 0.655322, 0.621531, 0.578707, 0.553609, 0.505461, 0.455075, 0.432520, 0.410849, 0.411953, 0.425198, 0.450367, 0.488732, 0.505667, 0.503676, 0.475759, 0.415027, 0.323138, 0.248154, 0.142947, 0.031329, 0.080223, 0.177718, 0.260601, 0.293643, 0.386309, 0.442954, 0.455778, 0.463866, 0.463974, 0.439721, 0.404052, 0.352663, 0.275677, 0.210617, 0.238542, 0.051985, 0.141838, 0.344992, 0.547035, 0.760508, 0.990876, 1.259432, 1.521198, 1.781820, 2.036238, 2.253282, 2.449435, 2.639506, 2.813543, 2.980116, 3.106158, 3.196545, 3.249135, 3.264537, 3.234779, 3.170626, 3.088767, 2.990452, 2.874432, 2.729118, 2.550842, 2.344232, 2.117649, 1.849457, 1.562637, 1.140767, 0.995392, 0.692331, 0.395044, 0.116155, 0.156214, 0.417707, 0.656126, 0.856070, 1.033077, 1.250771, 1.279574, 1.362404, 1.409483, 1.417256, 1.433870, 1.335688, 1.241554, 1.100253, 0.963900, 0.785443, 0.596982, 0.422713, 0.226247, 0.048827, 0.148495, 0.331723, 0.414624, 0.532249, 0.598294, 0.599134, 0.683108, 0.650569, 0.654034, 0.663197, 0.542971, 0.591319, 0.519806, 0.296588, 0.143014, 0.089915, 0.303461, 0.581947, 0.686328, 1.131992, 1.401768, 1.604485, 1.727173, 1.773571, 1.734128, 1.594550, 1.359391, 1.025746, 0.549219, 0.180034, 0.379024, 1.014258, 1.686508, 2.379032, 3.065445, 3.740275, 4.428878, 5.087330, 5.716688, 6.326236, 6.918418, 7.501587, 8.084562, 8.686197, 9.283965, 9.860348, 10.406192, 10.945805, 11.466220, 11.955643, 12.447397, 12.907102, 13.359335, 13.771021, 14.169606, 14.534213, 14.876318, 15.181201, 15.482481, 15.771310, 16.038437, 16.296042, 16.542319, 16.805457, 17.067263, 17.344706, 17.621182, 17.889861, 18.123288, 18.298087, 18.406254, 18.461565, 18.429215, 18.312037, 18.112188, 17.837000, 17.505379, 17.085374, 16.598054, 16.036292, 15.425135, 14.738043, 13.984003, 13.139497, 12.238205, 11.244357, 10.184652, 9.112135, 8.003802, 6.876075, 5.758200, 4.662047, 3.596515, 2.552266, 1.541647, 0.337293, 0.304820, 1.102781, 2.037653, 2.470015, 3.003942, 3.457537, 3.885529, 4.275213, 4.647987, 5.027100, 5.368602, 5.670673, 5.948863, 6.145650, 6.294583, 6.424057, 6.404549, 6.287316, 6.089629, 5.810855, 5.462184, 5.036218, 4.532255, 3.935346, 2.976887, 2.202330, 1.703262, 0.487717, 0.445876, 1.398808, 2.354577, 3.318587, 3.899062, 5.163561, 6.034060, 6.889501, 7.694356, 8.459165, 9.154262, 9.788952, 10.367428, 10.849710, 11.249464, 11.541958, 11.733220, 11.802234, 11.738554, 11.638374, 11.411902, 11.072320, 10.658768, 10.177926, 9.620298, 9.005004, 8.340583, 7.643610, 6.897009, 6.136287, 5.330870, 4.499505, 3.629175, 2.790230, 1.944122, 1.110920, 0.279136, 0.544947, 1.379351, 2.158196, 2.909913, 3.634123, 4.311074, 4.953266, 5.539600, 6.082236, 6.595417, 7.066793, 7.508947, 7.913227, 8.305083, 8.686928, 9.080598, 9.489481, 9.914694, 10.478777, 10.778085, 11.190249, 11.587731, 11.937293, 12.218506, 12.414091, 12.518393, 12.590297, 12.541212, 12.410018, 12.197041, 11.878572, 11.483012, 10.998282, 10.454788, 9.809058, 9.119739, 8.384491, 7.612896, 6.848080, 6.079347, 5.054390, 4.594270, 3.881751, 3.210859, 2.600762, 2.037300, 1.510359, 1.029455, 0.603368, 0.086358, 0.230011, 0.503431, 0.730251, 0.931668, 1.102501, 1.267369, 1.425624, 1.506526, 1.646583, 1.793953, 1.937948, 2.084909, 2.308454, 2.383214, 2.531595, 2.687659, 2.827194, 3.033702, 3.096918, 3.221044, 3.242204, 3.263904, 3.228936, 3.154815, 3.041292, 2.876907, 2.676977, 2.428474, 2.157511, 1.848630, 1.513787, 1.160591, 0.781133, 0.352651, 0.117503, 0.629812, 1.199838, 1.811915, 2.484339, 3.201820, 3.957908, 4.754110, 5.583748, 6.421639, 7.281994, 8.115298, 8.923961, 9.712000, 10.473193, 11.197422, 11.906076, 12.564725, 13.200572, 13.799337, 14.360467, 14.871002, 15.380636, 15.856569, 16.327356, 16.765084, 17.189026, 17.607951, 17.980971, 18.348445, 18.692114, 19.005384, 19.309485, 19.583841, 19.821023, 20.047158, 20.228081, 20.406962, 20.547813, 20.636741, 20.706806, 20.754311, 20.806414, 20.858152, 20.904965, 20.896268, 20.886739, 20.863310, 20.805964, 20.706848, 20.557787, 20.345855, 20.044299, 19.659169, 19.170348, 18.616622, 17.980589, 17.294389, 16.542790, 15.761551, 14.959882, 14.160891, 13.389332, 12.645161, 11.948754, 11.319059, 10.727150, 10.177815, 9.666434, 9.196941, 8.763671, 8.357618, 7.970485, 7.635821, 7.316820, 7.027470, 6.757978, 6.519732, 6.331615, 6.106481, 5.996836, 5.978345, 5.949623, 5.960922, 5.998557, 6.074382, 6.231539, 6.410587, 6.576618, 6.745647, 6.919174, 7.144961, 7.262756, 7.421349, 7.620951, 7.719097, 7.848487, 7.944841, 8.027097, 8.133920, 8.229187, 8.343907, 8.406201, 8.502528, 8.544636, 8.599664, 8.674736, 8.780466, 8.907324, 9.041819, 9.156932, 9.282679, 9.360552, 9.413240, 9.436584, 9.452470, 9.435605, 9.403957, 9.358600, 9.369716, 9.207596, 9.120834, 9.000602, 8.860132, 8.706481, 8.535639, 8.370674, 8.196242, 8.018914, 7.835164, 7.650150, 7.459856, 7.279057, 7.114809, 6.932191, 6.744222, 6.565361, 6.392006, 6.211242, 6.065048, 5.931891, 5.830627, 5.746138, 5.666760, 5.630248, 5.586753, 5.511583, 5.433783, 5.346135, 5.244836, 5.130874, 5.001583, 4.850541, 4.605580, 4.300724, 3.955683, 3.561104, 3.137932, 2.696008, 2.240391, 1.749983, 1.277222, 0.824766, 0.429020, 0.076809, 0.214456, 0.434809, 0.602639, 0.731822, 0.864329, 0.902838, 0.900665, 0.870977, 0.801942, 0.698488, 0.544614, 0.354603, 0.151089, 0.074346, 0.328072, 0.563387, 0.800466, 1.031316, 1.242404, 1.447740, 1.624116, 1.780038, 1.883587, 1.945678, 1.953754, 1.949089, 1.905673, 1.841438, 1.710140, 1.563252, 1.408672, 1.242998, 1.099720, 0.836077, 0.564796, 0.268310, 0.045703, 0.185212, 0.416234, 0.593396, 0.789180, 0.940005, 1.127218, 1.305443, 1.439851, 1.569125, 1.699065, 1.830971, 1.964461, 2.097632, 2.184069, 2.272254, 2.392585, 2.452115, 2.557448, 2.601563, 2.640284, 2.653632, 2.663279, 2.590913, 2.639078, 2.612351, 2.503663, 2.516898, 2.468350, 2.326379, 2.257753, 2.167500, 2.059987, 2.028964, 1.810614, 1.677649, 1.527097, 1.364422, 1.195664, 1.012874, 0.833182, 0.636119, 0.445042, 0.241619, 0.044589, 0.126706, 0.301545, 0.462959, 0.603228, 0.736761, 0.880429, 0.999063, 1.104106, 1.190225, 1.254521, 1.295210, 1.323177, 1.317193, 1.278015, 1.234118, 1.168551, 1.077099, 0.947652, 0.822116, 0.644021, 0.479312, 0.291922, 0.130616, 0.024818, 0.181853, 0.342490, 0.514811, 0.623020, 0.748857, 0.876877, 0.995992, 1.096054, 1.189164, 1.253111, 1.325496, 1.358820, 1.375239, 1.363101, 1.322377, 1.287137, 1.246280, 1.175385, 1.113294, 1.058423, 0.992152, 0.876195, 0.858879, 0.797283, 0.739076, 0.700367, 0.660635, 0.629153, 0.602533, 0.576803, 0.558474, 0.529870, 0.510076, 0.498655, 0.477552, 0.376035, 0.452152, 0.445204, 0.432481, 0.414320, 0.391737, 0.376399, 0.360000, 0.346858, 0.345359, 0.325028, 0.310831, 0.313056, 0.293535, 0.281633, 0.174148, 0.274966, 0.280994, 0.300972, 0.319693, 0.360307, 0.419278, 0.476899, 0.538504, 0.609245, 0.687117, 0.790383, 0.900621, 1.017077, 1.067879, 1.270326, 1.402867, 1.539995, 1.688946, 1.849765, 1.991809, 2.151507, 2.227912, 2.368433, 2.579068, 2.611562, 2.723285, 2.920688, 2.928223, 3.016642, 3.112953, 3.197240, 3.299194, 3.385734, 3.466410, 3.545576, 3.622079, 3.690547, 3.768037, 3.835565, 3.887323, 3.962900, 4.043552, 4.109992, 4.179607, 4.231127, 4.276078, 4.310702, 4.339912, 4.350679, 4.356930, 4.355169, 4.341797, 4.314921, 4.298168, 4.288577, 4.267055, 4.254079, 4.243143, 4.249856, 4.229790, 4.236906, 4.225530, 4.219267, 4.198175, 4.174721, 4.134051, 4.067555, 3.997072, 3.917826, 3.863346, 3.727533, 3.601977, 3.321044, 3.167543, 3.015514, 2.834090, 2.640091, 2.427789, 2.175624, 1.914169, 1.615415, 1.318212, 0.937427, 0.561395, 0.153107, 0.259180, 0.688152, 1.109756, 1.710918, 1.984059, 2.404047, 2.826098, 3.244224, 3.663771, 4.086333, 4.511334, 4.950331, 5.390070, 5.829463, 6.277821, 6.717654, 7.140757, 7.562915, 7.950020, 8.297071, 8.621384, 8.961764, 9.307956, 9.581097, 9.750338, 9.856679, 9.897558, 9.882822, 9.818500, 9.712078, 9.326027, 9.279366, 8.952187, 8.537366, 7.773627, 7.569888, 7.041466, 6.492020, 5.616124, 5.354206, 4.758191, 3.846384, 3.589841, 3.017283, 2.128700, 1.896274, 1.089330, 0.635509, 0.458435, 0.211341, 0.574094, 0.677888, 1.202106, 1.454949, 1.469726, 1.854257, 1.987410, 2.061130, 2.121273, 2.140138, 2.122834, 2.081959, 2.042714, 1.952444, 1.859773, 1.755071, 1.645068, 1.500203, 1.368160, 1.211337, 1.060289, 0.912926, 0.790414, 0.667589, 0.546545, 0.465182, 0.367046, 0.310088, 0.226431, 0.216978, 0.212883, 0.225547, 0.185754, 0.326335, 0.445372, 0.466940, 0.569443, 0.661940, 0.756875, 0.859487, 0.928183, 1.075525, 1.214666, 1.327866, 1.450578, 1.536760, 1.596653, 1.645969, 1.671420, 1.701602, 1.648470, 1.616030, 1.556898, 1.485444, 1.413559, 1.331158, 1.239791, 1.168775, 1.100478, 1.039545, 0.993680, 0.944134, 0.904522, 0.866270, 0.818236, 0.761996, 0.699392, 0.639162, 0.567145, 0.480708, 0.402584, 0.327249, 0.269611, 0.204454, 0.227531, 0.092088, 0.031423, 0.012028, 0.047052, 0.094428, 0.132552, 0.141610, 0.140847, 0.135645, 0.120290, 0.009044, 0.057195, 0.022167, 0.009418, 0.129171, 0.157871, 0.098743, 0.138096, 0.163792, 0.182033, 0.279451, 0.292263, 0.222067, 0.318521, 0.334593, 0.321702, 0.323377, 0.317249, 0.213214, 0.233223, 0.145325, 0.028927, 0.161314, 0.268369, 0.426649, 0.571290, 0.691833, 0.817125, 0.908277, 0.906045, 0.798020, 0.587069, 0.265853, 0.126213, 0.618343, 1.191423, 1.840588, 2.535983, 3.277495, 4.026308, 4.766774, 5.462959, 6.123092, 6.715002, 7.248539, 7.724419, 8.134219, 8.516023, 8.847195, 9.139899, 9.351985, 9.552479, 9.791176, 9.957631, 10.076410, 10.222677, 10.371230, 10.505090, 10.688141, 10.841022, 10.945536, 11.040790, 11.159334, 11.226700, 11.280256, 11.332341, 11.325679, 11.321892, 11.313575, 11.278708, 11.231366, 11.167397, 11.091684, 11.006879, 10.930187, 10.844482, 10.761582, 10.708184, 10.657472, 10.622947, 10.605793, 10.614928, 10.631399, 10.674649, 10.720662, 10.791599, 10.905523, 11.053833, 11.208536, 11.387424, 11.565699, 11.746177, 11.925537, 12.095895, 12.278459, 12.462689, 12.647307, 12.847503, 13.010114, 13.189479, 13.377102, 13.544647, 13.688433, 13.836157, 13.983502, 14.099516, 14.208836, 14.283937, 14.339179, 14.288044, 14.332406, 14.295662, 14.238404, 14.184909, 14.123736, 14.063981, 14.015353, 13.986277, 13.866484, 13.807564, 13.691158, 13.670704, 13.508467, 13.206004, 13.043907, 12.942669, 12.824446, 12.849704, 12.819558, 12.784302, 12.843270, 12.908025, 12.954052, 13.007218, 13.047274, 13.070123, 13.106370, 13.147917, 13.194025, 13.275032, 13.361882, 13.475877, 13.672665, 13.868923, 14.089169, 14.317446, 14.598915, 14.934424, 15.307494, 15.699994, 16.123321, 16.569660, 17.045013, 17.559997, 18.100237, 18.686481, 19.293159, 19.921586, 20.563489, 21.187431, 21.752815, 22.268897, 22.701045, 23.051077, 23.329063, 23.547212, 23.625188, 23.599756, 23.472620, 23.261470, 22.947504, 22.544181, 22.006935, 21.368395, 20.615868, 19.692056, 18.671554, 17.489608, 16.212776, 14.859945, 13.470688, 12.041343, 10.625245, 9.255573, 7.396360, 6.645377, 5.449958, 4.348686, 3.351583, 2.453937, 1.670101, 0.994323, 0.433083, 0.050551, 0.469501, 0.810704, 1.110434, 1.364915, 1.584156, 1.829632, 1.964762, 1.971877, 1.981155, 1.958962, 1.875544, 1.715629, 1.487890, 1.227382, 0.983522, 0.730544, 0.477638, 0.225643, 0.027484, 0.281114, 0.533907, 0.789307, 1.007134, 1.144326, 1.319296, 1.446251, 1.505327, 1.608276, 1.568523, 1.584135, 1.675036, 1.611935, 1.619158, 1.708214, 1.618137, 1.625389, 1.642961, 1.650637, 1.647781, 1.640575, 1.629942, 1.612840, 1.582136, 1.545107, 1.493804, 1.459400, 1.406205, 1.360228, 1.325624, 1.298378, 1.273170, 1.249100, 1.219507, 1.193193, 1.177472, 1.163738, 1.152722, 1.142324, 1.123761, 1.086385, 1.035431, 0.968692, 0.869586, 0.760434, 0.638360, 0.536398, 0.429815, 0.338297, 0.249987, 0.155302, 0.072694, 0.008169, 0.082853, 0.156911, 0.236872, 0.304584, 0.396929, 0.441277, 0.587531, 0.732347, 0.844967, 0.938724, 1.023673, 1.089428, 1.150504, 1.203537, 1.224988, 1.223924, 1.227337, 1.220186, 1.183048, 1.131991, 1.076349, 1.006719, 0.936419, 0.872060, 0.791848, 0.729322, 0.672195, 0.613286, 0.533389, 0.483536, 0.413568, 0.340413, 0.268421, 0.183662, 0.064569, 0.001158, 0.103028, 0.216307, 0.318940, 0.413591, 0.437264, 0.556201, 0.614437, 0.665475, 0.701222, 0.724718, 0.732411, 0.750634, 0.761172, 0.722294, 0.740016, 0.738188, 0.725484, 0.720041, 0.705641, 0.614916, 0.679197, 0.681367, 0.672346, 0.669691, 0.650608, 0.638158, 0.627687, 0.624201, 0.618485, 0.622198, 0.609432, 0.597807, 0.586160, 0.562291, 0.452204, 0.509930, 0.473202, 0.431903, 0.308854, 0.354854, 0.301997, 0.274663, 0.239898, 0.201728, 0.173537, 0.164177, 0.168833, 0.182843, 0.201110, 0.164638, 0.188894, 0.243019, 0.192517, 0.269524, 0.211529, 0.184111, 0.171998, 0.151182, 0.127863, 0.120168, 0.075826, 0.038753, 0.014098, 0.003709, 0.036672, 0.058254, 0.085629, 0.101933, 0.112573, 0.131482, 0.144518, 0.148935, 0.161959, 0.242732, 0.209639, 0.173646, 0.129830, 0.061748, 0.029121, 0.147596, 0.263652, 0.417660, 0.636919, 0.827182, 1.065390, 1.303468, 1.545888, 1.766908, 1.961320, 2.186914, 2.388510, 2.524974, 2.676423, 2.881166, 3.034978, 3.186353, 3.325729, 3.480441, 3.614115, 3.726909, 3.822733, 3.908698, 3.975933, 4.022228, 4.073959, 4.064003, 4.079587, 4.061941, 4.041198, 4.008219, 3.961557, 3.840339, 3.846588, 3.782962, 3.692741, 3.591079, 3.500301, 3.376871, 3.251185, 3.099688, 2.943060, 2.771446, 2.598060, 2.009793, 1.785368, 1.719505, 1.544155, 1.215387, 1.168629, 0.981957, 0.801989, 0.630478, 0.457087, 0.289560, 0.126717, 0.016526, 0.153427, 0.264628, 0.356771, 0.431357, 0.472112, 0.491268, 0.570580, 0.499900, 0.469762, 0.419853, 0.355446, 0.285749, 0.204086, 0.100738, 0.008198, 0.095244, 0.202655, 0.357277, 0.524959, 0.666117, 0.805744, 0.976171, 1.157308, 1.333238, 1.497164, 1.655214, 1.784421, 1.943369, 2.070614, 2.148818, 2.289905, 2.345431, 2.412643, 2.516547, 2.486970, 2.502504, 2.580963, 2.487225, 2.425733, 2.388004, 2.311222, 2.241526, 2.148910, 2.049491, 1.922293, 1.799249, 1.683859, 1.559464, 1.422594, 1.283501, 1.198349, 1.065057, 0.941127, 0.838412, 0.755361, 0.686787, 0.633864, 0.594963, 0.583870, 0.591229, 0.639419, 0.705479, 0.802293, 0.923239, 1.057848, 1.195453, 1.352496, 1.515027, 1.665631, 1.797529, 1.909820, 2.011805, 2.096212, 2.167631, 2.232514, 2.301126, 2.353678, 2.440767, 2.529164, 2.616685, 2.727542, 2.834893, 2.957696, 3.092594, 3.235530, 3.379225, 3.543906, 3.707573, 3.880147, 4.048708, 4.222894, 4.420766, 4.643410, 4.883746, 5.206535, 5.559017, 5.903483, 6.352848, 6.936423, 7.436118, 8.085013, 8.809428, 9.628871, 10.514093, 11.473383, 12.514170, 13.612988, 14.736593, 15.908286, 17.095055, 18.297568, 19.467647, 20.622077, 21.725874, 23.012671, 23.780523, 24.701553, 25.541916, 26.321347, 27.055310, 27.757400, 28.418074, 29.066183, 29.689696, 30.293194, 30.854029, 31.358219, 31.758349, 32.142883, 32.449691, 32.732918, 32.881822, 32.968278, 32.955311, 32.850742, 32.657851, 32.358113, 31.964677, 31.495894, 30.982799, 30.429823, 29.840679, 29.249477, 28.649714, 28.056441, 27.139237, 26.881641, 26.310441, 25.756974, 24.924337, 24.714258, 24.215054, 23.448534, 23.004170, 22.845775, 22.166529, 21.758986, 21.381209, 20.999148, 20.663170, 20.252310, 19.868238, 19.496251, 19.118204, 18.743132, 18.389320, 18.033607, 17.665475, 17.293729, 16.928114, 16.587303, 16.170371, 15.779165, 15.419178, 15.099120, 14.792428, 14.533055, 14.289792, 14.114510, 13.962407, 13.843486, 13.722538, 13.615762, 13.485610, 13.338451, 13.192239, 12.991488, 12.768888, 12.493786, 12.160303, 11.604556, 11.415388, 10.899494, 10.410901, 9.906269, 9.385651, 8.864257, 8.353566, 7.865745, 7.399226, 6.968208, 6.570006, 6.213297, 5.875233, 5.570631, 5.309681, 5.106299, 4.924185, 4.771579, 4.645936, 4.526147, 4.429533, 4.345177, 4.274960, 4.204933, 4.161261, 4.107125, 4.038386, 3.969594, 3.889876, 3.800431, 3.697364, 3.427775, 3.465809, 3.354962, 3.237638, 3.118549, 3.023265, 2.914205, 2.763120, 2.616353, 2.485160, 2.346991, 2.218748, 2.105503, 2.031440, 2.000169, 1.873362, 1.976957, 1.989366, 2.024876, 2.041024, 2.038861, 1.960700, 2.045723, 2.047897, 1.871022, 1.921478, 1.979846, 2.046761, 2.111791, 2.124166, 2.165508, 2.336945, 2.394863, 2.438311, 2.451507, 2.433332, 2.276108, 2.201056, 2.265860, 2.180662, 1.935745, 1.803269, 1.672239, 1.482642, 1.284601, 1.061865, 0.796341, 0.513884, 0.201316, 0.150960, 0.541186, 0.959264, 1.425813, 1.917239, 2.428686, 2.952344, 3.503031, 4.071999, 4.650345, 5.262660, 5.885324, 6.535490, 7.207064, 7.880077, 8.571965, 9.254910, 9.908381, 10.500006, 11.112391, 11.477060, 11.888832, 12.220548, 12.491590, 12.683792, 12.791038, 12.783929, 12.683608, 12.478283, 12.201123, 11.852375, 11.452527, 10.985904, 10.454436, 9.875366, 9.270064, 8.663574, 8.028385, 7.401464, 6.771607, 6.163910, 5.624288, 5.128493, 4.685582, 4.299965, 3.935975, 3.614984, 3.319155, 3.053133, 2.825450, 2.601442, 2.395206, 2.202830, 2.057371, 1.943536, 1.845419, 1.768141, 1.702600, 1.641598, 1.604740, 1.562187, 1.519543, 1.469396, 1.406077, 1.345592, 1.276448, 1.204502, 1.111889, 1.030675, 0.949714, 0.862902, 0.779508, 0.527254, 0.651954, 0.466759, 0.549911, 0.499055, 0.453430, 0.411141, 0.378289, 0.359986, 0.349812, 0.350507, 0.366802, 0.376674, 0.414301, 0.451821, 0.353595, 0.546736, 0.601805, 0.585874, 0.745015, 0.766804, 0.806378, 0.802168, 0.787819, 0.738237, 0.667894, 0.576888, 0.480735, 0.390040, 0.312511, 0.019990, 0.103101, 0.217649, 0.341761, 0.504128, 0.454668, 0.611837, 0.951032, 0.880032, 0.974803, 1.212991, 1.234908, 1.090435, 1.115403, 1.160196, 1.092857, 1.001359, 0.894046, 0.757177, 0.631296, 0.480738, 0.324236, 0.151631, 0.024176, 0.202830, 0.389042, 0.567666, 0.732840, 0.875156, 1.001620, 1.122877, 1.233920, 1.322171, 1.413055, 1.471590, 1.522659, 1.548833, 1.557415, 1.533612, 1.498896, 1.451758, 1.397677, 1.326261, 1.248607, 1.172378, 1.095027, 0.793308, 0.726699, 0.689930, 0.669365, 0.692258, 0.725223, 0.772233, 0.832194, 0.906481, 0.973076, 1.030404, 1.083140, 1.137910, 1.164681, 1.181122, 1.188201, 1.187130, 1.182384, 1.165879, 1.150527, 1.130018, 1.119540, 1.106291, 1.125441, 1.138277, 1.157144, 1.177681, 1.214285, 1.258476, 1.211076, 1.384179, 1.440320, 1.515880, 1.571867, 1.641959, 1.722412, 1.814216, 1.916668, 2.008363, 2.105117, 2.199829, 2.294423, 2.394324, 2.479767, 2.489458, 2.677823, 2.776023, 2.860803, 2.937384, 2.995755, 3.036653, 3.071538, 3.091302, 3.079199, 3.059241, 3.019334, 2.950682, 2.866750, 2.764891, 2.489264, 2.358302, 2.212533, 2.220501, 1.910477, 1.922583, 1.618404, 1.437864, 1.446131, 1.163256, 1.030179, 0.912959, 0.804553, 0.703753, 0.623026, 0.553617, 0.493797, 0.459216, 0.400084, 0.373386, 0.395109, 0.364225, 0.370528, 0.401762, 0.426951, 0.472610, 0.518076, 0.576692, 0.635220, 0.689985, 0.752087, 0.805330, 0.856576, 0.885038, 0.918571, 0.933025, 0.923965, 0.910168, 0.811362, 0.809757, 0.729536, 0.629602, 0.542704, 0.440050, 0.342599, 0.234547, 0.116019, 0.014509, 0.159654, 0.311184, 0.479856, 0.646388, 0.827802, 1.011067, 1.438848, 1.655756, 1.867466, 2.058808, 2.224800, 2.377652, 2.651860, 2.655859, 2.795874, 2.917852, 3.037259, 3.139694, 3.239575, 3.322815, 3.376846, 3.395873, 3.381674, 3.312216, 3.187175, 3.025886, 2.814483, 2.576554, 2.178281, 1.824152, 1.351386, 0.815722, 0.236910, 0.391863, 1.065790, 1.750452, 2.432164, 3.114634, 3.763725, 4.383469, 4.929989, 5.424402, 5.836340, 6.164257, 6.394960, 6.505649, 6.521346, 6.457724, 6.293756, 6.094415, 5.792774, 5.463889, 5.084145, 4.691054, 4.250160, 3.779517, 3.272150, 2.727416, 1.876829, 1.579556, 0.984889, 0.371221, 0.253251, 1.147630, 1.677283, 1.971053, 2.733316, 2.944006, 3.376702, 3.957254, 4.184123, 4.533561, 4.775852, 4.833157, 5.152088, 5.272227, 5.219122, 5.347381, 5.319664, 5.244519, 5.136400, 4.994985, 4.822595, 4.625045, 4.403765, 4.143484, 3.851752, 3.557774, 3.263587, 2.969967, 2.636070, 2.268164, 1.869209, 1.455133, 1.035973, 0.590225, 0.139099, 0.326282, 0.791322, 1.263843, 1.760063, 2.282703, 2.812209, 3.357243, 3.918574, 4.483384, 5.052212, 5.620059, 6.154926, 6.649898, 7.086819, 7.475786, 7.792321, 8.053222, 8.230866, 8.317915, 8.336125, 8.283876, 8.189306, 8.044659, 7.851854, 7.639962, 7.384832, 7.122878, 6.852362, 6.583003, 6.328278, 6.066755, 5.810947, 5.584624, 5.372940, 5.197378, 5.041340, 4.939423, 4.851802, 4.820808, 4.824629, 4.860247, 4.939081, 5.072530, 5.263246, 5.522788, 5.771213, 6.030526, 6.332457, 6.628577, 6.915902, 7.207242, 7.505580, 7.784358, 8.044284, 8.232874, 8.355770, 8.413733, 8.368159, 8.063748, 7.951792, 7.597529, 7.152262, 6.643942, 6.079008, 5.466600, 4.829722, 4.200360, 3.305382, 2.772636, 2.500643, 2.035774, 1.408789, 1.292628, 0.853279, 0.806973, 0.653175, 0.428218, 0.399426, 0.472691, 0.497261, 0.545078, 0.603507, 0.674755, 0.768589, 0.846150, 0.922648, 0.996753, 1.070811, 1.131859, 1.184732, 1.215644, 1.217133, 1.208160, 1.176266, 1.104559, 1.005236, 0.894848, 0.786944, 0.665688, 0.537807, 0.373535, 0.201969, 0.009650, 0.190304, 0.381036, 0.594965, 0.788642, 0.966747, 1.140927, 1.294550, 1.398974, 1.511501, 1.578548, 1.626715, 1.614848, 1.620959, 1.570586, 1.486870, 1.381155, 1.235568, 1.067924, 0.835216, 0.589941, 0.348223, 0.188719, 0.000150, 0.162209, 0.330158, 0.534638, 0.695015, 0.834248, 0.949516, 1.068098, 1.172351, 1.248512, 1.311248, 1.351133, 1.380606, 1.380049, 1.352625, 1.306012, 1.261688, 1.106707, 1.107121, 1.013751, 0.830155, 0.814966, 0.703058, 0.588479, 0.456815, 0.308890, 0.149520, 0.021157, 0.225346, 0.430799, 0.635416, 0.829628, 1.022014, 1.327288, 1.372430, 1.514488, 1.640912, 1.743166, 1.827415, 1.976340, 1.945360, 1.990995, 2.091987, 2.038755, 2.046420, 2.043197, 2.014012, 1.983965, 1.999378, 1.901430, 1.881968, 1.779446, 1.717912, 1.708757, 1.612259, 1.569586, 1.565587, 1.494852, 1.411999, 1.317114, 1.180907, 1.045680, 0.882597, 0.708591, 0.543165, 0.406527, 0.280684, 0.116729, 0.045205, 0.166097, 0.327331, 0.467365, 0.579945, 0.718918, 0.801765, 0.910193, 1.031306, 1.140309, 1.234387, 1.359225, 1.462850, 1.537761, 1.584727, 1.630989, 1.656819, 1.658397, 1.641441, 1.600924, 1.547429, 1.473670, 1.390541, 1.289397, 1.182343, 1.078914, 0.990204, 0.872156, 0.769770, 0.676317, 0.604671, 0.562297, 0.501318, 0.464141, 0.445787, 0.429254, 0.447781, 0.339359, 0.369119, 0.386564, 0.403318, 0.417182, 0.398009, 0.372112, 0.325459, 0.272565, 0.189032, 0.083768, 0.049993, 0.262990, 0.398225, 0.620980, 0.867830, 1.137584, 1.440915, 1.762118, 2.117755, 2.494611, 2.892359, 3.311518, 3.737759, 4.172879, 4.611608, 5.019876, 5.424196, 5.787647, 6.126433, 6.415467, 6.682318, 6.913807, 7.103723, 7.245832, 7.301747, 7.293610, 7.198538, 7.048472, 6.826320, 6.564923, 6.254235, 5.929445, 5.579825, 5.223555, 4.698760, 4.493484, 4.114234, 3.712671, 3.130714, 2.929375, 2.537308, 2.164124, 1.806739, 1.455160, 0.987703, 0.744272, 0.631047, 0.457631, 0.328814, 0.248760, 0.210763, 0.251627, 0.313793, 0.404919, 0.555193, 0.772146, 0.885216, 0.981843, 1.091986, 1.233664, 1.315226, 1.453477, 1.538495, 1.584685, 1.709907, 1.800284, 1.849161, 1.971284, 2.069425, 2.125120, 2.189815, 2.260382, 2.312540, 2.404585, 2.361565, 2.347721, 2.326939, 2.298097, 2.255280, 2.187808, 2.094913, 1.988152, 1.864649, 1.749371, 1.642746, 1.505636, 1.362647, 1.213329, 1.069404, 0.915756, 0.752028, 0.588621, 0.411102, 0.242680, 0.075925, 0.088476, 0.252464, 0.409495, 0.555346, 0.694632, 0.816568, 1.028662, 1.141357, 1.244432, 1.339722, 1.436230, 1.540708, 1.659194, 1.758276, 1.851752, 1.955151, 2.056909, 2.176321, 2.299697, 2.435195, 2.577160, 2.717382, 2.862117, 3.024992, 3.188232, 3.375965, 3.585844, 3.753623, 3.984329, 4.234061, 4.485630, 4.785102, 5.042818, 5.333220, 5.595234, 5.878577, 6.094324, 6.247944, 6.349711, 6.336665, 6.345882, 6.236574, 6.063458, 5.809034, 5.487256, 5.105971, 4.675008, 4.221082, 3.733604, 3.243445, 2.727498, 2.210941, 1.713876, 1.215119, 0.751595, 0.296571, 0.126253, 0.528126, 0.905385, 1.265575, 1.590944, 1.891619, 2.163753, 2.409327, 2.620646, 2.962157, 2.948037, 3.062126, 3.138490, 3.175782, 3.278233, 3.165243, 3.108297, 3.096576, 2.938809, 2.886619, 2.763017, 2.576709, 2.490628, 2.334671, 2.186296, 2.015996, 1.857739, 1.635312, 1.494304, 1.238035, 0.987570, 0.701929, 0.416659, 0.133512, 0.150277, 0.433084, 0.716987, 0.971552, 1.257893, 1.509177, 1.712988, 1.890918, 2.049504, 2.185846, 2.307097, 2.408700, 2.527434, 2.624879, 2.707751, 2.783816, 2.867808, 2.960623, 3.081416, 3.175241, 3.281698, 3.412005, 3.553376, 3.708605, 3.839107, 3.943418, 4.041338, 4.058584, 4.076129, 4.080205, 4.039497, 3.959223, 3.822963, 3.655801, 3.446880, 3.233280, 2.998068, 2.784066, 2.592494, 2.395582, 2.235440, 2.119805, 2.023405, 1.938952, 1.822141, 1.822846, 1.764293, 1.698648, 1.623289, 1.558832, 1.499509, 1.424896, 1.344714, 1.279183, 1.197747, 1.127326, 1.049052, 0.968826, 0.879266, 0.803970, 0.738124, 0.692020, 0.661081, 0.658013, 0.682339, 0.730909, 0.757714, 0.918912, 1.027388, 1.173954, 1.370905, 1.560898, 1.799615, 2.044582, 2.270387, 2.561102, 2.898402, 3.254976, 3.650305, 4.088937, 4.533141, 5.041254, 5.416270, 5.863427, 6.366593, 6.686564, 7.054052, 7.403867, 7.709413, 7.976315, 8.198395, 8.325667, 8.356570, 8.199023, 8.156633, 7.745960, 7.402256, 7.014034, 6.573339, 6.341764, 5.859504, 5.177717, 4.980321, 4.361534, 4.008407, 3.664879, 3.349626, 3.066520, 2.808682, 2.586292, 2.432199, 2.185943, 2.021387, 1.859985, 1.704618, 1.531841, 1.352691, 1.155149, 0.932137, 0.706517, 0.452183, 0.184138, 0.108743, 0.404150, 0.714606, 1.018365, 1.328704, 1.616223, 1.895095, 2.160387, 2.415232, 2.666674, 2.896531, 3.104199, 3.253968, 3.427899, 3.597475, 3.793652, 3.994011, 4.139709, 4.250587, 4.362064, 4.490503, 4.625311, 4.772331, 4.964928, 5.162604, 5.361667, 5.562931, 5.765654, 5.970833, 6.179043, 6.391292, 6.648849, 6.965666, 7.189089, 7.499102, 7.851047, 8.217122, 8.568703, 8.906467, 9.211720, 9.443179, 9.677137, 9.899580, 10.010898, 10.066990, 10.043358, 9.977698, 9.878242, 9.755857, 9.621204, 9.474756, 9.322346, 9.202100, 9.043277, 8.900063, 8.763428, 8.656388, 8.580747, 8.561279, 8.602195, 8.726234, 8.951450, 9.229167, 9.628388, 10.008205, 10.482837, 10.820497, 11.128360, 11.319510, 11.348560, 11.196474, 10.719265, 10.432735, 9.845641, 9.153985, 8.375802, 7.524588, 6.623763, 5.718992, 4.821818, 3.548153, 3.089127, 2.282905, 1.563519, 0.931042, 0.092766, 0.667121, 0.839279, 1.200055, 1.330023, 1.388092, 1.541100, 1.633961, 1.677222, 1.657228, 1.721271, 1.539029, 1.444622, 1.315236, 1.173929, 1.019551, 0.859926, 0.784877, 0.543048, 0.366696, 0.249002, 0.010646, 0.201785, 0.300127, 0.448327, 0.591934, 0.742196, 0.860425, 0.979452, 1.086128, 1.187631, 1.295862, 1.391878, 1.489416, 1.559232, 1.637483, 1.691383, 1.763940, 1.825269, 1.884996, 1.946445, 2.028917, 2.102500, 2.201307, 2.293027, 2.384403, 2.470281, 2.550465, 2.598798, 2.630610, 2.657612, 2.673723, 2.664014, 2.658108, 2.590500, 2.521798, 2.447292, 2.364695, 2.276394, 2.195964, 2.123386, 2.043677, 1.954869, 1.845360, 1.721848, 1.583882, 1.462392, 1.303277, 1.150303, 0.974198, 0.838587, 0.691055, 0.554946, 0.420771, 0.312841, 0.222324, 0.152071, 0.088909, 0.019062, 0.009760, 0.034924, 0.038273, 0.048698, 0.008275, 0.036247, 0.021110, 0.001256, 0.054638, 0.128551, 0.211455, 0.313239, 0.427389, 0.574310, 0.742000, 0.935860, 1.130179, 1.324159, 1.473278, 1.723373, 1.892394, 1.936085, 2.178475, 2.277099, 2.370645, 2.450080, 2.505289, 2.530834, 2.549170, 2.532659, 2.510216, 2.457175, 2.400933, 2.335826, 2.265758, 2.179274, 1.916396, 2.016941, 1.901722, 1.651197, 1.595396, 1.432182, 1.265126, 1.079561, 0.880663, 0.692867, 0.277649, 0.078186, 0.155609, 0.371761, 0.399561, 0.887175, 1.136779, 1.393715, 1.661243, 1.927866, 2.191151, 2.429785, 2.664488, 2.856298, 3.036520, 3.190001, 3.313958, 3.401263, 3.491828, 3.545142, 3.909144, 3.902797, 3.880490, 3.847185, 3.809641, 3.766564, 3.733783, 3.711628, 3.692191, 3.693248, 3.716380, 3.763223, 3.851947, 3.976703, 4.126721, 4.306499, 4.510112, 4.686731, 4.851051, 5.042552, 5.257891, 5.497090, 5.758697, 6.036619, 6.335097, 6.632665, 6.920277, 7.110007, 7.255622, 7.380806, 7.355719, 7.492081, 7.492931, 7.439082, 7.363456, 7.246357, 7.077751, 6.848505, 6.607141, 6.304719, 5.985923, 5.648135, 5.281599, 4.588035, 4.171707, 3.741775, 3.049493, 2.866405, 2.408003, 1.932933, 1.435327, 0.914087, 0.355723, 0.218676, 0.805358, 1.383986, 1.967223, 2.569608, 3.156825, 3.741141, 4.304463, 5.013175, 5.314925, 5.807615, 6.297111, 6.776986, 7.243811, 7.715840, 8.194534, 8.683507, 9.178934, 9.685455, 10.177762, 10.665608, 11.039895, 11.469775, 11.944284, 12.210881, 12.504594, 12.749487, 12.941093, 13.042963, 13.088596, 13.016261, 12.819669, 12.511560, 
,,,0.023728, 0.048794, 0.067636, 0.091467, 0.111353, 0.127302, 0.141295, 0.155256, 0.169031, 0.182139, 0.195927, 0.209530, 0.222886, 0.236640, 0.249890, 0.263929, 0.278899, 0.292162, 0.306102, 0.322414, 0.339085, 0.355691, 0.376126, 0.389274, 0.405773, 0.422420, 0.439080, 0.455792, 0.472404, 0.489179, 0.505823, 0.523139, 0.541684, 0.556320, 0.572507, 0.589193, 0.605787, 0.622494, 0.639230, 0.655821, 0.672580, 0.689234, 0.705952, 0.722586, 0.739292, 0.755986, 0.772774, 0.791413, 0.805956, 0.822625, 0.840876, 0.856007, 0.872627, 0.889330, 0.905983, 0.922755, 0.941066, 0.956214, 0.973026, 0.989793, 1.006378, 1.022968, 1.042337, 1.056343, 1.072916, 1.089682, 1.109832, 1.123349, 1.139518, 1.156349, 1.172956, 1.189603, 1.206324, 1.223033, 1.239797, 1.256417, 1.273126, 1.292236, 1.306697, 1.324254, 1.342434, 1.359881, 1.376429, 1.393091, 1.411134, 1.429812, 1.448109, 1.465984, 1.489069, 1.506426, 1.523767, 1.540162, 1.557438, 1.571703, 1.585949, 1.599307, 1.612888, 1.625793, 1.640840, 1.656441, 1.673833, 1.691571, 1.706843, 1.723240, 1.739823, 1.757052, 1.775337, 1.795695, 1.816429, 1.833710, 1.856072, 1.873454, 1.889286, 1.905021, 1.920109, 1.934543, 1.949495, 1.964774, 1.978205, 1.992565, 2.007652, 2.025559, 2.041024, 2.057788, 2.075497, 2.090551, 2.107172, 2.124020, 2.140546, 2.157284, 2.173936, 2.190473, 2.207173, 2.224205, 2.240573, 2.256996, 2.274094, 2.290262, 2.306924, 2.323563, 2.342382, 2.356960, 2.373623, 2.390850, 2.407176, 2.424889, 2.440532, 2.457180, 2.473809, 2.491064, 2.507359, 2.523919, 2.540472, 2.557008, 2.573743, 2.592374, 2.606911, 2.623437, 2.640075, 2.657316, 2.673596, 2.690119, 2.706785, 2.723427, 2.740237, 2.756906, 2.774068, 2.790372, 2.806935, 2.823730, 2.847533, 2.861629, 2.875165, 2.890590, 2.907417, 2.923917, 2.940666, 2.957441, 2.974109, 2.990685, 3.007865, 3.024113, 3.041452, 3.057572, 3.074144, 3.090733, 3.109294, 3.124140, 3.140834, 3.157507, 3.174224, 3.190843, 3.211892, 3.225199, 3.241099, 3.258226, 3.274321, 3.290784, 3.307482, 3.324162, 3.340729, 3.359283, 3.373992, 3.390627, 3.407282, 3.423923, 3.440554, 3.457229, 3.473928, 3.490538, 3.507861, 3.523924, 3.540662, 3.557274, 3.573976, 3.590663, 3.609188, 3.624034, 3.641768, 3.657686, 3.674194, 3.690921, 3.707578, 3.724347, 3.741061, 3.758139, 3.774392, 3.791049, 3.807699, 3.824418, 3.841030, 3.859255, 3.874349, 3.890984, 3.907749, 3.924382, 3.941055, 3.957725, 3.974455, 3.991159, 4.007808, 4.024482, 4.041208, 4.057816, 4.074529, 4.091146, 4.109196, 4.124639, 4.141180, 4.157913, 4.174617, 4.191219, 4.208945, 4.224949, 4.241569, 4.258644, 4.274831, 4.291538, 4.308766, 4.324953, 4.343171, 4.360388, 4.374985, 4.391663, 4.408365, 4.425001, 4.441724, 4.458471, 4.475088, 4.492241, 4.508868, 4.525042, 4.543126, 4.558246, 4.574939, 4.591551, 4.610378, 4.625594, 4.641887, 4.658664, 4.675421, 4.692032, 4.708798, 4.725458, 4.742182, 4.758883, 4.775401, 4.792068, 4.808772, 4.825494, 4.842076, 4.864361, 4.877565, 4.892335, 4.908926, 4.925598, 4.942302, 4.958938, 4.975693, 4.992334, 5.009043, 5.025628, 5.042346, 5.059560, 5.075848, 5.092384, 5.109031, 5.127308, 5.142408, 5.159149, 5.176342, 5.192631, 5.209744, 5.226157, 5.242695, 5.259266, 5.276417, 5.293241, 5.309399, 5.326041, 5.343344, 5.359473, 5.377438, 5.392682, 5.409428, 5.426046, 5.442686, 5.459310, 5.476013, 5.492490, 5.509087, 5.525807, 5.542437, 5.559110, 5.575888, 5.592567, 5.610369, 5.628106, 5.642822, 5.660016, 5.676248, 5.692938, 5.709567, 5.726737, 5.743556, 5.759590, 5.777844, 5.792949, 5.809677, 5.826237, 5.842872, 5.859561, 5.878262, 5.892816, 5.909503, 5.926137, 5.944895, 5.959732, 5.976798, 5.992996, 6.009680, 6.026377, 6.042933, 6.059647, 6.076354, 6.092995, 6.109756, 6.128237, 6.143268, 6.159755, 6.181048, 6.194589, 6.210538, 6.227107, 6.243910, 6.260060, 6.276655, 6.293279, 6.310560, 6.326807, 6.343362, 6.360694, 6.378514, 6.393502, 6.410136, 6.426745, 6.443341, 6.460059, 6.477038, 6.493189, 6.509881, 6.526537, 6.543167, 6.559847, 6.576523, 6.593166, 6.609849, 6.627097, 6.645378, 6.659861, 6.676607, 6.693313, 6.709896, 6.727687, 6.743455, 6.760019, 6.776705, 6.793337, 6.810049, 6.827337, 6.843521, 6.860117, 6.876819, 6.895304, 6.910126, 6.926848, 6.943480, 6.960110, 6.977263, 6.993467, 7.010171, 7.026824, 7.043425, 7.060111, 7.076802, 7.094046, 7.110399, 7.126956, 7.145843, 7.160398, 7.176997, 7.193714, 7.210346, 7.227263, 7.243699, 7.260400, 7.277076, 7.294259, 7.312048, 7.327131, 7.343758, 7.360483, 7.377710, 7.395389, 7.410543, 7.427216, 7.443985, 7.460635, 7.477319, 7.493970, 7.512143, 7.527302, 7.543926, 7.560606, 7.577302, 7.593868, 7.610613, 7.631265, 7.646122, 7.660595, 7.677304, 7.694030, 7.711181, 7.727374, 7.744154, 7.761470, 7.777671, 7.794352, 7.811019, 7.827733, 7.844377, 7.860938, 7.877690, 7.896248, 7.910967, 7.927878, 7.944931, 7.961037, 7.977787, 7.994414, 8.010987, 8.027804, 8.044465, 8.061671, 8.077987, 8.094530, 8.111175, 8.127909, 8.146861, 8.161507, 8.178041, 8.195111, 8.211865, 8.228052, 8.244659, 8.261332, 8.278058, 8.294696, 8.311314, 8.328074, 8.344775, 8.361349, 8.378107, 8.396210, 8.411426, 8.428316, 8.445439, 8.461612, 8.479096, 8.495357, 8.511812, 8.528554, 8.545236, 8.561795, 8.578520, 8.595168, 8.611907, 8.628659, 8.647200, 8.661993, 8.678609, 8.695617, 8.711821, 8.728524, 8.745088, 8.761823, 8.778419, 8.795322, 8.811863, 8.828479, 8.845215, 8.861851, 8.878564, 8.897083, 8.914714, 8.928777, 8.945497, 8.961940, 8.978678, 8.995373, 9.011993, 9.028722, 9.045408, 9.062022, 9.079348, 9.096129, 9.113917, 9.128890, 9.147216, 9.162555, 9.178948, 9.195967, 9.212226, 9.228832, 9.245442, 9.266067, 9.279124, 9.295483, 9.312318, 9.328980, 9.345669, 9.362328, 9.379063, 9.397072, 9.412466, 9.429184, 9.446222, 9.462516, 9.479171, 9.496606, 9.512703, 9.529293, 9.546065, 9.562647, 9.579380, 9.595943, 9.612661, 9.629243, 9.647095, 9.662468, 9.679613, 9.696508, 9.712526, 9.729204, 9.746499, 9.762727, 9.779273, 9.795918, 9.812615, 9.829265, 9.845943, 9.862623, 9.879320, 9.897206, 9.912645, 9.929305, 9.946017, 9.962664, 9.979337, 9.995976, 10.012672, 10.029305, 10.046683, 10.062854, 10.079495, 10.096287, 10.113080, 10.129726, 10.148122, 10.163268, 10.180371, 10.197062, 10.213481, 10.229949, 10.247181, 10.263547, 10.280066, 10.297252, 10.313491, 10.330063, 10.346838, 10.363511, 10.380997, 10.398317, 10.415820, 10.430535, 10.447236, 10.464440, 10.481666, 10.497546, 10.515495, 10.530862, 10.547366, 10.564157, 10.580838, 10.597465, 10.614279, 10.630889, 10.650205, 10.664771, 10.681201, 10.698133, 10.714247, 10.730825, 10.747465, 10.764186, 10.780741, 10.797484, 10.814073, 10.830819, 10.847500, 10.864065, 10.880889, 10.897466, 10.916034, 10.930816, 10.947504, 10.964028, 10.980803, 10.997444, 11.014194, 11.030768, 11.047565, 11.064224, 11.080964, 11.097529, 11.114267, 11.131020, 11.147682, 11.167091, 11.181047, 11.197623, 11.214282, 11.230975, 11.247545, 11.264410, 11.281601, 11.298423, 11.314524, 11.331256, 11.347828, 11.365242, 11.381527, 11.397867, 11.417231, 11.431561, 11.448037, 11.464767, 11.482037, 11.498058, 11.514705, 11.531412, 11.552001, 11.565629, 11.581462, 11.598002, 11.614813, 11.631473, 11.648694, 11.667132, 11.681388, 11.698120, 11.714804, 11.731423, 11.748146, 11.764781, 11.781487, 11.797960, 11.814582, 11.831131, 11.847805, 11.864595, 11.881196, 11.898857, 11.917121, 11.931266, 11.948004, 11.964674, 11.981223, 11.997961, 12.014671, 12.031393, 12.048143, 12.064612, 12.081346, 12.098158, 12.115426, 12.131600, 12.150518, 12.167681, 12.181604, 12.198303, 12.215095, 12.231628, 12.248401, 12.265083, 12.281820, 12.299983, 12.315161, 12.331791, 12.348818, 12.365276, 12.381753, 12.398980, 12.416991, 12.431781, 12.448454, 12.465148, 12.481800, 12.499068, 12.515330, 12.531910, 12.548684, 12.565327, 12.581901, 12.598597, 12.615064, 12.632361, 12.648372, 12.664996, 12.683032, 12.698454, 12.715556, 12.735682, 12.748755, 12.765054, 12.781744, 12.798448, 12.815096, 12.831778, 12.848514, 12.865131, 12.881988, 12.898553, 12.915781, 12.934577, 12.948691, 12.965183, 12.981917, 12.998586, 13.015189, 13.031943, 13.048655, 13.065246, 13.081959, 13.098688, 13.115295, 13.132589, 13.148724, 13.165263, 13.183957, 13.198689, 13.215285, 13.231983, 13.249346, 13.266143, 13.282206, 13.298843, 13.315449, 13.332170, 13.349229, 13.365484, 13.382733, 13.399142, 13.415484, 13.434082, 13.448829, 13.466117, 13.482927, 13.499062, 13.515657, 13.532354, 13.548994, 13.565594, 13.582325, 13.601027, 13.615658, 13.632942, 13.649201, 13.665675, 13.684072, 13.699024, 13.715661, 13.732398, 13.749093, 13.765722, 13.782401, 13.799123, 13.817353, 13.833087, 13.849373, 13.865845, 13.883130, 13.899206, 13.915856, 13.934089, 13.949234, 13.969356, 13.987178, 13.999618, 14.015917, 14.032648, 14.049392, 14.066937, 14.083091, 14.099708, 14.116840, 14.133035, 14.149753, 14.166718, 14.185018, 14.199749, 14.216477, 14.233221, 14.249721, 14.266402, 14.283028, 14.299703, 14.316378, 14.333851, 14.349889, 14.366433, 14.383558, 14.399815, 14.416565, 14.434926, 14.449908, 14.466608, 14.483276, 14.500006, 14.516578, 14.533227, 14.549954, 14.566627, 14.583936, 14.600763, 14.616820, 14.633471, 14.650115, 14.666738, 14.685554, 14.700345, 14.716765, 14.733394, 14.749945, 14.766685, 14.783420, 14.800150, 14.816756, 14.833444, 14.850139, 14.866759, 14.884034, 14.900174, 14.916742, 14.934890, 14.950067, 14.966767, 14.983446, 15.000100, 15.017379, 15.033645, 15.050250, 15.066983, 15.083627, 15.102364, 15.116974, 15.133609, 15.150279, 15.166981, 15.184951, 15.200293, 15.217068, 15.233608, 15.250248, 15.267023, 15.285307, 15.300526, 15.317528, 15.334172, 15.351327, 15.367890, 15.384107, 15.400857, 15.417411, 15.435894, 15.451265, 15.468094, 15.488147, 15.501889, 15.517580, 15.534142, 15.550905, 15.567581, 15.584383, 15.601410, 15.617600, 15.634255, 15.650970, 15.667654, 15.685951, 15.700830, 15.717514, 15.734193, 15.750892, 15.767583, 15.784215, 15.800902, 15.817695, 15.834378, 15.851593, 15.868025, 15.884558, 15.901135, 15.917890, 15.935856, 15.951221, 15.967901, 15.984543, 16.001864, 16.018108, 16.034749, 16.052005, 16.068285, 16.085321, 16.101955, 16.118168, 16.134856, 16.151472, 16.168164, 16.186916, 16.201670, 16.218160, 16.234815, 16.251496, 16.268086, 16.284779, 16.301525, 16.318201, 16.334810, 16.352039, 16.368768, 16.386524, 16.401665, 16.418366, 16.436891, 16.451730, 16.469087, 16.485160, 16.501709, 16.518457, 16.535098, 16.553369, 16.568605, 16.585185, 16.602766, 16.618548, 16.635139, 16.651823, 16.668480, 16.686879, 16.701819, 16.718502, 16.735232, 16.751836, 16.768505, 16.785149, 16.801862, 16.818513, 16.839084, 16.852175, 16.868322, 16.884966, 16.901609, 16.918157, 16.934815, 16.952786, 16.968769, 16.985006, 17.002226, 17.018412, 17.035044, 17.051802, 17.068567, 17.085114, 17.102242, 17.118607, 17.135454, 17.152182, 17.168950, 17.185580, 17.203867, 17.218828, 17.235687, 17.252420, 17.269083, 17.285694, 17.302375, 17.319534, 17.336266, 17.354099, 17.372821, 17.391071, 17.408010, 17.423833, 17.439118, 17.456776, 17.471308, 17.486307, 17.502637, 17.519303, 17.536143, 17.552599, 17.569764, 17.585887, 17.602555, 17.619265, 17.635898, 17.653985, 17.669236, 17.685912, 17.702623, 17.720797, 17.735961, 17.755603, 17.771688, 17.786199, 17.802735, 17.821086, 17.836523, 17.852745, 17.869474, 17.886076, 17.902751, 17.919383, 17.936104, 17.953374, 17.970876, 17.986290, 18.002811, 18.019476, 18.036463, 18.052889, 18.069729, 18.086106, 18.106165, 18.119421, 18.135834, 18.152469, 18.169644, 18.185974, 18.202533, 18.219258, 18.237842, 18.252543, 18.269887, 18.286042, 18.302564, 18.320339, 18.336095, 18.352693, 18.369247, 18.386551, 18.402549, 18.419032, 18.435644, 18.452275, 18.468985, 18.485645, 18.503893, 18.518927, 18.536630, 18.552407, 18.570069, 18.585846, 18.602386, 18.618994, 18.635709, 18.652377, 18.669032, 18.685711, 18.702412, 18.719062, 18.735761, 18.753785, 18.769049, 18.785769, 18.802400, 18.819150, 18.836318, 18.852615, 18.869243, 18.885918, 18.902602, 18.919863, 18.937210, 18.952981, 18.969503, 18.986354, 19.005045, 19.020140, 19.037196, 19.053359, 19.070641, 19.086727, 19.103386, 19.120740, 19.136928, 19.153455, 19.170238, 19.186938, 19.203588, 19.220190, 19.236876, 19.255519, 19.271945, 19.287044, 19.304195, 19.320751, 19.336970, 19.353691, 19.370381, 19.387036, 19.403694, 19.420392, 19.437032, 19.455197, 19.470420, 19.487041, 19.505970, 19.520504, 19.537407, 19.553793, 19.570498, 19.587102, 19.603807, 19.624377, 19.637328, 19.653842, 19.671231, 19.687185, 19.703912, 19.720538, 19.737170, 19.755765, 19.770550, 19.787351, 19.803996, 19.820659, 19.837210, 19.854039, 19.870806, 19.887265, 19.904542, 19.920725, 19.937379, 19.953974, 19.970689, 19.987343, 20.005807, 20.020899, 20.038106, 20.054279, 20.070950, 20.087525, 20.104278, 20.120920, 20.137545, 20.154201, 20.170968, 20.187570, 20.204272, 20.221009, 20.237617, 20.256290, 20.271310, 20.288274, 20.304452, 20.321765, 20.337884, 20.354544, 20.371257, 20.388446, 20.404711, 20.421327, 20.437917, 20.454629, 20.471322, 20.487887, 20.505925, 20.521973, 20.538776, 20.554718, 20.571388, 20.588564, 20.604849, 20.621450, 20.638077, 20.654799, 20.671493, 20.688116, 20.704820, 20.723101, 20.738154, 20.756786, 20.771556, 20.788227, 20.804814, 20.821488, 20.838095, 20.854813, 20.871437, 20.887912, 20.906208, 20.921127, 20.937823, 20.954475, 20.971194, 20.987887, 21.004554, 21.022709, 21.038571, 21.055243, 21.071436, 21.088060, 21.108600, 21.121410, 21.138057, 21.154667, 21.171694, 21.188102, 21.204813, 21.222180, 21.238155, 21.254910, 21.272754, 21.288604, 21.304794, 21.321487, 21.338117, 21.354833, 21.371498, 21.388741, 21.404993, 21.421570, 21.438835, 21.455101, 21.471698, 21.488408, 21.505045, 21.523797, 21.539063, 21.555102, 21.571768, 21.588441, 21.605679, 21.621905, 21.638490, 21.655676, 21.671936, 21.688463, 21.705154, 21.721887, 21.738627, 21.755260, 21.773763, 21.789612, 21.805361, 21.821951, 21.838590, 21.856297, 21.872171, 21.888730, 21.905363, 21.922067, 21.938738, 21.955428, 21.972054, 21.988827, 22.005471, 22.023740, 22.039268, 22.055425, 22.072683, 22.088923, 22.106544, 22.122469, 22.139021, 22.155645, 22.172350, 22.189067, 22.205746, 22.222408, 22.239745, 22.256021, 22.273805, 22.289173, 22.305712, 22.322365, 22.339012, 22.355689, 22.372363, 22.389015, 22.405668, 22.422348, 22.438997, 22.455668, 22.474019, 22.489058, 22.505765, 22.523634, 22.539169, 22.555762, 22.572423, 22.589095, 22.605740, 22.622395, 22.639110, 22.656377, 22.672584, 22.689176, 22.707466, 22.722572, 22.739294, 22.755974, 22.774653, 22.793169, 22.805825, 22.822560, 22.839215, 22.855858, 22.873193, 22.889366, 22.905964, 22.922649, 22.939307, 22.955964, 22.972680, 22.989319, 23.006108, 23.024740, 23.039325, 23.056067, 23.072746, 23.089314, 23.106031, 23.122629, 23.139308, 23.156026, 23.172662, 23.189430, 23.206108, 23.222792, 23.239640, 23.256186, 23.274635, 23.289524, 23.306222, 23.322876, 23.339554, 23.356211, 23.372917, 23.390199, 23.406417, 23.423057, 23.439638, 23.456283, 23.472988, 23.489696, 23.506788, 23.524512, 23.539809, 23.556444, 23.573130, 23.589776, 23.606392, 23.623083, 23.639785, 23.656468, 23.673119, 23.689838, 23.707196, 23.723375, 23.740224, 23.756694, 23.774635, 23.790062, 23.806710, 23.823373, 23.840073, 23.856762, 23.873406, 23.890100, 23.906773, 23.924026, 23.940271, 23.956831, 23.973566, 23.990206, 24.007980, 24.025775, 24.040982, 24.057081, 24.073719, 24.090344, 24.107017, 24.124322, 24.140512, 24.157108, 24.173812, 24.190585, 24.207755, 24.224222, 24.240861, 24.257912, 24.276223, 24.290909, 24.307498, 24.324216, 24.340782, 24.357491, 24.374195, 24.390927, 24.407553, 24.424237, 24.442539, 24.457709, 24.474428, 24.491557, 24.507704, 24.525580, 24.540972, 24.557662, 24.574375, 24.590982, 24.607688, 24.624301, 24.642497, 24.657605, 24.674226, 24.690892, 24.707484, 24.724249, 24.741517, 24.761676, 24.775619, 24.791578, 24.807865, 24.824340, 24.841090, 24.857831, 24.874470, 24.891356, 24.908650, 24.925024, 24.941625, 24.958385, 24.975005, 24.992085, 25.008288, 25.026697, 25.041679, 25.058366, 25.075041, 25.091797, 25.108310, 25.124972, 25.142310, 25.158464, 25.175130, 25.191825, 25.208706, 25.225144, 25.241807, 25.259082, 25.276785, 25.291751, 25.308453, 25.325092, 25.341742, 25.358291, 25.374807, 25.391520, 25.408151, 25.424908, 25.441688, 25.458322, 25.475157, 25.492103, 25.508181, 25.526567, 25.541674, 25.558861, 25.575744, 25.591865, 25.608451, 25.625137, 25.641801, 25.658644, 25.675284, 25.692079, 25.708767, 25.725584, 25.742046, 25.758696, 25.776566, 25.791976, 25.808620, 25.825376, 25.841951, 25.858642, 25.875407, 25.892001, 25.908689, 25.925449, 25.942098, 25.958759, 25.976009, 25.992121, 26.010271, 26.027513, 26.042742, 26.058963, 26.078866, 26.098516, 26.113490, 26.125932, 26.142250, 26.158899, 26.175692, 26.192332, 26.210945, 26.226217, 26.242253, 26.258962, 26.277478, 26.292233, 26.308872, 26.325615, 26.342247, 26.362804, 26.375771, 26.392872, 26.409159, 26.425894, 26.442520, 26.459856, 26.476560, 26.492569, 26.509884, 26.527778, 26.542749, 26.559310, 26.577101, 26.592990, 26.609395, 26.626152, 26.642922, 26.659513, 26.676462, 26.693246, 26.709874, 26.727051, 26.743955, 26.760177, 26.778655, 26.793409, 26.810252, 26.826746, 26.843440, 26.859889, 26.876582, 26.893259, 26.910093, 26.926677, 26.943296, 26.960454, 26.976755, 26.993264, 27.010108, 27.028471, 27.043459, 27.060070, 27.076715, 27.093294, 27.110065, 27.126714, 27.143447, 27.160252, 27.176911, 27.193606, 27.211185, 27.227057, 27.244558, 27.260499, 27.278661, 27.293958, 27.310356, 27.327075, 27.344427, 27.360507, 27.377149, 27.393819, 27.412027, 27.427153, 27.443918, 27.460903, 27.477131, 27.493747, 27.510501, 27.528480, 27.543833, 27.562035, 27.577647, 27.593990, 27.610594, 27.627243, 27.643953, 27.660730, 27.677421, 27.694445, 27.710646, 27.727236, 27.744018, 27.760681, 27.779456, 27.794112, 27.811322, 27.831458, 27.845653, 27.860773, 27.877416, 27.894145, 27.910824, 27.927529, 27.944744, 27.960952, 27.977552, 27.994122, 28.011429, 28.029620, 28.045680, 28.060925, 28.077625, 28.094309, 28.111050, 28.127671, 28.144347, 28.161246, 28.177982, 28.194979, 28.211176, 28.227738, 28.244379, 28.261109, 28.279437, 28.294386, 28.311080, 28.327779, 28.345136, 28.361293, 28.377943, 28.394610, 28.411347, 28.428031, 28.444738, 28.461282, 28.477992, 28.494708, 28.511328, 28.529517, 28.544726, 28.561396, 28.579552, 28.594654, 28.611386, 28.627996, 28.644780, 28.661460, 28.678143, 28.695243, 28.712977, 28.728143, 28.744767, 28.761540, 28.779452, 28.795405, 28.811655, 28.828869, 28.845064, 28.861686, 28.878327, 28.894990, 28.911873, 28.928841, 28.945483, 28.961625, 28.978912, 28.995133, 29.011728, 29.029464, 29.046994, 29.061648, 29.078258, 29.095023, 29.111667, 29.128381, 29.145152, 29.161952, 29.178454, 29.195396, 29.211714, 29.228955, 29.245233, 29.261784, 29.280465, 29.295207, 29.311890, 29.328516, 29.345155, 29.361869, 29.378521, 29.395294, 29.411972, 29.428666, 29.445270, 29.461922, 29.478590, 29.495254, 29.511886, 29.530366, 29.545939, 29.562071, 29.578764, 29.595313, 29.611959, 29.628703, 29.645287, 29.662722, 29.679022, 29.695663, 29.712066, 29.728838, 29.745420, 29.762034, 29.780440, 29.795434, 29.812029, 29.828768, 29.845471, 29.863800, 29.878789, 29.895439, 29.911924, 29.928709, 29.945546, 29.962183, 29.978934, 29.996354, 30.014106, 30.031500, 30.046232, 30.062713, 30.079595, 30.096128, 30.112889, 30.129623, 30.146239, 30.163077, 30.179570, 30.196185, 30.213115, 30.229629, 30.246244, 30.262879, 30.286092, 30.299288, 30.313036, 30.329683, 30.346446, 30.363202, 30.379863, 30.396778, 30.414628, 30.430894, 30.447075, 30.463674, 30.480341, 30.497001, 30.513649, 30.530279, 30.548520, 30.565118, 30.581009, 30.597863, 30.613863, 30.632040, 30.647818, 30.664509, 30.680883, 30.697165, 30.714022, 30.731263, 30.747346, 30.763963, 30.781225, 30.798674, 30.813902, 30.830601, 30.847193, 30.864012, 30.880661, 30.897319, 30.915012, 30.930736, 30.947285, 30.964082, 30.980725, 30.997354, 31.014144, 31.030616, 31.049445, 31.064088, 31.080766, 31.097481, 31.114231, 31.130716, 31.147392, 31.164199, 31.180550, 31.196988, 31.213655, 31.230398, 31.247131, 31.263636, 31.280354, 31.296993, 31.315322, 31.330353, 31.346985, 31.363688, 31.380488, 31.397200, 31.414268, 31.430382, 31.447060, 31.463779, 31.484903, 31.498452, 31.513898, 31.530444, 31.547188, 31.565317, 31.580539, 31.597251, 31.613933, 31.630518, 31.647717, 31.664319, 31.680598, 31.697251, 31.713851, 31.730580, 31.747253, 31.763950, 31.780641, 31.797256, 31.815276, 31.830684, 31.847384, 31.865660, 31.881237, 31.897379, 31.914318, 31.930917, 31.947513, 31.966255, 31.980958, 31.997582, 32.014909, 32.031158, 32.047723, 32.066622, 32.080979, 32.097838, 32.114443, 32.131188, 32.147795, 32.164538, 32.181076, 32.197812, 32.218322, 32.231212, 32.247699, 32.264317, 32.281119, 32.297781, 32.316393, 32.331097, 32.348045, 32.364564, 32.381653, 32.398402, 32.414597, 32.431228, 32.447950, 32.464600, 32.481236, 32.497903, 32.514534, 32.531240, 32.547981, 32.566408, 32.581125, 32.597860, 32.614385, 32.632174, 32.648272, 32.664337, 32.681078, 32.697649, 32.714376, 32.731027, 32.747735, 32.764401, 32.781169, 32.797784, 32.814431, 32.834366, 32.847783, 32.864541, 32.881112, 32.898288, 32.914452, 32.931874, 32.948125, 32.964859, 32.983040, 32.998224, 33.014918, 33.031559, 33.048405, 33.064968, 33.081698, 33.100348, 33.115121, 33.131807, 33.149014, 33.165268, 33.181773, 33.198399, 33.215807, 33.231887, 33.248551, 33.265194, 33.281764, 33.298558, 33.319568, 33.332476, 33.350356, 33.365689, 33.381795, 33.398569, 33.416104, 33.432112, 33.448619, 33.465383, 33.484484, 33.504966, 33.517999, 33.532016, 33.548740, 33.565921, 33.582322, 33.600444, 33.615603, 33.632499, 33.649338, 33.665541, 33.682173, 33.698828, 33.715483, 33.733698, 33.749574, 33.765683, 33.782235, 33.798901, 33.815610, 33.832278, 33.852423, 33.866412, 33.882884, 33.899007, 33.915673, 33.932503, 33.949083, 33.965848, 33.982385, 33.999034, 34.015756, 34.032445, 34.053704, 34.067485, 34.082456, 34.099185, 34.117907, 34.133070, 34.149191, 34.165870, 34.182598, 34.199206, 34.215966, 34.232698, 34.249279, 34.265915, 34.282683, 34.299355, 34.316108, 34.332571, 34.349537, 34.367260, 34.382834, 34.399687, 34.415889, 34.432877, 34.449153, 34.465690, 34.482385, 34.499081, 34.515817, 34.532359, 34.549123, 34.565806, 34.582472, 34.599236, 34.618259, 34.632519, 34.649080, 34.666357, 34.682676, 34.699221, 34.715847, 34.732561, 34.749351, 34.765832, 34.782600, 34.799298, 34.815868, 34.832668, 34.849362, 34.865970, 34.885881, 34.899398, 34.916007, 34.932574, 34.949303, 34.965987, 34.982769, 34.999316, 35.016002, 35.032748, 35.049370, 35.066226, 35.082817, 35.101607, 35.116452, 35.132744, 35.151193, 35.166068, 35.182720, 35.199342, 35.215841, 35.232648, 35.249094, 35.265778, 35.282447, 35.299100, 35.315873, 35.332651, 35.349412, 35.366033, 35.382637, 35.400994, 35.415992, 35.432672, 35.449340, 35.466620, 35.482880, 35.499493, 35.516139, 35.532943, 35.549656, 35.566517, 35.587146, 35.600482, 35.617242, 35.633412, 35.651264, 35.666663, 35.683365, 35.700039, 35.716737, 35.733466, 35.750077, 35.766681, 35.783418, 35.800730, 35.816908, 35.833430, 35.850719, 35.866721, 35.883475, 35.902831, 35.916948, 35.933594, 35.950234, 35.966956, 35.983673, 36.000386, 36.016959, 36.034983, 36.050561, 36.067178, 36.083588, 36.100954, 36.116979, 36.133492, 36.150120, 36.168402, 36.183478, 36.200129, 36.217493, 36.233651, 36.249939, 36.266770, 36.283127, 36.300095, 36.316801, 36.333487, 36.351349, 36.367081, 36.383742, 36.400457, 36.418306, 36.433766, 36.450304, 36.467064, 36.483622, 36.500355, 36.517101, 36.533730, 36.550473, 36.567078, 36.583652, 36.600619, 36.616714, 36.633398, 36.650061, 36.666745, 36.685167, 36.700065, 36.716760, 36.733445, 36.750755, 36.767068, 36.783643, 36.800523, 36.817260, 36.833862, 36.851111, 36.867475, 36.884221, 36.901002, 36.919159, 36.936164, 36.951518, 36.967836, 36.984386, 37.001070, 37.017764, 37.034447, 37.051186, 37.068059, 37.084677, 37.102870, 37.117908, 37.134473, 37.151179, 37.167672, 37.186702, 37.201319, 37.217900, 37.235239, 37.251429, 37.268037, 37.285349, 37.301684, 37.318277, 37.334882, 37.351559, 37.368079, 37.384755, 37.401417, 37.418567, 37.440423, 37.453689, 37.468024, 37.484709, 37.501334, 37.517956, 37.534937, 37.551438, 37.568128, 37.585286, 37.602331, 37.618368, 37.635088, 37.651868, 37.668481, 37.685843, 37.703348, 37.718683, 37.735364, 37.752086, 37.768634, 37.785424, 37.801937, 37.818633, 37.835796, 37.851797, 37.868328, 37.884994, 37.901694, 37.918316, 37.934952, 37.951746, 37.970191, 37.985628, 38.001853, 38.018507, 38.035414, 38.051832, 38.069109, 38.085112, 38.101854, 38.118608, 38.135205, 38.151775, 38.168532, 38.185153, 38.201801, 38.220154, 38.235138, 38.251727, 38.268382, 38.285181, 38.301802, 38.319018, 38.335140, 38.351782, 38.368971, 38.385050, 38.401678, 38.418333, 38.435053, 38.453292, 38.470131, 38.485082, 38.501785, 38.518532, 38.535579, 38.551943, 38.569678, 38.585441, 38.601977, 38.618628, 38.635378, 38.652061, 38.670234, 38.685577, 38.702257, 38.721128, 38.735747, 38.752515, 38.769139, 38.785843, 38.802508, 38.819432, 38.835739, 38.852473, 38.869161, 38.885775, 38.902425, 38.919240, 38.935795, 38.952488, 38.971030, 38.985828, 39.002512, 39.019248, 39.036178, 39.053065, 39.070321, 39.086120, 39.106578, 39.119542, 39.136067, 39.152668, 39.170055, 39.186234, 39.202781, 39.221208, 39.236155, 39.252838, 39.269594, 39.286231, 39.302902, 39.319860, 39.336266, 39.353029, 39.369808, 39.386495, 39.403112, 39.419764, 39.436325, 39.453044, 39.471048, 39.486365, 39.503011, 39.519819, 39.536659, 39.553057, 39.569715, 39.586386, 39.603228, 39.619810, 39.636470, 39.653757, 39.669911, 39.686505, 39.703315, 39.721079, 39.736409, 39.753079, 39.769815, 39.786587, 39.803213, 39.819766, 39.836448, 39.853186, 39.869625, 39.886364, 39.902814, 39.919553, 39.936270, 39.952817, 39.969603, 39.988629, 40.004038, 40.022068, 40.036889, 40.053172, 40.069906, 40.086586, 40.103318, 40.120102, 40.136692, 40.153360, 40.170051, 40.186712, 40.203370, 40.220035, 40.238207, 40.253298, 40.270573, 40.288616, 40.303745, 40.319899, 40.336572, 40.353104, 40.369812, 40.386444, 40.403102, 40.419789, 40.436481, 40.453165, 40.469830, 40.488001, 40.503233, 40.520009, 40.537124, 40.553182, 40.569848, 40.586577, 40.603161, 40.619761, 40.636560, 40.653204, 40.670134, 40.686758, 40.707055, 40.720244, 40.739136, 40.753688, 40.770483, 40.787510, 40.804345, 40.820593, 40.837105, 40.853826, 40.870465, 40.887139, 40.903820, 40.920466, 40.937199, 40.954479, 40.970725, 40.989091, 41.004670, 41.021426, 41.038158, 41.054039, 41.071357, 41.087585, 41.104161, 41.120852, 41.137542, 41.154156, 41.170781, 41.187543, 41.204131, 41.220812, 41.239272, 41.255296, 41.271504, 41.288005, 41.304236, 41.320939, 41.337586, 41.354280, 41.370985, 41.387599, 41.404923, 41.421115, 41.437719, 41.454419, 41.471034, 41.489648, 41.504553, 41.521082, 41.538929, 41.554577, 41.571126, 41.587827, 41.604453, 41.621182, 41.637828, 41.654475, 41.671225, 41.687819, 41.704490, 41.721206, 41.740068, 41.754569, 41.771280, 41.788270, 41.805024, 41.821229, 41.837646, 41.854334, 41.870934, 41.887618, 41.904386, 41.920984, 41.937737, 41.954418, 41.971209, 41.989990, 42.004789, 42.021388, 42.038381, 42.054858, 42.072096, 42.088321, 42.105479, 42.121705, 42.138878, 42.155072, 42.172341, 42.188504, 42.205152, 42.221842, 42.240216, 42.255334, 42.272360, 42.288474, 42.305165, 42.321813, 42.339973, 42.355844, 42.371908, 42.388596, 42.405181, 42.422023, 42.438681, 42.455428, 42.472130, 42.490020, 42.505496, 42.522562, 42.538810, 42.555505, 42.573721, 42.588816, 42.605468, 42.622092, 42.638869, 42.655594, 42.672162, 42.688818, 42.705446, 42.722255, 42.740915, 42.755680, 42.772603, 42.788893, 42.805554, 42.822320, 42.838892, 42.856154, 42.876359, 42.889176, 42.905781, 42.922376, 42.939046, 42.955699, 42.972479, 42.990980, 43.005972, 43.022840, 43.039742, 43.055990, 43.072666, 43.089206, 43.105944, 43.122622, 43.140295, 43.156228, 43.173266, 43.189685, 43.206402, 43.223110, 43.242028, 43.257600, 43.273260, 43.289847, 43.306384, 43.323241, 43.339758, 43.356453, 43.373835, 43.389950, 43.406580, 43.423299, 43.439828, 43.456677, 43.473241, 43.489650, 43.508980, 43.522866, 43.539562, 43.556246, 43.572907, 43.589638, 43.606348, 43.623033, 43.639867, 43.656675, 43.673218, 43.690625, 43.706617, 43.723264, 43.739818, 43.759046, 43.773062, 43.789782, 43.806356, 43.822978, 43.839586, 43.857784, 43.872806, 43.889454, 43.906139, 43.922942, 43.939671, 43.956470, 43.973205, 43.989750, 44.008912, 44.023107, 44.039828, 44.056531, 44.073273, 44.089914, 44.108138, 44.123266, 44.139986, 44.157087, 44.173481, 44.189980, 44.211190, 44.223596, 44.240503, 44.256643, 44.274968, 44.290039, 44.306708, 44.323985, 44.340236, 44.356796, 44.373992, 44.390266, 44.406825, 44.423539, 44.440208, 44.457095, 44.473609, 44.490246, 44.506944, 44.524954, 44.540227, 44.556883, 44.573525, 44.590166, 44.606887, 44.623548, 44.640207, 44.656907, 44.673569, 44.690251, 44.706976, 44.723660, 44.740454, 44.757598, 44.775045, 44.790441, 44.807122, 44.823760, 44.840424, 44.857085, 44.873727, 44.891045, 44.907280, 44.923798, 44.940518, 44.957243, 44.973838, 44.990415, 45.007293, 45.025898, 45.040594, 45.057265, 45.073898, 45.090579, 45.107257, 45.123908, 45.140620, 45.157298, 45.173968, 45.190737, 45.207591, 45.224628, 45.240797, 45.257425, 45.276407, 45.290906, 45.307503, 45.324170, 45.340822, 45.357535, 45.374171, 45.390867, 45.407564, 45.424265, 45.441015, 45.457695, 45.474835, 45.491011, 45.507609, 45.525834, 45.541018, 45.557658, 45.574368, 45.591656, 45.607905, 45.626029, 45.641155, 45.657863, 45.674521, 45.691271, 45.708049, 45.724839, 45.741622, 45.758388, 45.776892, 45.793092, 45.808385, 45.825087, 45.841774, 45.858397, 45.875055, 45.891661, 45.908388, 45.925158, 45.941804, 45.962416, 45.978059, 45.994326, 46.010232, 46.027801, 46.042638, 46.058895, 46.076080, 46.092399, 46.109014, 46.126282, 46.142589, 46.159136, 46.175865, 46.193180, 46.210012, 46.226996, 46.242746, 46.259217, 46.277938, 46.292651, 46.309854, 46.326013, 46.342576, 46.359260, 46.375907, 46.392653, 46.409857, 46.426086, 46.443822, 46.460680, 46.476894, 46.494605, 46.509711, 46.527940, 46.543032, 46.561344, 46.577040, 46.593298, 46.609745, 46.626501, 46.643188, 46.659774, 46.676425, 46.693119, 46.712439, 46.728967, 46.744557, 46.759836, 46.777868, 46.793156, 46.809778, 46.826458, 46.843152, 46.859947, 46.876513, 46.893246, 46.910529, 46.926724, 46.943750, 46.959794, 46.976564, 46.993212, 47.009967, 47.029933, 47.043844, 47.060415, 47.078360, 47.094133, 47.110452, 47.127014, 47.143866, 47.160709, 47.177726, 47.194493, 47.210588, 47.227238, 47.243662, 47.260526, 47.277142, 47.295940, 47.310329, 47.326956, 47.343597, 47.360223, 47.376998, 47.393863, 47.410451, 47.427165, 47.444137, 47.460374, 47.476754, 47.493540, 47.510135, 47.526858, 47.544749, 47.560216, 47.576965, 47.593551, 47.610217, 47.626919, 47.643606, 47.660947, 47.677280, 47.693873, 47.711128, 47.727434, 47.743913, 47.760522, 47.777224, 47.795920, 47.810587, 47.827204, 47.843928, 47.860556, 47.877196, 47.893879, 47.911368, 47.927420, 47.944172, 47.964052, 47.977565, 47.993991, 48.010657, 48.027411, 48.045845, 48.061397, 48.077527, 48.094147, 48.110759, 48.127326, 48.144077, 48.160790, 48.177879, 48.194435, 48.211043, 48.227360, 48.244099, 48.260696, 48.277372, 48.295775, 48.312228, 48.327510, 48.344731, 48.360908, 48.377578, 48.396478, 48.411106, 48.427629, 48.444801, 48.460866, 48.477492, 48.494706, 48.510720, 48.527467, 48.545756, 48.560810, 48.577458, 48.594219, 48.610887, 48.627442, 48.644203, 48.660986, 48.677667, 48.697196, 48.710908, 48.727515, 48.744158, 48.760919, 48.777556, 48.795732, 48.811012, 48.827632, 48.844281, 48.860997, 48.877660, 48.894438, 48.911756, 48.927909, 48.945246, 48.961424, 48.978195, 48.994721, 49.011549, 49.028189, 49.046784, 49.061586, 49.078249, 49.094872, 49.111602, 49.128309, 49.146272, 49.162280, 49.178380, 49.195956, 49.211762, 49.228446, 49.246593, 49.261629, 49.278321, 49.294712, 49.312815, 49.328236, 49.344783, 49.361463, 49.378141, 49.394798, 49.411953, 49.430037, 49.444606, 49.461418, 49.478521, 49.494719, 49.512235, 49.528063, 49.544636, 49.561305, 49.584979, 49.608255, 49.620915, 49.633826, 49.647410, 49.661486, 49.678108, 49.694712, 49.711312, 49.728520, 49.744729, 49.761305, 49.778090, 49.794634, 49.811401, 49.828096, 49.845808, 49.861341, 49.878072, 49.894662, 49.911926, 49.928492, 49.944721, 49.961415, 49.978570, 49.994849, 50.011449, 50.028082, 50.044865, 50.061512, 50.078213, 50.096784, 50.112165, 50.128443, 50.145094, 50.162189, 50.178680, 50.195000, 50.211747, 50.228371, 50.244936, 50.261672, 50.278279, 50.294951, 50.311667, 50.328231, 50.346980, 50.362407, 50.378307, 50.395124, 50.412197, 50.428824, 50.445160, 50.461773, 50.478474, 50.495170, 50.511704, 50.528410, 50.545030, 50.563201, 50.578174, 50.596577, 50.611539, 50.628251, 50.644995, 50.662085, 50.678316, 50.695936, 50.712434, 50.728568, 50.745196, 50.761822, 50.780095, 50.795205, 50.811902, 50.828564, 50.846913, 50.861947, 50.878720, 50.895331, 50.915446, 50.928390, 50.945184, 50.961823, 50.978472, 50.995113, 51.011832, 51.028389, 51.045039, 51.061621, 51.078301, 51.096628, 51.111884, 51.128606, 51.145385, 51.163329, 51.179012, 51.196227, 51.212514, 51.229040, 51.245723, 51.262402, 51.279041, 51.295777, 51.312451, 51.329223, 51.347920, 51.362873, 51.379562, 51.396180, 51.413323, 51.429546, 51.446183, 51.462873, 51.479576, 51.496233, 51.513581, 51.529764, 51.546298, 51.563000, 51.579686, 51.597732, 51.613113, 51.629800, 51.646365, 51.663157, 51.679698, 51.696436, 51.713077, 51.729813, 51.746463, 51.763159, 51.779836, 51.796511, 51.813159, 51.829804, 51.848671, 51.863257, 51.880426, 51.897001, 51.913224, 51.929917, 51.947165, 51.963457, 51.981060, 51.996989, 52.013592, 52.030280, 52.047015, 52.065064, 52.080320, 52.098821, 52.113705, 52.130342, 52.147432, 52.163581, 52.180240, 52.198350, 52.213541, 52.230256, 52.247008, 52.263577, 52.280190, 52.296842, 52.313546, 52.330038, 52.349243, 52.363638, 52.380356, 52.397464, 52.413534, 52.430183, 52.446922, 52.463729, 52.480468, 52.501190, 52.514292, 52.530684, 52.547420, 52.563930, 52.581383, 52.598808, 52.614293, 52.630778, 52.647888, 52.664167, 52.680991, 52.697547, 52.714092, 52.730951, 52.747272, 52.765093, 52.780806, 52.797281, 52.814006, 52.830720, 52.847426, 52.865752, 52.881224, 52.897426, 52.914123, 52.930808, 52.947397, 52.964049, 52.981276, 52.997593, 53.014231, 53.030783, 53.047499, 53.064170, 53.080917, 53.097642, 53.115710, 53.130865, 53.147590, 53.165792, 53.180998, 53.197495, 53.214203, 53.230868, 53.248194, 53.264491, 53.280956, 53.298224, 53.316676, 53.331331, 53.348253, 53.365797, 53.382428, 53.398573, 53.414787, 53.432125, 53.448030, 53.465245, 53.481496, 53.498137, 53.514814, 53.531299, 53.548630, 53.564874, 53.581512, 53.601811, 53.616714, 53.631713, 53.648008, 53.664761, 53.681384, 53.697972, 53.715289, 53.731547, 53.748161, 53.764843, 53.781363, 53.797958, 53.814572, 53.831113, 53.847851, 53.866674, 53.881205, 53.897754, 53.914383, 53.931085, 53.948214, 53.964387, 53.980963, 53.997653, 54.014458, 54.031040, 54.047775, 54.064394, 54.081032, 54.097819, 54.115001, 54.133729, 54.147880, 54.164461, 54.181147, 54.197791, 54.214489, 54.231152, 54.247808, 54.264514, 54.281210, 54.297885, 54.318129, 54.337562, 54.350172, 54.365129, 54.383437, 54.397954, 54.414600, 54.431289, 54.447967, 54.464583, 54.481285, 54.498581, 54.514840, 54.531450, 54.548153, 54.564818, 54.581540, 54.598228, 54.614918, 54.633590, 54.648340, 54.666537, 54.681726, 54.698336, 54.714934, 54.731694, 54.748334, 54.765010, 54.781795, 54.798339, 54.815061, 54.831658, 54.850433, 54.864979, 54.883498, 54.898053, 54.914890, 54.931452, 54.948109, 54.964899, 54.985359, 54.998261, 55.014897, 55.031520, 55.048271, 55.064913, 55.081534, 55.098445, 55.114981, 55.133535, 55.148318, 55.164990, 55.181674, 55.198360, 55.216923, 55.244069, 55.258302, 55.271693, 55.284054, 55.298360, 55.315102, 55.331780, 55.348472, 55.365088, 55.383503, 55.398474, 55.415171, 55.431842, 55.448509, 55.465193, 55.481861, 55.498637, 55.515152, 55.531920, 55.548667, 55.565316, 55.582023, 55.599024, 55.615558, 55.633446, 55.649296, 55.665585, 55.682153, 55.698834, 55.715520, 55.732178, 55.749417, 55.766313, 55.782386, 55.798996, 55.815700, 55.832392, 55.849347, 55.865640, 55.883589, 55.899018, 55.915583, 55.932320, 55.948928, 55.965645, 55.982343, 55.998994, 56.015662, 56.032404, 56.049039, 56.065789, 56.082484, 56.099640, 56.115736, 56.134483, 56.149043, 56.166315, 56.182564, 56.199210, 56.215896, 56.232533, 56.249156, 56.265860, 56.282581, 56.299227, 56.315996, 56.332735, 56.349775, 56.365933, 56.384466, 56.399192, 56.415947, 56.432605, 56.449308, 56.465971, 56.482703, 56.499348, 56.516021, 56.532737, 56.549478, 56.566147, 56.582828, 56.601444, 56.616182, 56.634420, 56.649471, 56.666809, 56.683043, 56.699673, 56.716894, 56.733103, 56.749758, 56.766400, 56.783045, 56.799824, 56.816491, 56.835352, 56.850042, 56.866514, 56.885620, 56.900204, 56.916679, 56.933935, 56.950146, 56.967293, 56.983474, 57.000098, 57.016753, 57.033565, 57.050093, 57.067739, 57.084306, 57.100498, 57.116973, 57.135707, 57.150350, 57.167037, 57.187213, 57.200428, 57.217131, 57.233791, 57.250408, 57.267105, 57.283760, 57.300470, 57.317817, 57.334915, 57.351051, 57.367458, 57.385637, 57.400894, 57.417616, 57.434283, 57.450848, 57.467586, 57.484253, 57.500959, 57.517698, 57.534535, 57.550931, 57.567727, 57.584860, 57.601308, 57.617990, 57.637126, 57.651582, 57.668249, 57.684815, 57.701500, 57.718166, 57.734916, 57.751553, 57.768369, 57.785063, 57.802146, 57.818734, 57.835039, 57.853010, 57.868364, 57.887013, 57.901966, 57.920089, 57.935299, 57.951956, 57.968601, 57.985265, 58.001932, 58.018644, 58.035715, 58.052011, 58.073180, 58.086728, 58.102029, 58.118651, 58.137445, 58.151845, 58.168805, 58.184984, 58.201739, 58.218405, 58.234985, 58.251736, 58.268468, 58.285045, 58.301853, 58.318813, 58.334812, 58.352311, 58.368157, 58.385280, 58.403561, 58.417934, 58.434667, 58.451799, 58.468053, 58.484675, 58.501287, 58.517985, 58.534958, 58.551367, 58.568620, 58.584726, 58.601371, 58.618024, 58.634778, 58.653388, 58.668045, 58.685334, 58.703089, 58.718279, 58.734883, 58.752180, 58.768449, 58.785001, 58.801699, 58.818808, 58.835569, 58.851800, 58.869032, 58.885058, 58.905659, 58.919098, 58.935116, 58.951744, 58.968294, 58.984898, 59.001599, 59.018354, 59.035459, 59.051879, 
12, 10, 1, 0.861275, 0.925832, 0.966143, 1.015228, 1.109444, 1.243519, 1.383898, 1.530508, 1.656262, 1.819161, 2.025426, 2.262825, 2.449996, 2.726861, 3.021824, 3.367874, 3.733469, 4.121000, 4.504678, 4.905193, 5.270152, 5.643090, 5.987598, 6.393315, 6.612091, 6.805000, 7.028591, 7.128528, 7.203478, 7.194850, 7.159856, 7.072669, 6.932164, 6.566993, 6.589733, 6.406401, 6.196129, 5.976321, 5.776665, 5.569381, 5.193039, 5.198450, 5.006047, 4.637396, 4.543189, 4.464292, 4.102787, 4.118384, 3.803367, 3.658005, 3.677395, 3.340451, 3.169559, 3.003599, 2.822327, 2.654086, 2.493562, 2.344994, 2.205101, 2.096050, 2.007771, 1.931563, 1.869257, 1.823680, 1.766615, 1.720118, 1.650965, 1.566936, 1.467073, 1.332042, 1.180703, 1.015759, 0.863577, 0.693517, 0.529861, 0.350770, 0.191349, 0.080284, 0.222080, 0.272275, 0.411747, 0.547904, 0.666649, 0.777720, 0.859455, 0.932425, 0.958804, 0.989908, 0.974860, 0.954604, 0.901958, 0.819401, 0.720601, 0.587531, 0.451614, 0.269375, 0.078072, 0.101056, 0.281429, 0.465412, 0.634434, 0.791860, 0.926851, 1.056325, 1.175073, 1.269101, 1.356954, 1.414119, 1.453032, 1.408712, 1.509112, 1.554670, 1.541814, 1.528266, 1.490429, 1.457533, 1.393954, 1.320319, 1.225046, 1.104287, 0.969296, 0.839619, 0.711664, 0.569614, 0.299239, 0.266336, 0.123203, 0.103903, 0.201673, 0.374916, 0.534642, 0.812730, 0.855914, 1.002296, 1.254282, 1.286889, 1.416794, 1.609086, 1.611956, 1.742060, 1.796622, 1.776904, 1.859086, 1.851158, 1.795305, 1.809596, 1.756137, 1.676181, 1.612588, 1.515600, 1.376996, 1.255168, 1.107912, 1.009414, 0.915095, 0.816424, 0.724169, 0.596066, 0.508012, 0.421237, 0.357308, 0.291617, 0.255831, 0.237914, 0.191864, 0.196130, 0.198342, 0.244117, 0.342474, 0.462843, 0.600739, 0.787228, 0.998325, 1.244254, 1.528915, 1.804408, 2.111426, 2.424255, 2.755955, 3.088013, 3.413160, 3.744695, 4.085411, 4.388425, 4.679809, 4.934665, 5.205515, 5.482901, 5.709525, 5.936860, 6.178164, 6.379761, 6.483085, 6.547105, 6.579279, 6.593171, 6.569815, 6.498841, 6.409360, 6.308070, 6.187438, 6.022229, 5.775093, 5.668855, 5.488029, 5.288223, 5.080416, 4.874869, 4.673429, 4.451109, 4.233236, 4.019809, 3.815394, 3.621673, 3.410621, 3.103363, 3.031660, 2.849630, 2.686466, 2.542626, 2.406583, 2.295996, 2.201293, 2.117942, 2.041707, 1.978730, 1.922245, 1.870899, 1.841834, 1.823473, 1.741379, 1.778997, 1.761317, 1.738613, 1.724907, 1.692329, 1.664400, 1.631055, 1.584799, 1.542873, 1.507917, 1.396774, 1.415432, 1.358561, 1.224935, 1.178214, 1.190276, 1.053540, 1.000653, 0.902629, 0.838700, 0.849063, 0.696969, 0.629982, 0.647872, 0.506199, 0.441569, 0.410091, 0.342207, 0.298106, 0.259116, 0.209053, 0.149009, 0.092711, 0.040437, 0.013247, 0.069939, 0.112752, 0.149359, 0.205645, 0.259284, 0.312984, 0.359192, 0.413288, 0.401189, 0.457233, 0.481762, 0.493874, 0.502551, 0.513733, 0.517499, 0.503358, 0.476935, 0.456628, 0.420265, 0.366871, 0.323499, 0.266807, 0.201539, 0.145586, 0.058977, 0.009508, 0.077446, 0.148709, 0.234819, 0.306391, 0.376765, 0.429709, 0.469779, 0.487595, 0.501018, 0.497757, 0.484329, 0.454950, 0.426970, 0.407604, 0.367036, 0.321082, 0.287601, 0.260445, 0.227883, 0.197938, 0.188535, 0.180443, 0.164664, 0.165750, 0.170410, 0.176952, 0.169335, 0.068108, 0.040334, 0.135535, 0.229549, 0.300952, 0.355030, 0.394209, 0.400836, 0.379994, 0.317222, 0.202452, 0.053561, 0.140324, 0.403180, 0.716066, 1.086237, 1.527391, 2.023673, 2.724673, 3.215569, 3.901010, 4.618256, 5.382047, 6.189142, 7.014032, 7.878556, 8.772227, 9.680447, 10.591491, 11.515465, 12.415764, 13.295457, 14.152691, 15.031357, 15.704297, 16.373679, 17.003363, 17.470488, 17.895337, 18.176020, 18.369800, 18.444563, 18.431689, 18.307626, 18.091653, 17.833304, 17.493213, 17.091290, 16.397337, 16.167824, 15.680184, 15.190605, 14.717748, 14.025178, 13.778149, 13.312059, 12.859636, 12.196020, 12.011532, 11.423483, 11.269779, 10.960083, 10.513436, 10.285164, 10.093524, 9.904674, 9.770200, 9.651976, 9.564323, 9.482952, 9.412160, 9.397988, 9.309016, 9.261220, 9.213077, 9.139204, 9.069486, 9.018859, 8.952613, 8.896447, 8.863356, 8.846097, 8.864379, 8.913492, 8.986711, 9.144767, 9.273819, 9.398809, 9.560051, 9.725980, 9.875619, 10.007831, 10.090257, 10.132414, 10.133572, 10.091492, 9.996314, 9.863320, 9.700887, 9.493718, 9.232843, 8.930394, 8.593868, 8.237715, 7.853870, 7.443714, 7.016004, 6.570167, 6.106952, 5.626740, 5.152488, 4.686769, 4.240541, 3.829224, 3.423167, 3.060258, 2.719436, 2.413655, 2.123647, 1.849939, 1.609332, 1.409073, 1.231308, 1.004748, 0.957863, 0.838823, 0.723583, 0.610254, 0.497840, 0.395272, 0.281973, 0.159516, 0.037665, 0.088943, 0.236030, 0.366271, 0.507418, 0.645015, 0.780721, 1.044709, 1.098863, 1.207085, 1.277745, 1.316537, 1.325443, 1.311038, 1.257705, 1.179021, 1.080214, 0.927975, 0.776946, 0.595178, 0.365821, 0.130979, 0.070956, 0.309148, 0.547477, 0.789907, 1.108667, 1.367608, 1.681460, 2.045308, 2.302303, 2.574311, 2.865937, 3.103484, 3.320502, 3.544127, 3.764826, 3.874302, 3.945803, 4.035874, 4.002137, 3.922700, 3.950992, 3.776058, 3.700930, 3.607493, 3.508446, 3.395712, 3.278798, 3.167446, 3.052710, 2.946813, 2.845402, 2.751151, 2.649398, 2.546267, 2.466539, 2.393958, 2.322289, 2.273388, 2.247180, 2.219114, 2.196980, 2.173962, 2.162142, 2.161961, 2.157298, 2.172618, 2.206375, 2.229519, 2.253979, 2.273641, 2.294812, 2.302199, 2.305513, 2.295201, 2.281424, 2.269485, 2.228829, 2.192969, 2.158797, 2.089281, 2.026813, 1.954058, 1.875202, 1.804888, 1.720867, 1.633046, 1.555834, 1.468327, 1.412700, 1.352224, 1.301446, 1.261388, 1.226212, 1.208051, 1.208066, 1.173208, 1.172498, 1.172824, 1.172717, 1.182771, 1.201208, 1.216292, 1.263235, 1.329535, 1.354221, 1.405717, 1.459261, 1.520505, 1.557220, 1.602373, 1.550436, 1.660590, 1.678391, 1.705309, 1.741089, 1.797425, 1.867083, 1.939610, 2.016401, 2.096590, 2.165673, 2.224530, 2.246005, 2.277130, 2.267045, 2.148644, 2.209851, 2.142583, 2.045670, 1.931050, 1.789355, 1.662481, 1.550977, 1.450069, 1.266704, 1.325123, 1.294568, 1.210117, 1.222412, 1.340875, 1.308175, 1.365904, 1.437668, 1.510346, 1.597120, 1.691564, 1.775179, 1.841719, 1.890182, 1.938268, 1.941250, 1.936270, 1.905353, 1.821816, 1.746502, 1.653272, 1.517772, 1.372683, 1.208406, 1.047085, 0.863917, 0.670342, 0.489171, 0.301903, 0.125028, 0.041746, 0.186102, 0.317104, 0.428301, 0.509620, 0.572438, 0.621076, 0.661337, 0.689322, 0.704377, 0.684705, 0.693396, 0.846477, 0.871072, 0.858268, 0.869227, 0.842064, 0.841291, 0.822154, 0.843836, 0.878681, 0.924648, 1.010676, 1.131123, 1.301453, 1.513280, 1.763907, 2.064018, 2.378777, 2.738740, 3.110386, 3.488040, 3.855500, 4.219111, 4.555789, 4.883389, 5.269324, 5.480365, 5.808782, 5.964965, 6.145433, 6.340624, 6.491199, 6.639799, 6.716891, 6.757288, 6.758997, 6.717736, 6.624337, 6.494709, 6.334662, 6.002552, 5.904852, 5.652270, 5.382331, 5.133443, 4.874274, 4.619037, 4.399858, 4.199358, 4.000182, 3.809817, 3.612344, 3.412275, 3.204332, 2.995877, 2.650147, 2.564325, 2.349955, 2.142895, 1.943025, 1.774502, 1.617783, 1.493061, 1.385330, 1.215096, 1.133312, 1.143434, 1.071215, 0.910641, 0.848617, 0.745085, 0.654575, 0.640114, 0.532508, 0.358024, 0.275238, 0.197649, 0.111829, 0.054414, 0.026715, 0.039672, 0.069563, 0.089431, 0.102163, 0.113233, 0.120379, 0.127846, 0.130237, 0.146032, 0.140563, 0.144749, 0.157244, 0.173732, 0.186610, 0.201267, 0.192086, 0.233278, 0.244301, 0.245553, 0.247556, 0.225775, 0.204794, 0.172571, 0.131922, 0.088050, 0.054166, 0.028291, 0.025422, 0.016605, 0.018544, 0.026650, 0.027477, 0.044048, 0.060783, 0.074520, 0.082744, 0.100550, 0.113969, 0.127227, 0.136595, 0.145943, 0.149485, 0.155928, 0.168838, 0.173209, 0.195355, 0.222104, 0.259632, 0.305326, 0.350355, 0.483360, 0.472881, 0.524451, 0.556608, 0.592391, 0.626879, 0.649578, 0.699445, 0.758841, 0.852986, 0.874205, 0.916276, 0.977353, 1.033937, 1.092917, 1.193873, 1.161669, 1.197341, 1.222481, 1.226248, 1.220753, 1.193908, 1.154293, 1.109477, 1.056619, 1.007354, 0.944266, 0.844782, 0.756053, 0.658419, 0.555763, 0.440053, 0.321981, 0.218149, 0.123468, 0.032720, 0.061203, 0.135540, 0.233143, 0.314700, 0.376735, 0.475093, 0.555485, 0.609416, 0.705434, 0.747939, 0.800691, 0.872048, 0.873859, 0.795075, 0.854395, 0.808807, 0.809797, 0.846959, 0.788523, 0.786892, 0.745755, 0.706774, 0.665425, 0.606913, 0.540190, 0.478265, 0.375080, 0.277292, 0.147390, 0.030808, 0.087661, 0.186743, 0.301992, 0.427641, 0.542081, 0.653603, 0.754924, 0.846171, 0.933409, 1.013910, 1.084897, 1.155672, 1.230409, 1.295887, 1.344193, 1.394657, 1.419081, 1.427992, 1.404961, 1.383173, 1.300592, 1.223790, 1.139765, 1.050776, 0.962287, 0.837548, 0.712422, 0.609664, 0.481556, 0.353430, 0.241120, 0.134112, 0.067508, 0.003224, 0.067523, 0.121035, 0.179464, 0.232319, 0.287433, 0.394372, 0.498777, 0.567231, 0.646763, 0.729263, 0.802693, 0.865801, 0.897698, 0.970240, 1.025449, 1.070935, 1.125813, 1.180876, 1.226114, 1.279905, 1.301675, 1.386528, 1.427197, 1.471863, 1.534519, 1.577428, 1.628335, 1.687586, 1.713235, 1.732533, 1.762724, 1.776363, 1.792255, 1.795493, 1.793820, 1.719987, 1.758993, 1.722601, 1.708543, 1.657871, 1.519442, 1.518598, 1.440918, 1.361006, 1.203244, 1.202901, 1.131466, 0.989933, 1.017347, 0.954047, 0.799366, 0.811972, 0.742219, 0.591770, 0.528579, 0.464012, 0.396629, 0.352594, 0.303452, 0.255161, 0.211270, 0.159202, 0.111957, 0.083375, 0.057895, 0.041680, 0.005144, 0.035330, 0.042781, 0.113218, 0.157780, 0.205800, 0.244336, 0.298732, 0.325028, 0.325307, 0.319700, 0.290510, 0.250286, 0.185253, 0.089381, 0.028499, 0.173247, 0.295030, 0.416881, 0.573281, 0.680372, 0.791440, 0.888522, 0.969305, 1.056042, 1.114433, 1.175033, 1.257687, 1.313715, 1.380643, 1.455801, 1.556128, 1.698863, 1.798551, 1.916547, 2.033463, 2.171779, 2.290834, 2.379973, 2.471346, 2.539658, 2.584788, 2.602104, 2.559237, 2.479017, 2.368462, 2.235444, 2.076375, 1.920184, 1.738865, 1.558501, 1.373857, 1.193794, 1.008163, 0.830513, 0.673109, 0.536446, 0.416693, 0.317924, 0.233842, 0.164624, 0.117041, 0.105443, 0.086204, 0.081384, 0.071479, 0.057107, 0.056239, 0.055907, 0.057460, 0.051805, 0.042417, 0.035833, 0.022456, 0.000961, 0.027271, 0.070598, 0.103733, 0.152321, 0.192007, 0.236485, 0.277268, 0.326178, 0.315215, 0.338029, 0.343118, 0.344337, 0.333681, 0.305474, 0.267102, 0.258096, 0.137247, 0.037321, 0.076050, 0.160704, 0.327954, 0.486388, 0.637886, 0.797355, 0.987605, 1.196135, 1.376905, 1.554698, 1.734081, 1.908832, 2.047216, 2.212917, 2.322545, 2.464890, 2.518464, 2.579359, 2.681780, 2.726542, 2.685772, 2.760091, 2.759042, 2.670426, 2.711547, 2.597082, 2.545582, 2.580286, 2.431150, 2.364800, 2.401479, 2.260904, 2.170960, 2.088100, 2.006079, 1.905869, 1.795272, 1.681840, 1.601223, 1.488673, 1.378668, 1.290593, 1.154511, 1.064211, 0.967437, 0.858910, 0.748987, 0.630999, 0.532182, 0.421534, 0.314137, 0.218383, 0.119438, 0.036571, 0.041512, 0.127077, 0.231058, 0.333683, 0.451176, 0.575257, 0.688874, 0.804505, 0.953882, 0.980433, 1.042848, 1.063269, 1.077786, 1.063614, 1.047223, 1.013398, 0.973622, 0.957688, 0.950101, 0.962674, 0.961970, 0.966289, 0.957724, 0.950579, 0.954215, 0.951870, 0.952902, 0.932709, 0.899613, 0.872171, 0.850016, 0.817083, 0.769853, 0.700006, 0.643439, 0.632370, 0.526319, 0.469980, 0.424661, 0.361148, 0.312627, 0.270428, 0.225448, 0.182667, 0.127757, 0.076120, 0.003090, 0.075185, 0.161573, 0.262740, 0.315568, 0.429619, 0.475062, 0.516626, 0.563774, 0.588828, 0.627857, 0.670191, 0.713862, 0.747823, 0.774255, 0.795900, 0.806198, 0.810349, 0.818382, 0.767218, 0.813102, 0.780122, 0.754053, 0.698351, 0.639931, 0.560670, 0.287269, 0.305328, 0.264833, 0.213372, 0.162960, 0.115928, 0.073647, 0.028770, 0.012817, 0.138603, 0.098591, 0.148249, 0.213444, 0.276222, 0.338035, 0.403134, 0.549242, 0.646146, 0.616270, 0.679949, 0.804748, 0.760466, 0.794217, 0.881190, 0.879165, 0.879811, 0.890817, 0.895766, 0.897364, 0.898332, 0.901068, 0.900779, 0.892954, 0.881834, 0.873088, 0.854265, 0.848882, 0.836181, 0.819924, 0.825069, 0.822302, 0.817738, 0.816518, 0.766589, 0.812432, 0.802763, 0.788541, 0.786885, 0.799411, 0.809288, 0.827471, 0.847874, 0.880348, 0.918124, 0.949026, 0.989071, 1.015613, 1.041591, 1.078407, 1.093354, 1.116695, 1.131836, 1.150501, 1.166772, 1.172456, 1.183969, 1.194769, 1.194465, 1.192555, 1.189841, 1.180490, 1.145094, 1.095665, 1.037803, 0.971093, 0.900982, 0.813407, 0.717150, 0.623576, 0.534775, 0.424144, 0.302847, 0.198283, 0.084701, 0.008425, 0.152381, 0.271436, 0.350423, 0.472390, 0.576543, 0.691123, 0.814521, 0.914149, 1.053851, 1.180009, 1.317919, 1.468148, 1.569698, 1.752867, 1.930220, 2.046750, 2.277339, 2.468433, 2.646460, 2.818839, 2.982001, 3.137444, 3.285398, 3.387358, 3.491566, 3.642052, 3.710178, 3.791707, 3.914946, 3.904008, 3.957431, 4.010323, 4.062224, 4.103163, 4.144214, 4.179503, 4.215773, 4.239014, 4.262810, 4.253453, 4.230769, 4.226269, 4.155824, 4.102426, 4.049924, 3.989924, 3.941285, 3.831806, 3.742989, 3.617904, 3.505137, 3.399141, 3.267421, 3.126936, 3.005796, 2.897495, 2.796080, 2.694956, 2.569124, 2.550953, 2.508950, 2.482244, 2.460583, 2.447570, 2.418215, 2.378931, 2.328624, 2.298450, 2.281321, 2.280760, 2.311411, 2.354243, 2.407583, 2.458338, 2.503896, 2.513669, 2.496061, 2.454812, 2.386284, 2.279510, 2.170128, 2.061456, 1.924122, 1.786160, 1.641019, 1.497057, 1.333655, 1.156450, 1.011786, 0.827603, 0.657685, 0.504440, 0.375629, 0.292634, 0.252810, 0.229996, 0.262644, 0.283742, 0.318090, 0.378513, 0.459943, 0.549504, 0.640537, 0.721785, 0.795817, 0.870898, 0.876702, 0.967819, 1.014240, 1.048120, 1.052880, 1.052089, 1.019266, 0.988406, 0.945401, 0.894050, 0.820783, 0.726848, 0.633045, 0.528674, 0.413317, 0.165311, 0.146896, 0.014520, 0.115832, 0.249688, 0.406321, 0.565260, 0.713258, 0.846795, 0.959835, 1.026680, 1.094878, 1.130532, 1.138738, 1.134572, 1.103332, 1.116150, 1.018782, 0.962558, 0.834061, 0.678966, 0.486158, 0.296269, 0.098042, 0.102530, 0.279365, 0.465081, 0.653163, 0.841167, 1.028129, 1.229518, 1.387499, 1.564713, 1.692256, 1.805753, 1.908259, 1.995979, 2.093476, 2.164853, 2.235785, 2.291766, 2.324132, 2.335057, 2.319053, 2.278287, 2.206563, 2.138335, 2.024431, 1.900146, 1.757105, 1.609687, 1.437564, 1.262729, 1.081529, 0.878685, 0.694054, 0.510778, 0.322474, 0.133899, 0.024176, 0.182605, 0.320529, 0.501210, 0.559536, 0.585159, 0.594621, 0.605805, 0.577768, 0.526386, 0.482004, 0.424044, 0.339646, 0.232879, 0.113759, 0.026131, 0.163561, 0.303602, 0.441024, 0.564860, 0.688394, 0.787913, 0.849536, 0.888102, 0.921031, 0.934255, 0.945926, 0.943944, 0.927474, 0.899742, 0.874482, 0.850217, 0.798582, 0.750251, 0.684434, 0.616138, 0.551259, 0.469742, 0.372618, 0.363448, 0.313032, 0.257853, 0.196046, 0.148880, 0.073439, 0.016765, 0.122678, 0.346604, 0.366037, 0.481948, 0.629667, 0.785120, 0.944459, 1.109969, 1.266576, 1.434039, 1.592468, 1.752634, 1.916846, 2.069907, 2.233580, 2.398821, 2.699052, 2.730021, 2.898340, 3.047043, 3.192417, 3.326451, 3.454379, 3.666899, 3.653739, 3.722700, 3.775274, 3.813359, 3.833877, 3.831728, 3.812645, 3.857744, 3.733963, 3.725767, 3.576103, 3.465730, 3.358580, 3.143617, 2.966738, 2.731308, 2.490085, 2.272383, 2.037425, 1.782654, 1.498351, 1.234237, 0.944541, 0.647286, 0.350398, 0.049237, 0.251422, 0.558562, 0.864050, 1.173831, 1.482842, 1.796052, 2.110457, 2.395707, 2.712279, 2.975620, 3.258869, 3.537931, 3.810053, 4.050578, 4.267684, 4.482344, 4.639388, 4.791992, 4.834843, 4.875984, 4.875752, 4.869436, 4.828656, 4.766440, 4.685813, 4.577923, 4.468861, 4.341812, 4.206375, 4.102828, 4.005572, 3.907455, 3.838466, 3.734684, 3.671770, 3.619799, 3.579552, 3.567411, 3.558692, 3.548077, 3.533729, 3.452863, 3.532612, 3.524067, 3.499366, 3.470024, 3.440686, 3.387367, 3.315435, 3.249913, 3.184776, 3.134978, 3.089698, 3.058084, 3.045189, 3.039237, 3.047566, 3.071641, 3.136814, 3.197577, 3.263132, 3.358029, 3.437086, 3.309043, 3.214914, 3.066157, 2.919969, 2.738872, 2.548753, 2.352835, 2.148517, 1.916957, 1.516520, 1.399254, 1.082786, 0.713496, 0.294235, 0.156844, 0.632920, 1.151463, 1.686974, 2.213529, 2.729191, 3.221596, 3.712536, 4.176931, 4.616592, 5.134505, 5.459117, 5.851590, 6.192696, 6.530578, 6.769234, 7.015539, 7.222497, 7.339280, 7.382059, 7.344239, 7.219946, 7.023242, 6.775737, 6.255550, 5.875926, 5.713963, 5.050672, 4.821978, 4.101473, 3.584159, 3.060003, 2.789812, 1.970584, 1.410955, 0.888888, 0.412406, 0.018718, 0.402581, 0.763127, 1.043248, 1.312018, 1.534610, 1.725419, 1.892064, 2.008695, 2.168574, 2.263252, 2.323139, 2.368022, 2.374009, 2.335220, 2.239590, 2.053913, 1.885801, 1.702802, 1.520732, 1.341054, 1.161667, 0.984874, 0.809666, 0.635113, 0.462673, 0.290258, 0.119709, 0.049631, 0.217102, 0.384449, 0.570597, 0.740547, 0.923877, 1.118760, 1.273130, 1.466425, 1.662846, 1.854151, 2.026453, 2.192563, 2.276353, 2.325233, 2.358894, 2.382097, 2.380829, 2.388492, 2.365078, 2.333426, 2.284765, 2.239801, 2.182851, 2.110861, 2.032243, 1.962474, 1.875300, 1.770389, 1.684471, 1.601612, 1.534524, 1.453489, 1.373883, 1.314166, 1.258661, 1.130652, 1.137252, 1.090201, 1.054638, 1.015675, 0.991460, 0.976252, 0.928422, 0.948202, 0.920209, 0.887823, 0.863634, 0.807476, 0.759881, 0.696711, 0.572146, 0.569020, 0.451301, 0.428786, 0.353516, 0.300353, 0.254160, 0.167958, 0.185622, 0.182137, 0.142945, 0.193126, 0.233207, 0.240816, 0.334046, 0.364864, 0.424251, 0.470814, 0.524820, 0.574316, 0.597476, 0.630311, 0.694227, 0.728249, 0.783714, 0.836081, 0.869893, 0.934469, 0.970959, 1.001799, 1.018692, 1.044583, 1.053089, 1.064983, 1.063937, 1.046635, 1.026345, 0.992684, 0.945554, 0.879892, 0.814220, 0.747505, 0.642202, 0.579819, 0.511209, 0.465175, 0.429288, 0.390647, 0.392023, 0.404028, 0.401508, 0.414281, 0.441937, 0.482688, 0.509339, 0.557591, 0.591058, 0.653291, 0.722939, 0.799489, 0.869275, 0.964517, 1.031687, 1.116104, 1.192998, 1.269593, 1.330350, 1.399689, 1.462015, 1.518070, 1.555187, 1.603743, 1.656213, 1.674220, 1.704874, 1.734680, 1.730118, 1.732275, 1.729200, 1.714904, 1.694993, 1.691583, 1.689887, 1.671399, 1.665810, 1.680833, 1.661704, 1.654885, 1.647783, 1.650479, 1.658497, 1.673933, 1.671607, 1.671041, 1.657275, 1.681105, 1.674773, 1.678901, 1.701972, 1.738584, 1.793634, 1.873571, 2.017282, 2.139661, 2.290626, 2.460635, 2.630095, 2.779163, 2.878216, 2.987888, 3.050670, 3.096673, 3.103982, 3.077316, 3.030791, 2.962568, 2.890552, 2.800786, 2.698039, 2.593738, 2.488184, 2.381649, 2.277351, 2.075373, 2.050308, 1.923397, 1.785180, 1.649066, 1.502429, 1.348565, 1.208196, 1.085962, 0.983880, 0.906131, 0.835522, 0.789565, 0.713903, 0.702750, 0.706744, 0.713897, 0.720905, 0.779908, 0.728843, 0.708485, 0.689882, 0.644616, 0.604180, 0.576341, 0.563045, 0.572712, 0.593433, 0.626271, 0.656005, 0.682691, 0.702093, 0.697404, 0.666728, 0.610020, 0.527646, 0.418970, 0.293283, 0.140137, 0.000665, 0.164144, 0.330337, 0.477990, 0.619477, 0.774830, 0.927324, 1.051004, 1.169103, 1.289598, 1.386806, 1.471319, 1.551345, 1.621681, 1.677288, 1.709376, 1.729827, 1.724648, 1.716856, 1.714406, 1.695036, 1.658548, 1.577743, 1.518371, 1.448223, 1.322016, 1.187788, 1.053049, 0.907581, 0.785631, 0.628569, 0.464765, 0.305034, 0.139981, 0.015488, 0.181572, 0.311643, 0.441185, 0.581465, 0.698931, 0.827384, 0.955787, 1.062312, 1.136463, 1.171094, 1.199718, 1.204912, 1.208454, 1.173322, 1.067505, 1.027893, 0.860788, 0.846368, 0.756300, 0.664328, 0.560954, 0.469720, 0.389641, 0.323341, 0.272750, 0.223497, 0.178982, 0.131232, 0.097946, 0.069053, 0.049622, 0.010669, 0.018672, 0.021541, 0.032905, 0.055280, 0.074245, 0.096363, 0.066243, 0.107329, 0.112285, 0.044177, 0.003257, 0.004070, 0.134578, 0.151644, 0.314652, 0.412732, 0.526980, 0.644300, 0.756559, 0.866305, 0.966977, 1.054372, 1.134590, 1.204508, 1.238900, 1.275342, 1.312649, 1.342587, 1.367417, 1.389413, 1.396399, 1.410693, 1.420929, 1.426040, 1.435891, 1.434667, 1.428507, 1.405417, 1.343383, 1.299631, 1.256253, 1.180990, 1.079472, 0.978537, 0.906169, 0.818671, 0.718581, 0.619051, 0.519994, 0.420693, 0.318825, 0.196697, 0.067876, 0.065203, 0.209342, 0.374532, 0.520364, 0.685927, 0.870774, 1.053216, 1.258314, 1.465204, 1.676404, 1.888187, 2.107588, 2.324710, 2.536002, 2.729292, 2.927257, 3.032935, 3.177742, 3.290039, 3.381467, 3.498390, 3.593647, 3.666269, 3.652191, 3.609104, 3.531952, 3.416434, 3.282566, 3.124694, 2.941157, 2.749652, 2.540840, 2.348909, 2.138499, 1.927307, 1.708137, 1.401675, 1.298900, 1.106019, 0.906080, 0.716235, 0.531929, 0.336322, 0.159242, 0.023901, 0.207376, 0.377152, 0.533387, 0.668365, 0.774587, 0.843931, 0.973088, 0.945492, 0.942241, 0.921310, 0.879306, 0.822977, 0.745164, 0.633547, 0.547388, 0.442679, 0.322019, 0.193733, 0.043476, 0.128463, 0.281007, 0.405393, 0.550695, 0.685595, 0.815703, 0.941442, 1.057603, 1.191609, 1.314056, 1.427671, 1.526538, 1.603069, 1.645811, 1.653713, 1.643465, 1.558874, 1.473935, 1.346319, 1.197719, 1.040207, 0.866716, 0.675510, 0.484838, 0.280635, 0.089963, 0.082943, 0.233898, 0.366107, 0.474008, 0.556310, 0.631396, 0.670438, 0.690306, 0.666265, 0.661503, 0.634802, 0.570602, 0.498884, 0.445046, 0.386668, 0.351153, 0.294066, 0.223811, 0.149102, 0.074283, 0.001220, 0.066202, 0.117358, 0.155793, 0.166292, 0.161860, 0.154339, 0.145738, 0.124685, 0.075846, 0.036062, 0.003264, 0.044412, 0.085161, 0.125401, 0.171370, 0.191437, 0.227186, 0.254480, 0.273007, 0.281319, 0.286094, 0.267175, 0.238691, 0.206133, 0.145074, 0.079502, 0.009670, 0.079718, 0.130004, 0.182840, 0.224251, 0.251318, 0.288897, 0.329844, 0.360537, 0.393245, 0.429062, 0.461158, 0.485477, 0.520599, 0.557804, 0.589890, 0.609045, 0.605538, 0.582769, 0.517767, 0.522893, 0.474365, 0.409393, 0.338079, 0.266522, 0.201840, 0.127883, 0.078021, 0.024559, 0.043370, 0.089747, 0.133323, 0.172785, 0.202589, 0.267847, 0.328030, 0.386006, 0.440360, 0.468632, 0.496223, 0.546606, 0.589959, 0.634427, 0.651557, 0.721295, 0.688616, 0.692948, 0.698133, 0.642355, 0.624417, 0.601075, 0.542278, 0.455037, 0.394584, 0.299633, 0.232862, 0.139773, 0.011624, 0.117756, 0.216631, 0.331292, 0.421804, 0.526098, 0.599871, 0.683444, 0.764737, 0.846892, 0.932863, 1.025365, 1.120063, 1.223906, 1.260582, 1.323347, 1.364090, 1.385282, 1.397809, 1.393272, 1.374884, 1.359579, 1.316781, 1.267768, 1.207802, 1.150025, 1.096005, 1.053617, 1.012776, 1.003702, 0.980867, 0.997934, 1.014271, 1.043941, 1.074533, 1.103203, 1.113716, 1.122960, 1.118700, 1.099124, 1.080127, 1.063018, 1.058653, 1.053385, 1.059539, 1.057211, 1.072730, 1.093885, 1.116667, 1.147699, 1.163606, 1.173588, 1.170914, 1.139149, 1.087535, 1.005721, 0.884334, 0.742163, 0.560815, 0.350394, 0.121640, 0.127252, 0.398659, 0.679602, 0.962787, 1.242218, 1.511436, 1.761488, 1.996719, 2.211744, 2.410467, 2.593569, 2.761088, 2.911798, 3.027420, 3.134826, 3.222625, 3.284550, 3.326529, 3.348733, 3.342096, 3.314287, 3.269174, 3.205025, 3.173450, 3.012395, 2.872723, 2.707270, 2.513838, 2.328930, 2.138372, 1.892196, 1.672305, 1.470082, 1.262485, 1.049132, 0.857666, 0.654100, 0.450105, 0.322870, 0.084494, 0.000884, 0.192692, 0.258755, 0.460063, 0.506124, 0.639253, 0.791982, 0.809529, 0.975030, 1.049251, 1.012789, 1.159519, 1.206150, 1.156999, 1.194457, 1.214031, 1.254993, 1.300955, 1.355346, 1.363049, 1.419436, 1.480737, 1.435429, 1.382569, 1.289314, 1.148255, 0.984470, 0.776221, 0.529977, 0.254178, 0.067926, 0.420349, 0.825069, 1.267567, 1.749330, 2.262002, 2.822575, 3.419416, 4.042836, 4.756905, 5.384223, 6.104710, 6.833587, 7.578848, 8.342847, 9.099998, 9.865802, 10.623855, 11.375949, 12.102462, 12.782147, 13.420022, 14.027698, 14.551344, 14.974539, 15.308435, 15.531564, 15.644043, 15.669035, 15.584559, 15.422077, 15.184775, 14.841145, 14.397474, 13.875088, 13.279110, 12.624019, 11.594525, 11.209946, 10.390283, 9.544160, 8.695731, 7.838785, 6.562722, 6.131107, 5.299170, 4.498256, 3.754523, 3.050616, 2.420812, 1.858604, 1.360194, 0.940224, 0.599077, 0.308745, 0.075518, 0.113838, 0.243776, 0.472267, 0.411870, 0.461094, 0.504384, 0.565502, 0.602662, 0.619289, 0.611300, 0.603191, 0.594497, 0.577542, 0.555240, 0.540791, 0.535512, 0.529604, 0.619788, 0.519080, 0.501390, 0.470522, 0.439879, 0.410394, 0.368262, 0.334264, 0.285651, 0.280048, 0.146940, 0.081480, 0.034180, 0.199240, 0.348334, 0.512725, 0.714722, 0.939924, 1.167865, 1.380134, 1.597686, 1.810535, 2.021347, 2.229564, 2.453663, 2.641092, 2.824390, 3.010730, 3.154559, 3.296482, 3.404647, 3.488388, 3.557263, 3.636668, 3.697370, 3.773623, 3.889016, 3.983501, 4.093837, 4.218726, 4.339086, 4.463205, 4.589206, 4.771274, 4.886383, 5.002033, 5.103793, 5.205724, 5.328263, 5.483508, 5.624230, 5.766557, 5.920347, 6.072582, 6.223062, 6.379426, 6.526671, 6.672886, 6.718381, 6.700497, 6.635371, 6.524526, 6.375713, 6.175194, 5.941745, 5.663262, 5.363672, 5.038836, 4.697827, 4.360946, 4.015739, 3.670082, 3.319789, 2.976638, 2.653388, 2.174238, 2.018974, 1.742855, 1.486128, 1.245445, 1.029242, 0.812985, 0.621249, 0.440817, 0.263307, 0.098080, 0.057619, 0.202057, 0.335186, 0.453713, 0.616607, 0.623737, 0.672119, 0.698836, 0.701787, 0.672659, 0.632903, 0.605461, 0.574809, 0.531179, 0.480250, 0.434350, 0.388028, 0.299858, 0.203816, 0.107122, 0.009625, 0.084689, 0.174801, 0.211237, 0.323456, 0.411240, 0.452960, 0.478020, 0.560179, 0.597679, 0.536864, 0.626723, 0.611492, 0.682728, 0.771504, 0.884401, 1.019168, 1.184145, 1.312556, 1.482921, 1.690858, 1.903378, 2.122576, 2.322080, 2.522200, 2.728470, 2.950575, 3.169681, 3.353820, 3.514921, 3.674385, 3.846989, 3.943817, 4.065275, 4.170464, 4.258088, 4.309312, 4.344289, 4.363245, 4.366638, 4.347338, 4.287619, 4.194412, 4.105587, 4.000207, 3.866268, 3.710609, 3.558691, 3.400265, 3.240356, 3.087825, 2.955912, 2.846528, 2.738414, 2.658383, 2.583258, 2.536832, 2.501416, 2.476050, 2.461834, 2.458197, 2.451267, 2.453958, 2.480033, 2.494553, 2.508228, 2.535771, 2.551539, 2.551449, 2.535818, 2.526594, 2.514002, 2.493904, 2.479043, 2.446539, 2.429849, 2.379234, 2.312024, 2.246596, 2.167279, 2.087552, 1.986090, 1.857745, 1.727217, 1.600928, 1.447558, 1.285779, 1.118339, 0.970266, 0.761263, 0.568447, 0.377161, 0.200540, 0.024817, 0.143964, 0.278716, 0.373774, 0.450013, 0.491310, 0.514605, 0.494837, 0.449609, 0.341043, 0.240531, 0.085506, 0.084106, 0.244870, 0.491596, 0.704996, 0.898321, 1.096896, 1.309615, 1.457862, 1.606117, 1.744298, 1.867584, 1.966076, 2.069157, 2.148187, 2.245062, 2.313219, 2.275014, 2.424987, 2.467315, 2.504253, 2.535596, 2.578286, 2.615551, 2.658973, 2.700455, 2.657917, 2.741701, 2.923620, 2.940851, 3.049387, 3.256205, 3.316816, 3.457618, 3.668217, 3.709761, 3.830099, 3.919772, 3.987787, 4.047466, 4.084949, 4.118451, 4.128287, 4.128636, 4.122133, 4.073065, 4.030153, 3.949372, 3.848318, 3.720303, 3.582422, 3.422729, 3.253954, 3.077129, 2.908494, 2.742679, 2.567301, 2.386074, 2.206857, 2.006729, 1.813019, 1.600202, 1.409149, 1.231263, 1.045604, 0.885373, 0.750240, 0.667387, 0.626316, 0.637362, 0.694948, 0.776562, 0.873458, 0.999335, 1.139298, 1.258424, 1.398844, 1.536013, 1.683739, 1.827127, 1.979500, 2.141344, 2.269747, 2.401484, 2.562340, 2.638121, 2.724410, 2.801887, 2.843219, 2.871034, 2.847446, 2.808976, 2.627504, 2.665140, 2.549471, 2.432212, 2.281925, 2.115938, 1.925988, 1.704565, 1.479738, 1.239908, 0.969977, 0.689033, 0.402361, 0.117799, 0.164940, 0.419185, 0.863179, 0.866975, 1.044093, 1.273378, 1.296232, 1.360733, 1.399422, 1.401479, 1.384218, 1.349819, 1.287275, 1.196296, 1.074346, 0.927770, 0.761700, 0.629024, 0.365852, 0.141958, 0.074136, 0.295872, 0.496477, 0.767477, 0.997360, 1.160668, 1.402012, 1.520660, 1.660408, 1.849571, 1.976581, 1.994807, 2.070847, 2.144856, 2.205346, 2.353646, 2.303917, 2.333684, 2.456041, 2.355334, 2.344831, 2.341206, 2.349335, 2.325344, 2.292077, 2.257497, 2.208715, 2.173062, 2.122137, 2.063242, 1.982020, 1.892091, 1.804366, 1.718076, 1.615651, 1.490640, 1.354917, 1.218765, 1.047969, 0.877116, 0.702271, 0.536021, 0.363084, 0.228728, 0.052447, 0.072657, 0.182901, 0.288405, 0.386926, 0.486203, 0.569294, 0.652939, 0.739132, 0.821044, 0.865329, 0.945629, 0.976380, 0.978227, 0.946840, 0.888081, 0.778493, 0.637052, 0.483542, 0.302698, 0.120816, 0.073975, 0.231385, 0.381351, 0.526931, 0.648838, 0.759000, 0.854778, 0.955717, 1.041148, 1.115540, 1.183962, 1.245541, 1.325676, 1.375312, 1.409632, 1.419685, 1.414968, 1.399691, 1.361269, 1.329611, 1.290554, 1.231365, 1.097112, 1.128078, 1.060552, 0.988828, 0.934613, 0.870679, 0.809076, 0.754469, 0.703587, 0.654461, 0.605724, 0.559066, 0.507638, 0.481730, 0.446283, 0.349153, 0.388800, 0.300489, 0.343898, 0.317559, 0.243525, 0.291873, 0.284021, 0.235780, 0.209895, 0.210919, 0.187495, 0.237745, 0.168879, 0.130825, 0.101747, 0.072147, 0.035695, 0.045931, 0.001001, 0.010523, 0.017518, 0.118115, 0.136438, 0.157015, 0.209622, 0.255138, 0.315697, 0.398733, 0.494795, 0.598868, 0.718333, 0.849117, 0.988884, 1.127902, 1.290751, 1.433205, 1.583005, 1.763854, 1.946034, 2.126200, 2.343341, 2.555040, 2.756098, 2.928488, 3.109117, 3.281344, 3.414681, 3.481403, 3.502366, 3.452997, 3.342721, 3.193854, 3.013324, 2.821719, 2.565973, 2.298943, 1.990380, 1.641683, 1.294904, 0.910815, 0.515653, 0.126848, 0.248392, 0.607178, 1.050915, 1.220508, 1.481479, 1.727443, 1.918144, 2.076012, 2.200708, 2.284016, 2.329330, 2.334149, 2.311142, 2.256744, 2.195385, 2.106380, 2.005620, 1.837583, 1.668595, 1.498351, 1.329849, 1.159000, 0.987808, 0.815241, 0.642148, 0.468732, 0.292904, 0.104395, 0.093840, 0.278142, 0.455006, 0.632944, 0.812574, 0.937573, 1.044498, 1.115681, 1.146755, 1.168771, 1.101277, 1.127879, 1.090262, 1.053583, 0.962580, 1.010305, 0.995036, 0.999636, 1.036887, 1.099414, 1.171185, 1.276391, 1.407173, 1.555754, 1.656257, 1.796796, 1.896517, 2.034490, 2.125837, 2.158099, 2.189087, 2.281176, 2.222265, 2.193503, 2.244399, 2.094519, 2.023093, 1.921425, 1.793871, 1.774490, 1.504256, 1.336929, 1.288491, 0.979013, 0.793773, 0.592094, 0.403343, 0.227134, 0.074560, 0.075186, 0.206785, 0.324306, 0.435694, 0.507132, 0.593970, 0.641724, 0.684155, 0.702988, 0.723615, 0.716927, 0.736625, 0.738414, 0.742702, 0.749905, 0.745600, 0.735417, 0.717941, 0.699253, 0.665316, 0.635855, 0.586132, 0.502322, 0.422463, 0.326386, 0.240061, 0.133009, 0.022034, 0.095229, 0.210004, 0.355460, 0.507292, 0.664345, 0.872294, 1.056106, 1.264832, 1.510025, 1.739368, 1.980990, 2.242177, 2.563226, 2.923890, 3.298609, 3.697388, 4.138567, 4.588581, 5.055597, 5.488679, 5.864373, 6.196433, 6.468121, 6.725523, 6.895532, 6.996267, 7.034519, 7.040100, 6.997894, 6.944740, 6.872549, 6.788391, 6.747122, 6.699371, 6.691490, 6.713144, 6.732271, 6.754582, 6.790405, 6.818837, 6.812444, 6.799818, 6.765554, 6.580073, 6.605694, 6.489462, 6.346473, 6.201057, 6.040413, 5.871277, 5.689373, 5.510897, 5.236637, 5.149872, 4.949769, 4.729154, 4.517577, 4.341586, 4.197744, 3.963601, 4.005226, 3.961732, 3.987059, 4.074934, 4.228143, 4.453723, 4.706985, 4.978733, 5.251193, 5.521918, 5.793322, 6.033506, 6.146090, 6.101613, 6.099493, 6.159341, 5.965568, 5.874276, 5.748710, 5.572927, 5.528967, 5.141098, 4.899821, 4.813153, 4.391605, 4.159792, 4.100397, 3.717121, 3.523334, 3.330872, 3.147317, 2.977846, 2.847843, 2.737972, 2.646660, 2.429872, 2.387575, 2.327410, 2.299918, 2.265355, 2.266444, 2.252005, 2.217602, 2.156690, 2.095843, 1.993119, 1.860896, 1.676426, 1.452559, 1.168606, 0.836391, 0.435583, 0.039945, 0.560572, 1.154131, 1.796797, 2.497009, 3.226881, 3.976454, 4.765751, 5.490750, 6.189860, 6.851097, 7.419256, 7.959651, 8.423184, 8.838191, 9.181099, 9.482926, 9.451115, 9.518819, 9.472178, 9.319208, 9.020063, 8.598877, 8.037604, 7.402083, 6.655087, 5.878799, 5.060897, 4.188990, 3.303237, 2.409987, 1.504482, 0.596027, 0.322145, 1.224776, 2.137467, 3.035161, 3.894266, 4.945943, 5.502841, 6.230956, 6.894886, 7.489924, 8.016462, 8.473621, 8.838111, 9.116840, 9.371839, 9.580501, 9.697947, 9.761205, 9.778056, 9.732927, 9.478581, 9.456234, 9.239923, 8.982972, 8.696780, 8.355469, 7.976066, 7.573225, 7.157531, 6.733479, 6.265198, 5.787668, 5.313781, 4.815658, 4.339633, 3.626660, 3.435146, 3.046436, 2.678561, 2.344639, 2.034625, 1.760888, 1.536108, 1.182021, 1.182345, 1.071691, 0.887105, 0.861715, 0.959434, 0.906258, 0.966649, 1.055932, 1.134607, 1.206550, 1.264196, 1.309181, 1.361290, 1.382976, 1.410525, 1.423191, 1.416401, 1.371591, 1.319218, 1.232776, 1.114246, 0.990402, 0.854751, 0.716079, 0.616648, 0.480582, 0.375114, 0.305861, 0.259659, 0.224641, 0.210143, 0.210358, 0.214641, 0.225000, 0.234715, 0.239468, 0.184257, 0.243478, 0.241054, 0.224165, 0.211651, 0.196226, 0.178162, 0.148037, 0.112164, 0.021718, 0.023031, 0.034592, 0.111870, 0.202506, 0.291688, 0.405894, 0.509570, 0.602670, 0.691472, 0.776990, 0.843052, 0.873410, 0.894559, 0.901308, 0.894436, 0.872363, 0.844052, 0.814653, 0.764769, 0.723207, 0.671866, 0.629875, 0.588295, 0.549040, 0.516188, 0.490746, 0.464689, 0.465032, 0.463742, 0.480371, 0.501080, 0.545683, 0.599004, 0.636401, 0.694724, 0.747691, 0.922671, 0.880595, 0.944476, 0.998987, 1.043080, 1.081284, 1.120478, 1.178187, 1.235688, 1.294562, 1.364852, 1.440789, 1.516131, 1.586674, 1.643871, 1.784852, 1.713330, 1.727535, 1.717286, 1.671692, 1.645670, 1.603414, 1.542549, 1.483698, 1.421767, 1.365375, 1.326182, 1.364790, 1.272504, 1.312393, 1.289682, 1.206274, 1.191077, 1.246847, 1.222154, 1.195670, 1.169023, 1.128932, 1.098329, 1.074255, 1.035529, 1.018670, 1.001462, 0.969863, 0.950909, 0.951981, 0.954360, 0.972616, 0.976443, 0.962962, 1.003051, 1.017144, 1.038678, 1.047492, 1.042679, 1.032702, 1.013585, 0.979993, 0.943278, 0.893647, 0.844253, 0.761129, 0.721189, 0.659504, 0.596161, 0.543005, 0.501062, 0.454649, 0.412604, 0.379453, 0.361977, 0.363523, 0.332458, 0.325138, 0.312811, 0.308000, 0.303833, 0.303199, 0.299005, 0.309241, 0.316971, 0.336313, 0.351969, 0.370577, 0.393847, 0.462015, 0.564720, 0.682391, 0.812007, 0.961442, 1.128501, 1.325306, 1.516722, 1.738813, 1.981008, 2.250843, 2.528833, 2.817321, 3.126280, 3.447193, 3.765519, 4.077247, 4.384086, 4.672530, 4.954109, 5.249659, 5.443426, 5.645499, 5.822230, 5.975885, 6.047875, 6.058344, 5.990860, 5.882055, 5.720849, 5.515064, 5.274299, 5.011302, 4.735412, 4.465961, 4.066715, 3.921266, 3.623458, 3.245735, 2.925436, 2.610162, 2.278018, 1.954159, 1.617997, 1.268964, 0.912492, 0.572458, 0.097700, 0.135050, 0.475848, 0.916701, 1.133600, 1.438800, 1.741976, 2.045788, 2.406634, 2.634370, 2.905007, 3.198182, 3.382963, 3.648986, 3.832166, 3.991175, 4.148286, 4.294682, 4.401499, 4.503488, 4.598362, 4.643423, 4.673957, 4.671869, 4.622352, 4.551016, 4.441544, 4.306536, 4.156340, 4.004309, 3.846288, 3.682970, 3.517668, 3.354500, 3.236149, 3.070022, 2.951007, 2.842487, 2.740702, 2.660762, 2.590676, 2.529876, 2.470712, 2.430124, 2.394251, 2.367239, 2.329932, 2.303139, 2.281480, 2.264585, 2.246240, 2.225157, 2.197385, 2.176624, 2.140642, 2.085107, 2.021430, 1.953945, 1.875573, 1.788927, 1.688660, 1.566719, 1.459835, 1.353475, 1.233651, 1.119747, 0.991875, 0.871587, 0.758964, 0.645596, 0.539859, 0.456057, 0.365506, 0.291855, 0.226690, 0.182659, 0.124276, 0.087513, 0.074255, 0.054282, 0.062970, 0.065343, 0.092176, 0.132717, 0.183801, 0.230706, 0.277477, 0.333059, 0.389015, 0.454568, 0.512097, 0.560057, 0.628769, 0.654887, 0.733720, 0.793087, 0.842296, 0.885695, 0.930126, 0.960291, 0.983892, 0.991263, 0.986005, 0.967492, 0.933912, 0.870895, 0.790790, 0.697645, 0.490588, 0.475721, 0.361978, 0.150470, 0.116229, 0.014766, 0.093147, 0.183559, 0.262478, 0.320919, 0.372322, 0.474012, 0.513474, 0.475100, 0.502081, 0.563395, 0.512939, 0.510863, 0.565582, 0.576535, 0.510527, 0.593697, 0.599831, 0.580685, 0.666806, 0.692007, 0.734859, 0.783623, 0.820798, 0.863625, 0.915510, 0.988017, 1.065660, 1.148965, 
,,,0.018218, 0.223239, 0.277750, 0.311142, 0.328550, 0.345485, 0.357953, 0.370512, 0.380743, 0.393167, 0.406614, 0.421906, 0.432470, 0.446265, 0.460904, 0.477581, 0.494233, 0.510908, 0.529484, 0.543988, 0.560659, 0.577370, 0.594056, 0.615494, 0.630679, 0.646332, 0.661615, 0.677706, 0.694902, 0.711090, 0.727794, 0.744391, 0.761016, 0.779288, 0.794258, 0.811016, 0.827523, 0.844214, 0.860904, 0.877624, 0.894338, 0.910959, 0.927812, 0.944344, 0.964878, 0.977909, 0.994361, 1.010962, 1.029213, 1.044368, 1.061006, 1.077759, 1.094354, 1.111080, 1.127726, 1.144469, 1.161136, 1.177743, 1.194668, 1.211231, 1.228148, 1.244821, 1.261433, 1.280146, 1.294827, 1.311496, 1.328161, 1.344764, 1.361733, 1.378249, 1.394947, 1.411593, 1.428898, 1.444955, 1.461630, 1.478312, 1.494995, 1.514838, 1.533298, 1.545660, 1.562380, 1.578560, 1.595299, 1.612181, 1.628938, 1.645830, 1.662743, 1.678947, 1.695680, 1.712264, 1.729095, 1.745671, 1.762367, 1.779096, 1.797150, 1.812494, 1.829198, 1.845881, 1.862551, 1.879287, 1.895968, 1.915346, 1.929483, 1.945987, 1.962729, 1.980054, 1.996197, 2.012850, 2.030132, 2.048432, 2.062899, 2.081060, 2.096327, 2.113013, 2.129660, 2.146412, 2.163052, 2.179608, 2.196329, 2.212954, 2.229652, 2.246341, 2.263570, 2.279747, 2.298254, 2.313034, 2.329702, 2.350959, 2.363206, 2.379918, 2.396866, 2.413816, 2.429877, 2.446581, 2.463246, 2.479815, 2.496509, 2.513213, 2.529837, 2.548243, 2.563216, 2.579843, 2.596592, 2.613355, 2.629999, 2.646714, 2.663900, 2.679986, 2.696717, 2.713380, 2.730104, 2.746692, 2.763380, 2.780053, 2.798149, 2.813392, 2.830103, 2.846881, 2.863599, 2.880388, 2.897773, 2.913954, 2.930355, 2.947105, 2.963730, 2.980500, 2.997094, 3.013717, 3.030476, 3.049156, 3.063851, 3.080513, 3.097075, 3.113940, 3.133196, 3.148007, 3.164601, 3.180649, 3.197365, 3.214654, 3.231552, 3.247546, 3.265614, 3.280872, 3.299319, 3.314848, 3.330943, 3.347619, 3.364116, 3.380772, 3.397292, 3.414141, 3.430522, 3.447186, 3.463829, 3.480566, 3.497823, 3.513963, 3.530623, 3.547245, 3.565206, 3.580573, 3.601673, 3.613974, 3.630645, 3.647330, 3.663983, 3.680696, 3.697435, 3.714098, 3.730929, 3.747597, 3.764249, 3.780922, 3.797631, 3.816204, 3.830877, 3.847643, 3.864461, 3.881126, 3.897767, 3.914460, 3.931187, 3.947846, 3.964439, 3.981207, 3.997845, 4.014555, 4.031175, 4.047839, 4.066154, 4.081211, 4.097933, 4.114594, 4.131375, 4.147873, 4.164573, 4.181238, 4.197910, 4.214575, 4.231280, 4.248008, 4.264558, 4.281275, 4.298050, 4.316728, 4.331418, 4.348311, 4.366215, 4.382115, 4.398505, 4.414817, 4.431581, 4.448175, 4.464762, 4.482175, 4.498316, 4.516392, 4.531568, 4.548329, 4.567207, 4.581624, 4.598314, 4.615016, 4.632054, 4.649483, 4.664945, 4.681433, 4.698066, 4.714559, 4.731269, 4.747894, 4.765178, 4.781371, 4.801694, 4.814802, 4.833228, 4.848366, 4.865040, 4.881632, 4.898319, 4.914942, 4.931533, 4.948257, 4.964794, 4.981412, 4.997963, 5.014625, 5.031205, 5.047884, 5.064538, 5.081912, 5.100210, 5.114709, 5.131375, 5.147965, 5.164554, 5.181214, 5.197866, 5.214469, 5.231869, 5.248024, 5.264617, 5.281311, 5.298559, 5.314768, 5.331360, 5.350210, 5.364858, 5.381906, 5.398278, 5.414791, 5.431420, 5.448101, 5.464779, 5.481449, 5.498120, 5.514810, 5.531476, 5.548894, 5.564850, 5.581482, 5.600094, 5.614898, 5.631593, 5.648183, 5.664876, 5.681462, 5.698212, 5.714865, 5.731577, 5.748212, 5.764918, 5.781526, 5.798243, 5.815033, 5.832317, 5.850284, 5.865052, 5.882128, 5.898329, 5.914975, 5.931739, 5.948516, 5.965348, 5.981985, 5.998610, 6.015281, 6.032012, 6.048616, 6.065316, 6.082084, 6.100108, 6.115355, 6.132180, 6.150231, 6.165411, 6.182104, 6.198671, 6.215401, 6.232615, 6.249437, 6.265336, 6.281980, 6.298605, 6.315359, 6.332073, 6.350195, 6.365474, 6.382134, 6.398866, 6.415526, 6.433778, 6.448904, 6.465544, 6.482846, 6.499104, 6.515696, 6.532367, 6.549550, 6.565817, 6.582456, 6.601138, 6.616305, 6.632399, 6.649078, 6.665781, 6.682455, 6.699090, 6.715759, 6.735996, 6.749127, 6.765798, 6.783104, 6.799268, 6.815956, 6.832579, 6.851080, 6.865961, 6.883261, 6.899962, 6.916146, 6.932749, 6.949362, 6.966018, 6.982689, 6.999362, 7.016081, 7.032701, 7.049433, 7.066175, 7.082865, 7.102082, 7.116555, 7.132700, 7.149408, 7.166111, 7.182739, 7.199440, 7.216092, 7.232781, 7.249474, 7.266178, 7.282995, 7.300417, 7.316698, 7.333274, 7.352057, 7.366635, 7.383232, 7.399785, 7.416481, 7.433089, 7.449812, 7.466476, 7.483175, 7.499768, 7.516479, 7.533131, 7.549817, 7.566568, 7.583262, 7.602007, 7.616533, 7.633215, 7.649887, 7.666565, 7.683212, 7.699904, 7.716599, 7.733361, 7.749965, 7.766653, 7.783412, 7.799978, 7.816702, 7.833404, 7.850215, 7.868701, 7.883497, 7.900124, 7.916924, 7.933592, 7.950238, 7.967064, 7.983782, 8.000462, 8.017196, 8.033803, 8.052041, 8.068296, 8.084192, 8.101880, 8.119252, 8.134075, 8.150755, 8.167456, 8.184147, 8.200755, 8.217433, 8.235647, 8.250763, 8.267460, 8.284174, 8.300761, 8.317561, 8.334057, 8.351233, 8.368977, 8.384120, 8.400836, 8.420972, 8.434105, 8.450807, 8.467501, 8.484165, 8.500873, 8.517525, 8.534360, 8.551122, 8.567823, 8.584977, 8.601776, 8.620064, 8.634541, 8.652267, 8.668693, 8.684753, 8.701982, 8.718205, 8.734777, 8.751461, 8.768200, 8.784857, 8.801567, 8.818162, 8.835382, 8.851567, 8.870071, 8.884813, 8.901518, 8.918149, 8.934755, 8.951467, 8.968197, 8.984847, 9.001600, 9.018396, 9.035161, 9.052089, 9.068956, 9.085692, 9.101841, 9.119982, 9.135189, 9.151863, 9.168633, 9.185173, 9.201962, 9.218603, 9.235363, 9.252054, 9.268676, 9.285372, 9.302260, 9.319408, 9.335963, 9.353862, 9.370048, 9.385572, 9.402187, 9.419465, 9.435674, 9.452216, 9.468816, 9.485604, 9.503882, 9.518923, 9.535866, 9.552301, 9.569400, 9.585555, 9.602216, 9.620974, 9.635610, 9.652181, 9.668802, 9.685505, 9.702141, 9.718777, 9.735449, 9.752115, 9.768802, 9.785506, 9.802184, 9.822867, 9.835501, 9.852198, 9.870949, 9.885503, 9.902247, 9.918984, 9.935638, 9.952347, 9.969101, 9.985778, 10.002444, 10.019154, 10.035806, 10.052476, 10.069275, 10.085862, 10.102451, 10.120917, 10.136020, 10.152606, 10.169389, 10.186638, 10.204701, 10.219466, 10.236203, 10.252827, 10.269569, 10.286280, 10.302895, 10.320013, 10.336820, 10.352988, 10.370958, 10.386282, 10.402955, 10.419531, 10.436835, 10.452934, 10.469374, 10.486006, 10.503244, 10.519454, 10.536304, 10.553085, 10.569333, 10.586613, 10.602774, 10.619358, 10.638024, 10.652650, 10.669411, 10.686042, 10.704218, 10.719388, 10.736864, 10.752759, 10.770898, 10.786350, 10.803836, 10.820214, 10.838143, 10.853268, 10.869915, 10.887951, 10.903255, 10.920504, 10.936667, 10.953339, 10.970017, 10.986677, 11.003446, 11.020665, 11.037329, 11.054036, 11.070124, 11.086810, 11.103484, 11.120110, 11.139000, 11.153562, 11.174135, 11.187584, 11.203759, 11.220357, 11.237117, 11.253680, 11.270471, 11.287214, 11.303823, 11.320506, 11.337157, 11.353779, 11.370485, 11.388987, 11.403680, 11.420414, 11.436972, 11.453714, 11.470402, 11.487152, 11.503982, 11.520553, 11.537535, 11.553843, 11.570495, 11.587202, 11.603870, 11.620475, 11.638910, 11.653774, 11.670450, 11.687191, 11.704445, 11.720644, 11.737242, 11.754513, 11.770805, 11.787903, 11.803979, 11.820665, 11.837322, 11.853973, 11.872180, 11.888958, 11.904133, 11.920737, 11.937450, 11.954162, 11.970774, 11.987461, 12.004116, 12.020878, 12.039570, 12.054192, 12.070934, 12.087650, 12.104250, 12.120859, 12.139850, 12.154424, 12.171037, 12.187710, 12.204435, 12.221093, 12.237848, 12.254598, 12.271153, 12.288323, 12.308066, 12.321204, 12.337852, 12.354518, 12.371249, 12.389838, 12.404578, 12.421395, 12.438067, 12.454910, 12.471524, 12.488263, 12.505229, 12.522181, 12.538763, 12.554994, 12.571622, 12.588314, 12.605102, 12.621688, 12.639792, 12.655021, 12.671744, 12.688417, 12.705095, 12.721747, 12.738616, 12.755224, 12.771832, 12.788939, 12.805209, 12.821794, 12.838566, 12.855255, 12.873424, 12.890850, 12.905240, 12.922054, 12.938581, 12.955957, 12.972324, 12.990890, 13.006156, 13.022498, 13.043096, 13.055560, 13.072279, 13.088836, 13.105571, 13.122207, 13.141557, 13.155570, 13.172215, 13.188872, 13.205599, 13.222493, 13.239007, 13.255734, 13.272216, 13.289434, 13.305550, 13.322248, 13.338953, 13.355604, 13.372885, 13.391014, 13.405681, 13.422378, 13.439099, 13.455742, 13.472465, 13.489156, 13.506487, 13.522609, 13.539283, 13.555912, 13.573254, 13.589858, 13.606015, 13.622569, 13.640939, 13.655987, 13.672571, 13.689333, 13.706698, 13.723665, 13.739608, 13.756622, 13.772778, 13.789413, 13.807472, 13.822763, 13.839276, 13.855985, 13.872635, 13.890869, 13.906044, 13.922701, 13.941528, 13.956512, 13.972873, 13.989486, 14.006799, 14.022824, 14.040090, 14.056409, 14.072946, 14.089669, 14.106319, 14.123030, 14.140906, 14.156304, 14.173074, 14.189924, 14.206480, 14.223479, 14.240397, 14.257107, 14.273584, 14.289860, 14.306518, 14.327323, 14.340002, 14.356766, 14.373411, 14.391831, 14.407493, 14.423721, 14.440249, 14.456951, 14.473592, 14.490745, 14.507424, 14.523576, 14.540266, 14.556911, 14.573622, 14.590260, 14.606952, 14.623552, 14.641787, 14.658478, 14.673724, 14.690359, 14.707064, 14.724019, 14.740380, 14.758990, 14.773732, 14.790455, 14.807032, 14.823741, 14.840377, 14.857114, 14.873729, 14.891770, 14.907102, 14.924474, 14.940591, 14.957262, 14.973965, 14.990672, 15.007742, 15.023877, 15.040648, 15.057315, 15.073994, 15.090680, 15.107357, 15.124665, 15.142907, 15.157504, 15.174738, 15.191059, 15.207640, 15.224929, 15.240893, 15.257644, 15.274264, 15.291087, 15.307562, 15.324292, 15.340982, 15.357568, 15.374209, 15.392794, 15.407600, 15.424883, 15.441151, 15.457780, 15.474455, 15.491083, 15.508224, 15.524443, 15.541109, 15.558401, 15.574636, 15.591189, 15.607828, 15.624532, 15.642809, 15.657858, 15.674481, 15.693186, 15.707787, 15.725173, 15.741821, 15.758271, 15.774512, 15.792008, 15.807942, 15.824494, 15.841245, 15.857894, 15.875275, 15.892933, 15.907942, 15.924747, 15.941409, 15.958036, 15.977003, 15.991518, 16.008217, 16.024750, 16.041460, 16.059607, 16.074813, 16.091499, 16.108192, 16.124773, 16.142747, 16.158044, 16.174849, 16.191500, 16.208101, 16.225482, 16.241875, 16.258174, 16.274859, 16.291461, 16.308201, 16.324887, 16.341587, 16.358496, 16.375038, 16.393696, 16.408455, 16.425942, 16.442119, 16.459139, 16.475282, 16.491925, 16.508626, 16.525831, 16.541820, 16.558432, 16.575013, 16.591561, 16.608328, 16.624984, 16.642334, 16.659902, 16.675154, 16.691718, 16.708496, 16.725732, 16.742189, 16.758394, 16.775098, 16.791831, 16.808575, 16.825231, 16.841760, 16.858427, 16.875053, 16.891638, 16.909637, 16.924946, 16.941569, 16.958283, 16.974934, 16.991638, 17.008324, 17.028836, 17.041614, 17.058359, 17.075026, 17.091705, 17.108383, 17.125026, 17.141687, 17.159735, 17.175116, 17.191786, 17.208717, 17.225842, 17.241861, 17.258522, 17.275121, 17.291716, 17.308444, 17.325074, 17.341801, 17.359027, 17.375221, 17.391758, 17.409795, 17.425179, 17.441910, 17.458544, 17.475685, 17.491823, 17.509543, 17.525414, 17.541897, 17.558472, 17.574948, 17.591694, 17.608274, 17.625616, 17.641875, 17.658355, 17.676779, 17.692864, 17.708466, 17.725839, 17.742392, 17.759211, 17.776001, 17.792086, 17.808588, 17.825333, 17.841945, 17.858639, 17.875307, 17.893499, 17.908740, 17.926956, 17.942190, 17.958794, 17.975743, 17.991937, 18.009287, 18.025357, 18.041899, 18.058520, 18.075166, 18.091846, 18.108570, 18.125139, 18.141877, 18.158523, 18.175216, 18.194326, 18.209219, 18.225710, 18.245840, 18.258529, 18.275238, 18.291892, 18.308569, 18.325458, 18.342030, 18.358875, 18.375622, 18.392901, 18.409169, 18.425803, 18.443694, 18.459549, 18.476328, 18.492586, 18.509123, 18.525771, 18.542444, 18.559063, 18.575759, 18.592379, 18.609126, 18.625729, 18.642446, 18.659183, 18.675929, 18.694684, 18.709305, 18.725995, 18.742550, 18.759317, 18.775996, 18.792647, 18.809282, 18.826052, 18.842664, 18.859295, 18.876099, 18.892707, 18.909442, 18.926233, 18.944655, 18.959914, 18.976151, 18.992707, 19.009505, 19.026161, 19.042866, 19.059609, 19.076221, 19.092874, 19.109581, 19.126252, 19.142958, 19.159672, 19.176191, 19.194649, 19.209598, 19.226246, 19.242809, 19.259553, 19.276035, 19.292730, 19.312027, 19.326228, 19.342736, 19.359425, 19.375905, 19.393222, 19.409496, 19.426111, 19.442798, 19.460779, 19.476074, 19.492773, 19.509443, 19.526066, 19.542709, 19.559393, 19.577558, 19.592735, 19.609336, 19.626021, 19.643388, 19.659562, 19.676103, 19.693243, 19.710650, 19.726204, 19.742815, 19.759534, 19.776184, 19.792904, 19.809596, 19.826209, 19.842914, 19.859631, 19.876266, 19.892970, 19.909699, 19.926468, 19.943426, 19.961587, 19.976379, 19.993088, 20.009761, 20.029971, 20.043063, 20.059749, 20.076480, 20.093172, 20.109944, 20.127257, 20.143645, 20.160378, 20.178130, 20.193748, 20.212635, 20.227206, 20.243864, 20.260524, 20.277168, 20.293912, 20.310572, 20.327334, 20.343931, 20.360634, 20.377330, 20.395063, 20.410799, 20.427515, 20.444479, 20.463171, 20.477621, 20.494337, 20.511141, 20.527873, 20.545351, 20.561385, 20.578180, 20.594824, 20.611581, 20.628180, 20.644903, 20.661995, 20.678312, 20.694862, 20.713644, 20.728314, 20.746384, 20.761620, 20.778222, 20.794853, 20.811619, 20.828250, 20.846478, 20.863330, 20.878751, 20.895241, 20.912927, 20.928786, 20.945296, 20.966808, 20.978772, 20.995256, 21.012625, 21.028662, 21.045373, 21.061952, 21.078473, 21.095237, 21.111933, 21.128662, 21.145185, 21.162494, 21.178719, 21.195327, 21.211925, 21.230590, 21.245276, 21.261994, 21.278654, 21.295323, 21.311981, 21.328706, 21.345283, 21.362028, 21.378767, 21.395420, 21.414087, 21.428915, 21.446132, 21.462382, 21.480595, 21.497145, 21.512356, 21.529139, 21.545693, 21.562539, 21.579080, 21.595808, 21.612414, 21.629038, 21.646492, 21.663173, 21.679172, 21.700362, 21.712587, 21.730638, 21.745941, 21.762517, 21.779286, 21.795850, 21.812596, 21.829375, 21.845946, 21.862542, 21.879234, 21.895724, 21.912918, 21.929380, 21.945548, 21.962268, 21.978916, 21.997534, 22.012924, 22.029133, 22.045709, 22.062325, 22.079033, 22.095765, 22.112411, 22.129199, 22.146275, 22.162958, 22.179086, 22.197325, 22.212543, 22.229165, 22.247494, 22.262416, 22.279157, 22.295777, 22.312543, 22.330746, 22.345848, 22.363321, 22.379494, 22.396227, 22.413204, 22.433302, 22.446033, 22.462637, 22.479334, 22.497559, 22.513784, 22.529617, 22.546254, 22.563004, 22.579788, 22.596545, 22.613397, 22.630118, 22.647333, 22.663880, 22.680058, 22.696728, 22.713323, 22.729790, 22.748556, 22.763131, 22.779787, 22.796505, 22.813732, 22.829816, 22.846420, 22.862992, 22.879708, 22.896264, 22.913424, 22.929620, 22.946246, 22.962974, 22.979610, 22.996296, 23.014603, 23.029668, 23.046587, 23.063264, 23.079958, 23.096690, 23.113318, 23.130586, 23.148804, 23.163820, 23.180117, 23.196783, 23.213474, 23.230147, 23.248193, 23.265526, 23.280194, 23.296987, 23.313513, 23.330224, 23.347017, 23.363808, 23.380714, 23.397267, 23.413549, 23.430288, 23.446901, 23.463602, 23.480268, 23.496914, 23.515466, 23.530286, 23.547639, 23.563831, 23.580414, 23.597104, 23.613736, 23.630886, 23.647166, 23.663840, 23.680390, 23.697066, 23.713743, 23.730429, 23.747075, 23.765445, 23.781147, 23.797230, 23.813830, 23.830418, 23.847100, 23.863866, 23.881008, 23.898340, 23.914235, 23.930692, 23.947208, 23.963865, 23.981159, 23.997321, 24.015535, 24.030530, 24.047891, 24.064043, 24.080633, 24.097284, 24.114125, 24.131092, 24.147308, 24.164682, 24.180737, 24.197988, 24.214095, 24.230702, 24.247387, 24.265523, 24.280662, 24.297216, 24.313895, 24.330567, 24.347398, 24.367790, 24.380996, 24.397716, 24.413930, 24.430445, 24.447200, 24.463991, 24.480580, 24.497152, 24.515473, 24.530549, 24.547306, 24.564587, 24.580829, 24.597502, 24.614145, 24.631269, 24.647473, 24.665177, 24.680977, 24.698189, 24.714308, 24.730893, 24.748152, 24.765693, 24.781518, 24.797732, 24.814370, 24.831059, 24.848283, 24.865048, 24.881727, 24.897595, 24.914444, 24.930934, 24.947516, 24.964210, 24.980885, 24.997562, 25.015510, 25.030864, 25.047626, 25.064215, 25.080931, 25.097694, 25.114262, 25.131445, 25.147594, 25.164283, 25.180920, 25.197626, 25.214279, 25.231009, 25.247618, 25.266443, 25.281046, 25.297696, 25.314504, 25.331128, 25.348150, 25.364618, 25.381377, 25.397969, 25.414696, 25.431359, 25.448026, 25.466177, 25.481536, 25.498111, 25.516383, 25.532112, 25.548293, 25.564865, 25.581595, 25.598321, 25.616475, 25.631833, 25.648277, 25.664994, 25.681610, 25.698294, 25.714963, 25.731668, 25.748153, 25.766363, 25.781446, 25.797965, 25.814681, 25.831389, 25.848168, 25.865240, 25.881379, 25.898084, 25.914800, 25.931402, 25.948099, 25.964795, 25.981464, 25.998156, 26.018437, 26.031514, 26.048180, 26.064802, 26.081482, 26.098191, 26.114786, 26.131458, 26.148096, 26.164744, 26.181431, 26.198147, 26.214804, 26.231558, 26.248870, 26.265032, 26.283375, 26.298258, 26.314923, 26.332269, 26.348820, 26.365873, 26.382688, 26.399278, 26.415297, 26.431908, 26.448580, 26.465218, 26.481981, 26.498664, 26.515292, 26.533575, 26.548620, 26.565329, 26.581951, 26.599358, 26.615370, 26.631954, 26.648611, 26.665240, 26.681907, 26.698590, 26.715281, 26.732621, 26.748787, 26.765346, 26.783484, 26.798654, 26.815381, 26.832021, 26.849262, 26.865397, 26.882071, 26.898666, 26.915343, 26.932020, 26.948709, 26.965467, 26.982115, 26.998792, 27.016115, 27.033494, 27.048833, 27.067143, 27.082262, 27.099512, 27.115634, 27.132347, 27.148940, 27.165662, 27.182373, 27.199001, 27.215715, 27.232456, 27.249061, 27.265739, 27.285446, 27.299124, 27.315929, 27.332572, 27.350087, 27.369633, 27.382731, 27.399507, 27.416180, 27.432837, 27.449522, 27.466172, 27.482825, 27.499494, 27.516155, 27.532842, 27.551330, 27.566662, 27.583002, 27.599667, 27.616275, 27.632970, 27.649573, 27.666323, 27.682979, 27.699662, 27.716305, 27.733070, 27.750349, 27.766499, 27.783704, 27.801530, 27.817262, 27.833767, 27.850359, 27.866628, 27.883346, 27.899937, 27.916632, 27.933260, 27.950598, 27.966791, 27.983384, 28.000035, 28.016691, 28.033468, 28.051499, 28.066995, 28.084266, 28.100925, 28.117163, 28.133920, 28.150388, 28.167068, 28.184381, 28.200652, 28.216911, 28.233792, 28.250164, 28.266952, 28.283725, 28.302393, 28.317231, 28.334361, 28.350797, 28.367853, 28.383914, 28.400557, 28.418732, 28.433833, 28.450591, 28.467219, 28.483969, 28.500534, 28.517238, 28.533987, 28.552416, 28.567300, 28.585957, 28.600766, 28.617309, 28.633980, 28.650789, 28.667955, 28.684090, 28.700743, 28.717507, 28.734061, 28.750761, 28.767531, 28.784108, 28.802364, 28.817911, 28.834248, 28.850802, 28.870084, 28.884380, 28.901493, 28.917714, 28.934309, 28.951086, 28.967584, 28.984312, 29.001090, 29.017631, 29.034358, 29.052337, 29.068237, 29.084317, 29.101080, 29.118346, 29.134532, 29.151154, 29.167811, 29.184549, 29.201135, 29.217815, 29.234631, 29.251879, 29.267959, 29.284676, 29.303373, 29.319043, 29.335306, 29.351535, 29.368002, 29.384754, 29.401441, 29.418140, 29.434700, 29.451258, 29.468563, 29.484567, 29.501120, 29.517776, 29.534685, 29.551100, 29.570292, 29.584629, 29.601050, 29.617735, 29.635063, 29.651216, 29.667820, 29.684508, 29.701111, 29.717813, 29.734561, 29.752797, 29.767925, 29.784639, 29.801903, 29.818048, 29.836298, 29.851869, 29.868074, 29.884689, 29.901184, 29.917915, 29.934439, 29.951102, 29.969187, 29.984315, 30.000978, 30.017646, 30.034333, 30.051063, 30.068119, 30.084316, 30.102240, 30.121720, 30.134291, 30.150997, 30.167669, 30.184350, 30.200991, 30.217665, 30.234369, 30.251031, 30.267702, 30.284497, 30.301210, 30.317773, 30.334498, 30.353264, 30.367840, 30.385201, 30.401351, 30.417950, 30.434628, 30.451927, 30.468158, 30.484746, 30.501398, 30.518108, 30.535086, 30.551536, 30.568666, 30.584834, 30.603283, 30.618130, 30.634835, 30.651494, 30.668174, 30.685432, 30.701770, 30.718288, 30.735134, 30.751740, 30.768491, 30.785130, 30.802380, 30.818685, 30.835247, 30.853334, 30.868564, 30.885236, 30.901900, 30.918600, 30.935228, 30.951883, 30.969237, 30.985430, 31.001948, 31.018610, 31.035403, 31.052016, 31.068735, 31.085361, 31.104239, 31.118783, 31.135413, 31.152090, 31.168792, 31.185408, 31.202075, 31.218751, 31.236102, 31.252330, 31.268852, 31.285623, 31.302279, 31.318937, 31.335582, 31.354224, 31.368986, 31.386692, 31.402561, 31.419077, 31.435770, 31.452413, 31.469146, 31.485914, 31.502698, 31.519493, 31.536694, 31.553345, 31.569542, 31.586241, 31.604853, 31.619647, 31.636389, 31.652986, 31.669665, 31.686287, 31.703002, 31.721498, 31.736372, 31.753044, 31.769848, 31.786845, 31.803104, 31.819763, 31.836464, 31.855196, 31.869695, 31.887964, 31.903066, 31.919760, 31.936576, 31.953112, 31.969893, 31.986592, 32.003262, 32.020010, 32.036850, 32.054191, 32.073707, 32.086774, 32.105240, 32.120054, 32.137434, 32.153639, 32.170197, 32.186872, 32.203546, 32.220177, 32.236981, 32.253706, 32.270331, 32.286992, 32.303537, 32.320322, 32.336980, 32.355210, 32.370280, 32.386927, 32.403696, 32.420290, 32.436925, 32.453622, 32.470947, 32.487112, 32.504463, 32.521208, 32.537857, 32.553837, 32.570525, 32.587091, 32.605296, 32.620488, 32.637230, 32.653858, 32.670510, 32.687260, 32.704008, 32.720533, 32.737324, 32.754043, 32.770616, 32.787630, 32.803902, 32.820625, 32.837270, 32.855170, 32.871337, 32.887518, 32.904012, 32.920708, 32.937382, 32.954013, 32.970739, 32.988060, 33.004464, 33.020869, 33.037904, 33.054231, 33.070942, 33.087541, 33.106339, 33.120900, 33.137568, 33.154210, 33.170791, 33.187492, 33.204104, 33.220715, 33.237493, 33.254889, 33.270892, 33.289099, 33.304196, 33.320860, 33.337486, 33.356803, 33.371076, 33.387625, 33.404346, 33.421024, 33.437631, 33.455028, 33.471221, 33.487753, 33.508928, 33.521694, 33.537816, 33.554499, 33.571124, 33.587778, 33.606233, 33.621198, 33.637929, 33.654569, 33.671209, 33.687912, 33.704625, 33.721512, 33.738076, 33.755173, 33.771441, 33.788021, 33.804729, 33.821353, 33.838057, 33.856140, 33.871400, 33.888034, 33.904734, 33.921522, 33.938147, 33.954852, 33.971640, 33.988213, 34.005344, 34.021825, 34.038011, 34.054524, 34.071180, 34.087864, 34.106741, 34.121237, 34.137962, 34.154651, 34.171311, 34.187960, 34.204645, 34.221707, 34.238148, 34.254847, 34.271401, 34.288101, 34.304718, 34.321410, 34.338079, 34.356133, 34.371462, 34.388135, 34.404830, 34.421538, 34.438188, 34.454817, 34.471541, 34.488287, 34.505480, 34.522600, 34.538560, 34.555113, 34.571717, 34.588427, 34.606199, 34.621822, 34.639052, 34.655256, 34.673246, 34.688573, 34.705241, 34.722110, 34.738518, 34.755675, 34.772467, 34.788649, 34.805185, 34.821940, 34.838586, 34.857132, 34.871915, 34.890031, 34.905284, 34.921910, 34.939655, 34.955550, 34.972067, 34.992598, 35.005957, 35.022099, 35.038758, 35.055512, 35.072184, 35.088914, 35.107157, 35.122262, 35.138844, 35.155456, 35.172142, 35.188771, 35.205513, 35.222505, 35.238813, 35.256610, 35.272276, 35.288875, 35.305529, 35.322214, 35.338914, 35.357048, 35.372262, 35.388916, 35.405616, 35.422323, 35.439028, 35.455686, 35.472338, 35.489533, 35.506094, 35.522491, 35.539064, 35.555741, 35.572374, 35.589036, 35.607049, 35.622424, 35.639761, 35.655868, 35.672463, 35.689171, 35.705908, 35.723118, 35.739284, 35.756187, 35.772569, 35.789886, 35.806019, 35.822734, 35.839976, 35.858237, 35.873412, 35.890198, 35.906311, 35.922831, 35.939513, 35.956326, 35.973588, 35.989858, 36.006332, 36.022999, 36.039626, 36.056263, 36.072940, 36.089648, 36.112199, 36.133679, 36.150436, 36.165691, 36.177404, 36.189567, 36.206367, 36.223449, 36.239693, 36.256349, 36.273025, 36.289688, 36.306393, 36.323066, 36.339685, 36.356392, 36.376094, 36.389745, 36.406451, 36.423173, 36.439835, 36.456557, 36.473228, 36.489803, 36.506546, 36.523766, 36.540006, 36.556662, 36.574786, 36.589956, 36.606658, 36.623415, 36.642065, 36.656659, 36.673356, 36.690120, 36.710318, 36.723901, 36.740041, 36.756744, 36.773333, 36.790674, 36.806905, 36.823495, 36.840179, 36.856830, 36.873473, 36.892086, 36.906863, 36.923501, 36.940235, 36.956924, 36.974108, 36.990227, 37.006769, 37.023455, 37.040100, 37.056757, 37.073428, 37.090134, 37.107415, 37.123570, 37.141958, 37.156884, 37.173542, 37.190229, 37.206893, 37.224226, 37.240290, 37.256904, 37.273567, 37.290292, 37.306945, 37.323569, 37.340264, 37.357220, 37.373637, 37.391963, 37.406973, 37.423677, 37.440368, 37.457103, 37.474222, 37.490421, 37.507099, 37.523755, 37.540423, 37.557115, 37.574445, 37.590558, 37.607218, 37.623868, 37.641986, 37.657307, 37.673884, 37.690633, 37.707391, 37.724579, 37.740585, 37.757360, 37.773907, 37.791217, 37.807408, 37.824002, 37.840678, 37.857366, 37.874051, 37.893065, 37.907506, 37.924289, 37.940963, 37.958159, 37.974741, 37.990890, 38.007595, 38.024332, 38.040981, 38.057625, 38.074324, 38.090942, 38.107697, 38.124341, 38.142997, 38.161865, 38.174977, 38.190999, 38.208487, 38.224738, 38.241153, 38.259920, 38.274623, 38.291281, 38.307864, 38.324590, 38.341261, 38.357871, 38.374609, 38.393140, 38.408107, 38.424780, 38.441398, 38.457989, 38.474636, 38.491939, 38.508009, 38.526164, 38.541350, 38.557996, 38.574635, 38.591985, 38.608265, 38.624797, 38.643033, 38.658139, 38.674842, 38.691576, 38.708171, 38.724911, 38.741485, 38.758200, 38.774885, 38.791524, 38.808112, 38.828376, 38.841511, 38.858190, 38.874862, 38.892943, 38.908250, 38.925063, 38.941710, 38.958358, 38.975044, 38.991707, 39.008383, 39.025127, 39.041752, 39.058440, 39.075103, 39.091767, 39.108496, 39.125155, 39.143941, 39.158564, 39.175182, 39.192251, 39.208934, 39.225158, 39.241798, 39.258471, 39.275114, 39.294851, 39.310713, 39.326173, 39.341854, 39.358448, 39.375053, 39.393997, 39.408426, 39.425283, 39.442527, 39.458761, 39.475946, 39.492178, 39.508742, 39.525434, 39.542213, 39.558784, 39.575497, 39.592190, 39.608772, 39.625547, 39.644164, 39.658853, 39.675568, 39.693376, 39.709114, 39.725681, 39.742293, 39.758960, 39.775669, 39.792304, 39.809604, 39.826408, 39.842592, 39.859150, 39.875785, 39.894053, 39.909238, 39.926011, 39.942525, 39.959305, 39.976013, 39.992726, 40.009410, 40.026135, 40.042843, 40.059470, 40.076232, 40.092890, 40.109550, 40.126267, 40.144921, 40.159624, 40.176315, 40.193453, 40.209617, 40.226398, 40.243040, 40.260318, 40.276484, 40.294568, 40.309771, 40.326463, 40.343126, 40.359741, 40.376449, 40.394949, 40.409950, 40.426612, 40.443583, 40.459811, 40.476530, 40.494671, 40.509917, 40.526593, 40.543258, 40.559871, 40.576538, 40.593270, 40.613511, 40.626592, 40.644874, 40.660040, 40.676618, 40.694250, 40.710113, 40.726771, 40.743385, 40.760073, 40.776746, 40.794034, 40.810246, 40.826797, 40.843510, 40.860170, 40.877493, 40.895059, 40.910415, 40.927025, 40.943656, 40.960337, 40.976947, 40.993566, 41.010235, 41.026990, 41.043586, 41.060249, 41.078153, 41.093991, 41.110704, 41.127468, 41.146638, 41.161468, 41.178126, 41.194242, 41.210904, 41.227690, 41.244328, 41.260947, 41.277585, 41.294260, 41.311568, 41.327813, 41.344338, 41.360914, 41.377721, 41.396084, 41.411186, 41.427755, 41.444394, 41.461094, 41.477791, 41.495065, 41.511252, 41.527763, 41.544477, 41.561772, 41.577993, 41.594548, 41.611225, 41.628026, 41.646038, 41.661776, 41.678488, 41.694565, 41.711945, 41.728084, 41.744603, 41.762797, 41.777960, 41.795233, 41.811511, 41.828053, 41.844667, 41.861372, 41.878067, 41.896565, 41.912627, 41.929766, 41.944836, 41.961530, 41.978263, 41.994892, 42.011516, 42.028178, 42.044868, 42.061564, 42.078271, 42.094906, 42.111615, 42.128296, 42.146833, 42.162116, 42.181794, 42.194906, 42.211555, 42.228320, 42.244928, 42.261609, 42.278227, 42.294934, 42.311639, 42.328291, 42.344962, 42.361584, 42.378364, 42.396804, 42.412205, 42.428432, 42.445123, 42.461831, 42.478587, 42.495235, 42.511918, 42.528560, 42.545275, 42.561910, 42.578559, 42.595271, 42.611983, 42.628627, 42.645281, 42.663784, 42.678536, 42.695192, 42.711899, 42.728610, 42.745215, 42.761881, 42.778479, 42.795161, 42.811780, 42.828568, 42.845253, 42.862566, 42.878883, 42.895338, 42.913854, 42.928738, 42.945344, 42.962695, 42.978839, 42.996526, 43.012348, 43.028898, 43.045508, 43.062270, 43.078736, 43.095223, 43.111939, 43.130476, 43.145671, 43.162152, 43.179864, 43.195725, 43.211918, 43.228533, 43.245212, 43.261821, 43.278432, 43.295173, 43.311811, 43.328437, 43.345119, 43.364074, 43.378810, 43.395249, 43.411836, 43.429912, 43.445262, 43.461864, 43.478582, 43.495879, 43.516004, 43.528711, 43.545379, 43.562058, 43.578726, 43.595381, 43.612088, 43.628806, 43.646033, 43.662137, 43.680886, 43.695520, 43.712232, 43.728984, 43.745653, 43.762275, 43.779557, 43.795746, 43.812362, 43.829065, 43.845861, 43.862574, 43.879394, 43.895932, 43.912573, 43.930813, 43.945846, 43.962388, 43.979764, 43.995868, 44.012487, 44.029182, 44.045787, 44.062460, 44.079182, 44.095930, 44.112620, 44.130512, 44.146107, 44.162709, 44.180793, 44.196021, 44.212704, 44.229426, 44.246016, 44.262653, 44.279308, 44.296076, 44.312815, 44.329552, 44.346503, 44.363243, 44.379828, 44.396805, 44.413008, 44.431742, 44.446358, 44.463034, 44.479815, 44.496492, 44.513365, 44.530024, 44.546733, 44.563399, 44.580099, 44.596850, 44.613438, 44.630778, 44.646781, 44.663513, 44.681718, 44.696924, 44.713543, 44.730266, 44.746924, 44.763587, 44.780181, 44.798536, 44.813678, 44.830300, 44.847026, 44.863666, 44.880726, 44.897064, 44.913720, 44.933800, 44.946979, 44.964735, 44.980555, 44.997019, 45.013647, 45.030330, 45.047766, 45.063873, 45.080504, 45.097158, 45.113764, 45.130458, 45.146994, 45.163594, 45.180333, 45.198791, 45.213617, 45.230355, 45.250857, 45.263624, 45.280311, 45.296936, 45.313783, 45.330516, 45.347400, 45.363886, 45.380969, 45.397307, 45.413924, 45.430584, 45.449371, 45.464070, 45.481305, 45.497463, 45.514148, 45.530886, 45.547457, 45.564124, 45.580890, 45.597546, 45.614745, 45.631189, 45.647451, 45.664148, 45.680783, 45.699347, 45.714233, 45.730882, 45.747578, 45.764224, 45.780881, 45.797517, 45.814270, 45.830980, 45.847699, 45.864399, 45.881070, 45.897617, 45.914259, 45.930903, 45.949686, 45.964263, 45.981010, 45.997690, 46.014325, 46.030925, 46.047635, 46.064329, 46.081006, 46.097818, 46.114400, 46.131033, 46.147670, 46.165010, 46.181250, 46.199688, 46.216070, 46.231257, 46.247973, 46.264570, 46.281246, 46.297970, 46.314696, 46.331368, 46.348600, 46.364672, 46.381342, 46.399472, 46.414709, 46.431429, 46.450278, 46.465085, 46.481375, 46.498102, 46.514766, 46.531500, 46.548157, 46.564866, 46.585454, 46.598931, 46.614937, 46.631593, 46.648220, 46.664909, 46.682174, 46.699802, 46.714956, 46.731652, 46.748304, 46.764937, 46.781665, 46.798318, 46.815100, 46.831707, 46.848921, 46.865510, 46.881745, 46.898473, 46.915182, 46.931912, 46.950685, 46.965417, 46.982193, 46.998963, 47.016273, 47.032390, 47.049120, 47.065850, 47.083556, 47.099630, 47.115743, 47.132419, 47.149113, 47.165791, 47.182449, 47.200788, 47.215900, 47.232677, 47.249257, 47.265977, 47.282708, 47.299360, 47.316005, 47.334703, 47.350431, 47.366809, 47.382950, 47.399540, 47.418257, 47.432959, 47.450756, 47.466154, 47.482726, 47.503713, 47.516367, 47.532776, 47.549525, 47.566943, 47.583049, 47.599889, 47.616169, 47.632842, 47.649401, 47.666162, 47.682809, 47.701726, 47.716202, 47.732922, 47.749539, 47.766272, 47.782981, 47.799706, 47.816273, 47.833541, 47.850133, 47.866257, 47.882985, 47.899635, 47.916316, 47.932920, 47.951678, 47.966335, 47.983179, 47.999773, 48.016499, 48.033232, 48.049826, 48.066542, 48.083238, 48.101486, 48.116666, 48.133376, 48.149953, 48.166635, 48.184898, 48.201616, 48.216714, 48.234014, 48.250191, 48.266782, 48.287919, 48.300143, 48.317240, 48.333415, 48.350236, 48.366875, 48.383443, 48.400206, 48.416890, 48.433553, 48.451602, 48.466801, 48.483496, 48.500239, 48.516947, 48.533933, 48.550983, 48.567325, 48.584410, 48.600582, 48.617164, 48.633895, 48.651235, 48.667323, 48.684029, 48.701831, 48.717265, 48.734055, 48.750652, 48.767322, 48.784077, 48.802116, 48.817913, 48.834437, 48.850613, 48.867369, 48.885372, 48.900668, 48.917308, 48.934064, 48.952651, 48.967357, 48.983969, 49.001264, 49.021498, 49.034741, 49.050937, 49.067547, 49.084732, 49.100947, 49.118718, 49.134412, 49.150951, 49.167568, 49.184236, 49.203377, 49.217787, 49.234376, 49.251035, 49.267731, 49.284369, 49.301002, 49.317997, 49.334421, 49.351328, 49.367545, 49.384128, 49.400751, 49.417491, 49.434131, 49.452539, 49.467606, 49.484326, 49.500959, 49.517701, 49.534405, 49.551270, 49.567720, 49.584341, 49.602532, 49.617596, 49.634466, 49.651009, 49.667795, 49.685068, 49.704929, 49.717904, 49.734506, 49.751236, 49.768011, 49.784587, 49.801133, 49.818225, 49.835114, 49.851368, 49.867986, 49.884569, 49.901343, 49.918003, 49.934621, 49.951281, 49.969587, 49.984712, 50.001349, 50.017997, 50.034776, 50.051486, 50.068489, 50.084698, 50.101389, 50.118118, 50.134812, 50.151487, 50.168167, 50.184725, 50.201487, 50.219542, 50.234852, 50.252281, 50.268432, 50.285141, 50.301688, 50.318764, 50.334929, 50.351541, 50.368822, 50.385151, 50.401760, 50.418995, 50.435136, 50.451665, 50.469652, 50.484984, 50.501882, 50.518577, 50.535859, 50.551886, 50.568758, 50.585325, 50.601879, 50.618558, 50.636270, 50.652278, 50.668595, 50.685327, 50.702130, 50.721220, 50.735418, 50.752170, 50.768827, 50.785918, 50.802278, 50.818789, 50.836215, 50.852368, 50.872483, 50.885617, 50.902373, 50.918789, 50.935539, 50.951843, 50.968629, 50.986675, 51.001789, 51.018553, 51.035175, 51.051763, 51.068451, 51.085164, 51.101835, 51.118457, 51.135177, 51.151816, 51.168522, 51.185110, 51.201760, 51.219123, 51.236752, 51.251925, 51.268656, 51.285564, 51.302531, 51.318752, 51.335380, 51.352109, 51.368786, 51.385400, 51.402132, 51.418599, 51.435259, 51.451947, 51.468551, 51.486443, 51.501771, 51.518596, 51.535755, 51.551978, 51.568562, 51.585956, 51.602007, 51.618665, 51.635268, 51.651977, 51.668613, 51.685273, 51.702594, 51.718808, 51.737618, 51.752163, 51.770225, 51.785924, 51.801958, 51.818655, 51.835929, 51.852119, 51.868738, 51.886039, 51.902763, 51.918938, 51.936095, 51.952291, 51.969542, 51.988886, 52.002458, 52.019012, 52.036138, 52.052373, 52.068994, 52.085600, 52.102361, 52.118980, 52.135615, 52.152908, 52.168942, 52.185637, 52.202289, 52.218935, 52.236324, 52.254714, 52.271241, 52.286410, 52.302546, 52.319867, 52.336029, 52.352867, 52.369248, 52.385958, 52.402639, 52.419282, 52.436072, 52.452691, 52.469340, 52.485969, 52.504604, 52.519383, 52.536168, 52.552704, 52.569310, 52.585946, 52.602712, 52.619323, 52.635974, 52.652734, 52.669345, 52.686064, 52.702718, 52.720030, 52.736307, 52.754551, 52.770667, 52.786972, 52.803045, 52.819783, 52.836455, 52.853101, 52.869801, 52.886480, 52.903144, 52.919870, 52.936469, 52.953171, 52.969835, 52.986585, 53.005117, 53.020039, 53.036954, 53.053239, 53.069937, 53.086667, 53.103296, 53.119986, 53.136669, 53.153325, 53.170036, 53.186703, 53.203369, 53.220008, 53.236769, 53.255454, 53.270230, 53.286773, 53.303412, 53.320112, 53.336744, 53.353487, 53.370137, 53.387416, 53.403612, 53.420221, 53.436892, 53.453523, 53.470230, 53.486949, 53.505439, 53.520297, 53.536994, 53.555069, 53.570339, 53.586914, 53.603616, 53.620284, 53.636892, 53.653642, 53.670264, 53.686881, 53.703559, 53.720212, 53.736952, 53.757495, 53.771330, 53.787160, 53.803709, 53.821045, 53.837160, 53.853760, 53.870424, 53.887068, 53.907690, 53.920408, 53.937010, 53.953631, 53.970182, 53.986881, 54.003531, 54.021446, 54.036896, 54.053602, 54.070275, 54.086992, 54.103694, 54.120324, 54.137037, 54.153729, 54.170410, 54.187039, 54.203692, 54.220645, 54.237159, 54.254337, 54.272402, 54.287136, 54.303841, 54.320499, 54.337144, 54.353796, 54.370505, 54.387886, 54.404051, 54.420617, 54.437991, 54.454149, 54.470913, 54.487405, 54.504530, 54.523181, 54.537679, 54.554194, 54.570946, 54.587607, 54.604210, 54.620967, 54.637514, 54.654235, 54.670997, 54.687702, 54.704495, 54.721430, 54.738133, 54.755129, 54.773433, 54.787946, 54.804738, 54.821303, 54.837994, 54.854734, 54.871414, 54.888100, 54.904760, 54.921437, 54.938136, 54.954917, 54.971594, 54.988790, 55.005555, 55.023430, 55.038296, 55.054975, 55.071669, 55.088354, 55.105054, 55.121676, 55.138400, 55.155039, 55.171686, 55.188424, 55.205113, 55.221978, 55.238925, 55.255394, 55.273359, 55.288278, 55.304931, 55.321705, 55.339778, 55.355072, 55.371654, 55.388440, 55.405031, 55.421690, 55.438392, 55.455079, 55.471801, 55.488417, 55.506088, 55.523487, 55.539957, 55.555160, 55.572540, 55.588771, 55.605301, 55.621997, 55.638712, 55.655283, 55.671980, 55.688677, 55.709865, 55.722624, 55.738711, 55.756020, 55.773515, 55.788689, 55.805960, 55.822209, 55.838814, 55.856035, 55.872314, 55.888869, 55.905594, 55.922916, 55.938906, 55.955685, 55.972355, 55.988956, 56.005714, 56.024450, 56.038950, 56.055637, 56.072290, 56.089025, 56.105611, 56.122278, 56.138967, 56.155625, 56.172301, 56.188994, 56.205688, 56.223751, 56.239166, 56.256373, 56.274577, 56.289850, 56.305991, 56.322569, 56.339271, 56.355938, 56.373237, 56.389428, 56.406733, 56.422814, 56.439449, 56.456717, 56.473431, 56.489923, 56.506121, 56.524541, 56.539496, 56.556155, 56.573480, 56.589503, 56.606188, 56.622793, 56.639515, 56.656136, 56.672893, 56.689462, 56.706231, 56.723512, 56.739488, 56.756173, 56.775031, 56.789656, 56.806208, 56.822910, 56.839575, 56.856381, 56.872912, 56.889631, 56.906332, 56.922964, 56.941215, 56.956452, 56.973499, 56.989730, 57.006392, 57.024316, 57.039711, 57.056409, 57.073018, 57.089682, 57.106461, 57.123075, 57.141245, 57.156526, 57.173096, 57.189789, 57.206606, 57.223765, 57.239914, 57.256500, 57.275264, 57.293393, 57.306568, 57.323205, 57.340498, 57.356660, 57.373281, 57.389916, 57.406642, 57.423352, 57.440024, 57.456824, 57.473642, 57.490038, 57.506724, 57.525279, 57.540093, 57.556735, 57.573364, 57.590069, 57.607400, 57.623614, 57.640714, 57.656934, 57.673575, 57.690267, 57.706942, 57.724172, 57.740893, 57.757145, 57.775420, 57.790395, 57.807090, 57.823708, 57.840368, 57.857034, 57.873720, 57.890407, 57.907070, 57.923849, 57.940513, 57.957037, 57.974186, 57.990422, 58.007061, 58.025276, 58.040466, 58.057102, 58.073797, 58.091176, 58.107320, 58.123918, 58.140656, 58.157272, 58.173987, 58.190730, 58.207275, 58.224206, 58.240677, 58.257326, 58.275334, 58.290719, 58.307378, 58.324061, 58.340734, 58.357368, 58.375140, 58.391002, 58.407554, 58.424312, 58.440997, 58.458145, 58.474315, 58.490951, 58.507602, 58.526370, 58.540961, 58.557610, 58.575779, 58.590985, 58.607606, 58.624917, 58.641117, 58.657752, 58.674484, 58.691089, 58.708305, 58.724521, 58.741075, 58.757755, 58.777355, 58.791099, 58.807793, 58.824569, 58.841792, 58.857989, 58.874583, 58.891283, 58.912157, 58.924732, 58.941447, 58.958509, 58.974631, 58.991354, 59.008644, 59.024880, 59.043370, 59.058069, 59.074770, 
12, 34, 2, 3.512479, 3.592841, 3.766175, 3.890054, 4.016331, 4.063070, 4.083943, 4.085840, 4.049275, 4.007750, 3.902072, 3.784239, 3.612598, 3.401919, 3.170928, 2.892545, 2.552876, 2.181123, 1.772192, 1.341292, 0.902478, 0.458734, 0.012203, 0.429552, 0.865791, 1.283465, 1.704681, 2.121537, 2.471883, 2.806526, 3.139444, 3.473890, 3.803473, 4.125070, 4.381623, 4.583984, 4.726489, 4.824582, 4.794525, 4.756532, 4.713439, 4.669733, 4.644756, 4.630573, 4.657814, 4.688653, 4.743518, 4.770916, 4.793513, 4.797999, 4.769825, 4.759113, 4.725389, 4.733419, 4.690714, 4.699554, 4.711914, 4.723293, 4.731888, 4.750208, 4.773310, 4.776655, 4.791768, 4.807608, 4.810425, 4.808242, 4.805282, 4.799718, 4.784278, 4.757877, 4.737583, 4.698104, 4.597312, 4.584625, 4.515531, 4.435659, 4.355264, 4.155445, 4.170562, 4.098335, 4.031617, 3.987237, 3.928027, 3.888854, 3.823428, 3.755008, 3.652790, 3.524153, 3.376325, 3.213463, 2.915504, 2.901293, 2.681643, 2.599422, 2.614098, 2.419169, 2.358338, 2.413311, 2.319957, 2.340272, 2.435330, 2.446173, 2.519149, 2.661349, 2.739326, 2.850965, 2.971752, 3.098047, 3.236448, 3.364706, 3.483320, 3.604401, 3.719273, 3.836911, 3.951931, 4.053055, 4.147492, 4.239030, 4.330063, 4.406184, 4.454676, 4.497107, 4.515804, 4.499562, 4.495636, 4.458058, 4.406218, 4.349806, 4.291810, 4.229027, 4.124125, 4.037281, 3.927462, 3.798165, 3.662679, 3.533468, 3.380261, 3.217651, 3.050026, 2.902875, 2.722264, 2.535854, 2.369552, 2.175073, 1.963566, 1.744664, 1.503153, 1.250554, 0.978962, 0.689723, 0.396784, 0.091230, 0.198816, 0.507515, 0.950155, 1.144282, 1.450070, 1.769645, 2.075009, 2.360441, 2.633521, 2.879368, 3.093024, 3.260489, 3.401013, 3.520112, 3.616827, 3.787604, 3.774715, 3.812078, 3.813386, 3.774345, 3.690538, 3.557715, 3.412309, 3.268938, 3.046106, 2.815436, 2.588472, 2.357731, 2.138290, 1.957546, 1.770629, 1.639745, 1.506962, 1.374934, 1.242166, 1.111406, 0.980737, 0.851721, 0.723801, 0.596165, 0.469428, 0.343919, 0.230724, 0.184339, 0.131663, 0.102864, 0.028834, 0.028138, 0.086417, 0.138281, 0.183354, 0.240366, 0.300755, 0.349176, 0.410385, 0.439388, 0.470684, 0.489250, 0.527348, 0.507141, 0.558137, 0.526370, 0.565235, 0.576740, 0.548531, 0.585319, 0.584150, 0.567998, 0.596556, 0.588410, 0.534456, 0.558230, 0.473729, 0.409052, 0.391317, 0.243633, 0.137294, 0.012277, 0.162741, 0.243340, 0.298297, 0.302783, 0.294683, 0.252496, 0.167225, 0.022117, 0.134736, 0.324047, 0.496514, 0.694691, 0.858363, 1.017212, 1.168656, 1.307439, 1.423903, 1.528870, 1.618766, 1.700135, 1.785147, 1.838134, 1.894925, 1.954553, 1.989017, 2.041170, 2.109661, 2.152021, 2.210047, 2.240678, 2.288157, 2.311526, 2.335991, 2.365397, 2.371235, 2.378859, 2.382450, 2.385742, 2.388855, 2.374463, 2.346999, 2.317798, 2.279556, 2.224553, 2.161173, 2.104681, 2.040988, 1.971458, 1.878843, 1.789478, 1.698711, 1.601864, 1.504452, 1.397852, 1.302916, 1.216721, 1.113875, 1.001542, 0.786937, 0.802467, 0.716874, 0.619355, 0.527122, 0.434310, 0.332487, 0.236408, 0.147653, 0.040843, 0.060279, 0.151643, 0.260128, 0.364404, 0.455726, 0.659038, 0.632908, 0.720538, 0.795194, 0.870023, 0.931784, 1.008489, 1.069526, 1.125131, 1.186045, 1.231515, 1.268685, 1.374184, 1.296315, 1.296841, 1.352355, 1.233381, 1.189167, 1.119550, 1.038783, 1.008014, 0.856204, 0.761766, 0.732684, 0.564377, 0.466343, 0.389028, 0.211252, 0.083821, 0.002749, 0.116694, 0.237358, 0.338158, 0.510098, 0.553366, 0.621686, 0.758977, 0.724842, 0.733689, 0.763456, 0.740842, 0.733635, 0.708314, 0.681467, 0.719009, 0.634820, 0.620994, 0.620769, 0.619026, 0.649569, 0.706892, 0.774247, 0.855998, 0.958971, 1.064343, 1.187037, 1.336477, 1.465974, 1.615689, 1.755397, 1.897265, 2.049598, 2.206184, 2.373202, 2.562911, 2.785246, 3.009480, 3.276209, 3.521688, 3.750666, 4.008173, 4.231574, 4.438139, 4.625051, 4.799991, 4.947531, 5.082565, 5.210939, 5.321141, 5.426327, 5.525122, 5.603723, 5.665198, 5.702292, 5.702272, 5.668222, 5.603093, 5.497430, 5.374866, 5.208988, 5.035536, 4.820932, 4.590126, 4.329774, 4.049597, 3.755638, 3.461431, 3.188581, 2.927289, 2.698192, 2.499340, 2.294984, 2.137886, 2.002098, 1.905103, 1.831450, 1.798977, 1.801349, 1.857114, 1.889756, 2.010755, 2.153964, 2.207877, 2.368421, 2.517209, 2.677279, 2.817618, 2.934276, 3.028908, 3.105105, 3.027337, 3.137199, 3.127896, 3.080762, 3.016260, 2.944184, 2.854747, 2.739240, 2.599378, 2.456515, 2.141345, 2.136083, 1.956214, 1.616820, 1.572892, 1.216124, 1.049215, 1.058893, 0.922436, 0.664106, 0.718733, 0.523352, 0.502127, 0.590908, 0.514514, 0.603711, 0.654161, 0.746036, 0.863668, 0.958312, 1.080672, 1.259617, 1.444959, 1.595303, 1.725587, 1.804537, 1.849489, 1.871044, 1.866795, 1.801259, 1.704455, 1.572178, 1.401361, 1.194946, 0.940639, 0.654046, 0.313305, 0.061155, 0.488059, 0.939791, 1.412752, 1.920796, 2.456708, 3.010299, 3.569766, 4.127719, 4.665061, 5.196218, 5.707718, 6.201810, 6.648633, 7.014320, 7.350876, 7.587051, 7.745156, 7.841009, 7.841538, 7.762742, 7.621963, 7.415920, 7.173216, 6.919870, 6.422902, 5.918391, 5.396346, 5.001895, 4.679108, 4.368207, 4.257972, 3.969548, 3.858156, 3.704414, 3.403270, 3.306242, 3.049817, 2.742840, 2.655518, 2.426550, 2.225427, 2.047852, 1.898368, 1.621410, 1.668384, 1.557572, 1.453056, 1.338925, 1.214810, 1.072265, 0.938752, 0.795911, 0.652317, 0.508970, 0.355648, 0.222466, 0.090376, 0.044484, 0.279158, 0.263235, 0.361502, 0.444220, 0.511161, 0.578938, 0.625654, 0.770962, 0.675531, 0.689490, 0.722816, 0.600347, 0.604542, 0.442899, 0.423652, 0.297503, 0.171277, 0.026445, 0.120691, 0.341780, 0.439729, 0.586478, 0.731577, 0.857061, 0.963258, 1.068350, 1.230500, 1.263503, 1.307869, 1.358200, 1.397316, 1.409393, 1.397625, 1.371658, 1.321934, 1.274720, 1.242502, 1.224258, 1.173366, 1.126681, 1.078028, 1.024905, 0.973986, 0.935975, 0.914974, 0.895037, 0.886699, 0.883688, 0.904317, 0.938752, 0.954617, 1.003022, 1.028699, 1.042802, 1.063376, 1.092425, 1.108545, 1.135240, 1.156595, 1.169087, 1.181353, 1.199153, 1.211436, 1.226618, 0.978896, 0.893900, 0.782071, 0.658503, 0.520360, 0.384189, 0.228469, 0.063778, 0.106775, 0.293435, 0.501342, 0.732571, 0.986100, 1.247165, 1.516875, 1.798661, 2.076520, 2.345452, 2.598131, 2.853425, 3.087126, 3.313110, 3.537870, 3.753105, 3.929114, 4.125686, 4.300850, 4.462571, 4.687732, 4.892797, 4.989352, 5.036825, 5.099738, 5.138949, 5.129067, 5.095153, 5.040688, 4.955797, 4.841444, 4.695799, 4.524700, 4.330314, 4.117431, 3.887738, 3.478738, 3.377228, 3.125564, 2.860093, 2.596548, 2.322613, 2.093343, 1.856872, 1.655828, 1.459085, 1.266138, 1.103437, 0.883972, 0.735690, 0.737025, 0.580628, 0.546025, 0.597324, 0.597066, 0.560242, 0.640975, 0.681393, 0.702988, 0.819303, 0.841664, 0.903295, 1.010531, 1.017657, 1.116508, 1.161459, 1.141345, 1.146431, 1.155659, 1.157561, 1.142539, 1.114018, 1.085114, 1.053333, 1.035264, 1.009972, 0.976765, 0.939027, 0.917188, 0.878235, 0.841873, 0.794230, 0.723111, 0.634592, 0.532304, 0.432242, 0.341839, 0.243243, 0.143883, 0.044332, 0.052355, 0.150554, 0.244855, 0.331167, 0.406018, 0.500100, 0.592575, 0.691414, 0.780580, 0.856987, 0.939467, 1.009270, 1.056695, 1.091311, 1.105834, 1.101935, 1.074062, 1.029457, 0.970778, 0.899254, 0.818560, 0.722010, 0.620866, 0.525908, 0.423575, 0.330469, 0.227477, 0.183799, 0.136186, 0.100762, 0.108900, 0.125502, 0.168792, 0.234335, 0.317931, 0.404612, 0.507236, 0.610032, 0.703419, 0.794093, 0.872982, 0.924132, 0.954204, 1.010733, 1.030403, 1.045367, 1.048528, 1.044964, 1.021556, 0.996511, 0.965576, 0.909378, 0.854904, 0.778861, 0.694500, 0.599918, 0.474493, 0.355164, 0.242524, 0.107575, 0.016394, 0.071512, 0.157602, 0.230125, 0.274810, 0.334909, 0.369404, 0.344810, 0.436241, 0.446504, 0.460517, 0.487437, 0.525186, 0.539585, 0.576713, 0.603764, 0.617750, 0.641292, 0.656831, 0.659060, 0.617461, 0.680329, 0.619844, 0.630901, 0.695388, 0.692318, 0.612307, 0.660040, 0.569328, 0.554363, 0.606731, 0.507377, 0.487696, 0.546963, 0.455259, 0.426892, 0.395079, 0.353721, 0.306929, 0.252261, 0.210404, 0.193093, 0.171608, 0.143475, 0.107400, 0.083102, 0.072898, 0.054697, 0.044594, 0.037951, 0.054125, 0.065166, 0.087106, 0.125321, 0.171744, 0.222350, 0.281563, 0.358325, 0.443177, 0.507816, 0.593547, 0.702864, 0.799905, 0.909005, 1.015489, 1.116898, 1.227241, 1.335062, 1.435050, 1.544173, 1.700981, 1.865162, 1.999304, 2.149366, 2.311320, 2.472682, 2.645324, 2.831472, 3.020180, 3.220584, 3.386436, 3.543799, 3.706100, 3.858375, 4.015584, 4.173191, 4.329076, 4.484126, 4.594830, 4.667009, 4.733408, 4.763033, 4.782844, 4.801501, 4.800832, 4.819051, 4.840174, 4.822046, 4.897275, 4.938434, 4.975122, 5.013515, 5.047040, 5.073134, 5.086562, 5.084003, 5.091635, 5.120325, 5.180399, 5.284544, 5.422038, 5.602506, 5.940041, 6.241864, 6.682112, 7.192578, 7.780431, 8.432552, 9.230811, 10.093624, 11.007723, 11.976819, 12.960831, 13.942391, 14.908476, 15.849961, 16.765162, 17.626474, 18.475713, 19.293724, 20.240977, 20.802635, 21.523999, 22.406636, 22.930310, 23.633885, 24.454691, 24.946200, 25.703894, 26.146021, 26.652737, 27.158805, 27.436507, 27.643720, 27.739015, 27.814384, 27.625770, 27.401385, 27.259850, 26.673395, 26.176416, 25.864740, 24.940193, 24.240235, 23.494034, 22.725859, 21.949313, 21.154603, 20.368335, 19.582309, 18.812128, 18.064158, 17.342615, 16.618664, 15.921462, 15.253477, 14.625517, 14.037732, 13.491994, 13.003238, 12.525411, 12.063497, 11.597869, 11.135030, 10.654733, 10.137737, 9.619534, 9.080701, 8.533509, 7.988640, 7.391398, 6.799040, 6.212041, 5.628445, 5.057294, 4.498026, 3.957235, 3.452828, 2.968800, 2.534171, 2.149522, 1.823422, 1.556703, 1.362559, 1.202822, 1.144423, 1.136101, 1.190565, 1.299424, 1.443464, 1.647422, 1.850197, 2.052646, 2.300904, 2.550328, 2.799940, 3.035726, 3.198882, 3.328892, 3.433442, 3.515257, 3.564735, 3.584417, 3.614533, 3.640851, 3.639175, 3.631334, 3.586502, 3.517984, 3.598441, 3.588900, 3.607433, 3.644643, 3.695289, 3.763866, 3.855698, 3.951124, 4.054935, 4.174526, 4.298571, 4.457137, 4.618535, 4.801124, 5.017213, 5.294272, 5.573205, 5.853414, 6.173040, 6.541530, 6.912216, 7.236153, 7.566398, 7.879617, 8.187149, 8.473485, 8.681969, 8.890374, 9.010415, 8.941611, 8.982357, 8.804467, 8.317388, 8.151763, 7.684637, 6.842937, 6.528346, 5.564410, 4.877644, 4.534502, 3.586012, 2.999494, 2.735530, 2.029339, 1.669693, 1.401304, 1.215769, 1.091548, 1.040288, 1.024054, 1.037095, 1.048608, 1.057523, 1.055108, 1.032657, 0.981944, 0.906404, 0.796152, 0.646455, 0.506223, 0.367481, 0.234870, 0.133336, 0.073084, 0.034340, 0.022441, 0.046190, 0.091556, 0.146276, 0.211678, 0.301972, 0.370624, 0.450638, 0.539139, 0.655108, 0.764434, 0.879302, 1.003814, 1.139365, 1.297464, 1.462031, 1.624319, 1.799477, 2.003919, 2.166153, 2.375345, 2.560441, 2.767655, 2.970232, 3.167300, 3.342212, 3.529233, 3.720433, 3.930094, 4.140061, 4.322460, 4.498262, 4.671166, 4.843609, 5.029553, 5.111116, 5.206678, 5.322157, 5.468002, 5.629600, 5.802156, 5.984439, 6.207914, 6.417827, 6.656698, 6.928014, 7.212255, 7.497586, 7.766653, 8.026928, 8.251013, 8.387461, 8.463243, 8.388680, 8.204395, 8.171841, 7.920784, 7.611830, 7.243155, 6.858999, 6.443438, 6.000475, 5.581028, 5.156192, 4.750067, 4.373362, 4.012498, 3.688988, 3.383764, 2.922930, 2.839590, 2.615391, 2.398446, 2.201870, 2.026447, 1.885077, 1.766503, 1.682159, 1.599047, 1.459354, 1.534301, 1.545561, 1.524689, 1.652939, 1.663602, 1.745413, 1.817784, 1.942661, 1.904973, 1.896049, 1.844731, 1.754938, 1.636996, 1.498966, 1.357132, 1.160619, 0.973285, 0.807468, 0.641338, 0.493833, 0.350043, 0.206758, 0.095383, 0.002648, 0.083966, 0.145298, 0.184647, 0.210237, 0.255533, 0.267986, 0.240024, 0.211502, 0.177117, 0.140728, 0.091079, 0.029383, 0.049293, 0.116794, 0.201150, 0.269588, 0.349947, 0.431698, 0.485688, 0.545673, 0.584621, 0.608760, 0.632127, 0.645837, 0.665296, 0.675095, 0.690721, 0.696036, 0.722842, 0.740331, 0.757777, 0.752883, 0.753510, 0.740731, 0.722844, 0.672410, 0.627400, 0.576511, 0.537648, 0.505925, 0.469632, 0.452484, 0.446581, 0.444469, 0.420788, 0.406180, 0.383309, 0.346199, 0.279064, 0.218475, 0.136520, 0.070668, 0.023210, 0.015211, 0.025152, 0.081619, 0.006021, 0.018928, 0.043157, 0.065758, 0.054040, 0.058989, 0.071815, 0.108289, 0.154505, 0.226386, 0.313729, 0.420367, 0.531403, 0.647665, 0.724850, 0.868869, 0.957263, 1.039345, 1.114793, 1.184174, 1.219189, 1.231155, 1.187222, 1.203470, 1.156391, 1.118172, 1.063357, 1.013816, 0.974313, 0.829862, 0.895288, 0.877320, 0.792344, 0.863657, 0.845565, 0.763157, 0.832189, 0.719155, 0.695303, 0.767387, 0.668068, 0.673154, 0.765231, 0.723626, 0.747819, 0.848599, 0.809423, 0.850800, 0.873166, 0.874781, 0.871032, 0.861777, 0.862632, 0.844831, 0.816942, 0.789408, 0.750284, 0.706042, 0.643642, 0.580450, 0.523226, 0.457350, 0.389948, 0.337671, 0.280040, 0.242058, 0.224498, 0.188180, 0.149535, 0.092527, 0.053617, 0.002443, 0.066715, 0.126933, 0.181967, 0.239316, 0.304568, 0.362100, 0.415955, 0.476977, 0.503721, 0.521128, 0.526598, 0.544236, 0.541514, 0.564535, 0.581430, 0.602435, 0.629576, 0.655244, 0.688942, 0.719222, 0.750748, 0.767852, 0.796641, 0.821729, 0.842305, 0.842094, 0.849828, 0.855657, 0.839236, 0.827619, 0.808265, 0.789123, 0.837110, 0.730942, 0.710547, 0.677903, 0.644232, 0.611372, 0.568231, 0.525540, 0.480410, 0.447617, 0.392969, 0.336470, 0.251630, 0.217260, 0.176086, 0.212967, 0.094777, 0.069596, 0.038501, 0.070280, 0.098696, 0.137573, 0.180134, 0.247608, 0.305604, 0.380592, 0.545158, 0.560964, 0.684502, 0.824187, 1.083366, 1.120426, 1.338153, 1.406051, 1.546249, 1.774783, 1.838031, 2.003973, 2.333383, 2.446002, 2.693191, 3.049528, 3.302136, 3.531073, 3.758544, 3.973738, 4.174065, 4.327215, 4.508506, 4.621563, 4.713130, 4.749371, 4.757607, 4.750171, 4.707799, 4.608677, 4.503243, 4.359881, 4.219787, 4.078702, 3.928174, 3.719726, 3.466593, 3.190144, 2.917665, 2.636093, 2.347547, 2.066652, 1.780002, 1.488178, 1.196963, 0.906615, 0.609198, 0.325824, 0.032527, 0.253529, 0.524355, 0.787885, 1.059871, 1.309899, 1.551397, 1.750851, 1.975424, 2.171094, 2.318884, 2.500287, 2.702710, 2.902093, 3.081799, 3.257925, 3.435904, 3.594246, 3.690023, 3.780675, 3.856781, 3.915853, 3.977150, 4.005749, 4.033257, 4.066549, 4.100766, 4.127254, 4.159167, 4.174204, 4.181093, 4.197494, 4.212609, 4.232012, 4.251642, 4.270677, 4.283961, 4.322477, 4.356647, 4.375146, 4.429404, 4.479188, 4.531675, 4.563794, 4.575959, 4.589976, 4.593560, 4.587326, 4.563170, 4.520620, 4.469496, 4.324601, 4.322239, 4.216274, 4.089323, 3.967104, 3.669732, 3.655521, 3.575092, 3.492906, 3.413885, 3.174587, 3.241206, 3.167122, 3.072822, 2.966776, 2.879612, 2.783568, 2.695436, 2.621566, 2.555013, 2.476702, 2.385664, 2.288472, 2.186707, 2.061348, 1.788867, 1.723076, 1.487463, 1.061588, 0.747676, 0.395494, 0.029051, 0.369223, 0.656570, 1.234482, 1.701545, 2.155032, 2.605097, 3.034987, 3.445016, 3.818638, 4.157663, 4.436925, 4.680834, 4.890637, 5.038020, 5.128802, 5.221081, 5.247744, 5.191338, 5.070476, 4.902757, 4.702653, 4.459591, 4.183809, 3.858639, 3.507855, 3.115357, 2.694016, 2.244708, 1.785121, 1.303335, 0.825012, 0.364589, 0.068632, 0.449805, 0.793098, 1.106103, 1.366772, 1.597446, 1.792770, 1.955494, 2.117820, 2.256259, 2.376151, 2.481137, 2.565901, 2.632491, 2.719228, 2.743206, 2.700684, 2.655211, 2.584145, 2.492063, 2.397740, 2.263137, 2.093222, 1.895837, 1.685861, 1.459680, 1.238330, 1.002217, 0.759854, 0.488726, 0.167527, 0.173856, 0.553412, 0.887962, 1.234969, 1.544501, 1.863584, 2.198503, 2.458968, 2.712186, 2.982166, 3.243205, 3.441952, 3.581238, 3.685382, 3.773029, 3.835437, 3.874903, 3.895621, 3.888962, 3.860779, 3.807707, 3.622155, 3.662170, 3.581537, 3.491163, 3.395997, 3.284326, 3.194746, 3.115508, 3.032016, 2.957786, 2.889168, 2.729187, 2.789254, 2.763115, 2.757037, 2.675397, 2.781782, 2.759039, 2.889862, 2.896729, 2.972259, 3.100434, 3.119429, 3.198627, 3.320267, 3.325873, 3.367876, 3.474152, 3.415108, 3.432045, 3.439686, 3.446781, 3.442333, 3.429008, 3.411806, 3.400165, 3.404856, 3.428514, 3.472565, 3.524110, 3.581611, 3.638980, 3.715067, 3.802886, 3.916659, 4.026212, 4.143235, 4.271099, 4.385960, 4.503130, 4.609955, 4.732360, 4.848974, 4.975598, 5.139775, 5.356833, 5.567390, 5.815922, 6.070412, 6.371941, 6.802625, 7.135197, 7.554103, 8.001444, 8.494313, 9.021466, 9.597181, 10.230505, 10.894361, 11.600341, 12.343689, 13.119634, 13.907113, 14.635882, 15.356522, 15.999507, 16.541798, 16.977179, 17.260724, 17.410472, 17.436673, 17.362109, 17.116687, 16.786487, 16.363622, 15.851061, 15.254597, 14.565726, 13.822851, 13.015130, 12.200055, 11.058186, 10.627498, 9.906656, 9.254870, 8.683345, 8.210806, 7.830591, 7.546053, 7.370709, 7.287231, 7.305955, 7.408413, 7.606232, 7.802277, 8.021895, 8.235309, 8.442126, 8.649936, 8.844129, 8.956465, 9.053956, 9.139429, 9.255030, 9.389183, 9.494840, 9.629747, 9.773815, 9.994290, 9.969413, 10.138596, 10.312131, 10.452025, 10.604941, 10.704709, 10.796131, 10.893473, 10.995084, 11.101612, 11.222505, 11.329178, 11.471016, 11.647712, 11.851916, 12.081692, 12.502721, 12.732209, 13.310531, 13.784132, 14.075454, 14.809028, 15.343392, 15.652941, 16.409219, 16.918440, 17.199402, 17.890916, 18.328054, 18.736205, 19.103895, 19.413342, 19.637917, 19.807495, 19.895530, 19.880099, 19.731998, 19.496128, 19.078535, 18.507582, 17.789225, 16.934823, 15.951638, 14.846341, 13.649965, 12.376105, 11.031474, 9.630740, 8.221107, 6.801681, 5.384624, 4.019599, 2.681733, 1.378699, 0.112121, 1.101025, 2.253175, 3.343633, 4.344498, 5.265373, 6.139501, 6.964298, 7.693239, 8.375035, 9.012110, 9.582975, 10.092174, 10.525974, 10.900042, 11.204746, 11.450318, 11.601653, 11.751462, 11.879149, 11.946390, 11.968450, 11.946307, 11.900436, 11.795689, 11.667429, 11.508305, 11.329227, 11.123637, 10.888584, 10.663612, 10.445274, 10.231678, 10.031245, 9.837150, 9.666610, 9.510725, 9.355197, 9.199512, 9.044444, 8.872803, 8.694424, 8.442096, 8.312508, 8.018467, 7.734315, 7.418660, 7.057428, 6.664082, 6.235949, 5.788289, 5.326299, 4.835402, 4.322699, 3.806882, 3.145231, 2.782958, 2.282485, 1.768620, 1.238942, 0.711224, 0.202099, 0.299533, 0.803689, 1.295202, 1.750626, 2.193216, 2.608769, 2.961271, 3.270737, 3.491020, 3.676504, 3.836623, 3.957246, 4.011701, 4.018629, 4.008946, 3.976439, 3.935677, 3.870736, 3.707325, 3.661803, 3.516283, 3.193583, 3.058626, 2.653812, 2.363741, 2.186888, 1.762762, 1.455736, 1.305311, 0.918564, 0.662043, 0.429138, 0.196943, 0.025206, 0.237918, 0.436655, 0.626438, 0.796304, 0.935032, 1.055194, 1.145184, 1.231763, 1.300295, 1.340101, 1.363799, 1.372436, 1.366094, 1.311369, 1.286606, 1.243979, 1.184337, 1.135142, 1.073764, 1.009610, 0.907689, 0.798399, 0.725994, 0.656596, 0.589962, 0.519618, 0.420881, 0.342490, 0.234953, 0.156224, 0.072282, 0.019537, 0.128447, 0.245176, 0.362164, 0.479907, 0.598049, 0.716852, 0.836197, 0.956479, 1.076926, 1.198192, 1.319939, 1.442122, 1.565038, 1.689033, 1.812790, 1.937624, 2.082130, 2.239063, 2.408909, 2.603673, 2.794594, 2.982611, 3.185359, 3.372074, 3.557826, 3.753261, 3.934544, 4.073491, 4.232790, 4.421212, 4.663722, 4.975013, 5.475921, 5.855584, 6.450479, 7.136072, 7.904846, 8.714728, 9.581620, 10.475840, 11.384731, 12.285200, 13.176251, 14.047094, 14.897904, 15.959438, 16.522566, 17.499714, 18.056239, 18.802046, 19.529204, 20.249904, 20.962508, 21.694876, 22.604463, 23.148051, 24.039303, 24.699308, 25.321120, 25.863439, 26.338481, 26.675432, 27.043171, 27.234277, 27.367360, 27.201003, 26.943907, 26.551457, 26.016474, 25.364069, 24.577026, 23.690998, 22.752478, 21.769364, 20.769384, 19.745692, 18.740110, 17.740192, 16.779773, 15.775332, 14.849850, 13.941829, 13.055967, 12.175371, 11.328877, 10.492692, 9.693438, 8.943687, 8.213956, 7.530117, 6.900082, 6.332280, 5.825921, 5.401338, 5.078387, 4.849883, 4.724878, 4.682052, 4.667442, 4.682270, 4.726233, 4.776055, 4.835852, 4.875005, 4.893899, 4.881420, 4.840722, 4.778391, 4.689647, 4.580378, 4.443675, 4.312532, 4.162661, 3.997140, 3.825746, 3.639875, 3.452635, 3.275210, 3.076138, 2.886965, 2.701014, 2.537828, 2.383469, 2.148036, 2.140411, 2.027569, 1.921424, 1.827305, 1.724451, 1.632867, 1.521491, 1.399412, 1.262253, 1.132342, 1.013502, 0.892596, 0.784973, 0.683017, 0.484309, 0.490581, 0.365727, 0.237006, 0.094005, 0.061183, 0.210796, 0.369660, 0.506104, 0.653827, 0.773902, 0.861505, 0.920727, 0.957678, 0.985702, 0.994749, 1.048807, 0.952697, 0.896786, 0.809488, 0.704485, 0.586626, 0.418682, 0.208376, 0.006081, 0.220060, 0.461109, 0.660484, 0.878449, 1.072406, 1.258253, 1.402778, 1.579635, 1.700001, 1.741626, 1.860522, 1.825407, 1.862713, 1.934345, 1.858415, 1.874154, 1.965799, 1.910093, 1.897774, 1.963102, 1.849676, 1.821535, 1.783930, 1.753285, 1.705333, 1.665757, 1.601958, 1.543736, 1.485481, 1.386705, 1.307104, 1.212432, 1.104281, 1.037901, 0.857011, 0.718164, 0.557737, 0.382909, 0.192555, 0.003721, 0.219677, 0.465039, 0.713916, 0.962797, 1.235931, 1.505496, 1.758023, 2.008102, 2.242804, 2.464301, 2.678768, 2.881036, 3.058888, 3.213968, 3.363024, 3.484781, 3.575837, 3.639668, 3.684745, 3.717124, 3.728650, 3.729481, 3.691043, 3.639186, 3.548089, 3.453198, 3.319499, 3.175387, 3.016159, 2.854206, 2.673544, 2.498039, 2.281358, 2.074372, 1.854817, 1.633394, 1.385748, 1.104267, 0.845380, 0.621170, 0.403652, 0.220330, 0.073897, 0.052410, 0.155895, 0.237153, 0.285435, 0.320883, 0.340030, 0.362165, 0.362271, 0.357099, 0.341917, 0.312333, 0.262980, 0.199660, 0.133401, 0.067235, 0.042502, 0.140449, 0.255162, 0.369681, 0.496629, 0.629551, 0.749343, 0.868983, 0.972036, 1.053903, 1.142046, 1.223939, 1.289804, 1.330320, 1.463429, 1.381990, 1.387787, 1.374010, 1.366445, 1.360366, 1.344698, 1.331954, 1.342673, 1.414222, 1.315716, 1.287568, 1.327418, 1.223334, 1.189444, 1.206221, 1.131429, 1.000388, 0.985713, 0.883214, 0.790393, 0.716360, 0.634269, 0.574133, 0.528190, 0.499593, 0.474039, 0.481645, 0.480123, 0.491554, 0.522922, 0.550630, 0.572725, 0.598120, 0.603385, 0.599920, 0.605749, 0.626249, 0.661566, 0.708193, 0.772973, 0.862203, 0.974955, 1.102191, 1.222419, 1.339123, 1.462743, 1.573043, 1.650596, 1.751231, 1.811937, 1.863992, 1.898594, 1.916855, 1.932890, 1.935866, 1.929274, 1.913099, 1.876869, 1.833220, 1.751026, 1.665618, 1.554590, 1.411540, 1.217761, 1.062843, 0.898260, 0.695751, 0.532883, 0.359179, 0.188915, 0.001477, 0.218552, 0.402010, 0.564942, 0.720476, 0.857761, 0.979334, 1.093846, 1.182933, 1.267230, 1.344932, 1.388335, 1.448685, 1.428837, 1.422028, 1.393352, 1.343308, 1.248260, 1.130773, 0.856918, 0.805511, 0.611745, 0.414014, 0.203685, 0.009267, 0.214479, 0.393617, 0.549012, 0.695634, 0.821511, 0.930596, 1.030563, 1.119070, 1.172737, 1.312159, 1.279360, 1.298213, 1.366510, 1.316053, 1.320797, 1.315649, 1.314921, 1.309758, 1.396781, 1.347450, 1.376779, 1.482972, 1.446826, 1.561628, 1.623198, 1.681193, 1.731631, 1.787315, 1.838887, 1.880029, 1.905330, 1.918180, 1.899308, 1.884612, 1.852460, 1.808156, 1.769448, 1.724366, 1.659603, 1.584663, 1.468982, 1.330269, 1.161011, 1.014213, 0.851121, 0.688742, 0.525156, 0.364706, 0.203616, 0.043258, 0.115245, 0.273951, 0.432485, 0.590164, 0.747632, 0.884004, 1.010725, 1.139932, 1.220754, 1.307689, 1.398298, 1.493153, 1.621812, 1.771646, 1.888603, 2.030206, 2.145224, 2.259886, 2.344618, 2.437835, 2.506813, 2.578523, 2.642865, 2.692292, 2.742923, 2.819552, 2.854509, 2.889200, 2.917699, 2.949845, 2.989435, 3.006172, 3.023223, 3.047561, 3.007484, 3.058063, 3.059455, 2.990679, 2.951772, 2.898774, 2.820939, 2.733716, 2.638374, 2.521105, 2.389291, 2.236763, 2.060952, 1.874814, 1.668973, 1.401849, 1.244477, 0.987794, 0.746419, 0.503324, 0.252244, 0.023694, 0.286820, 0.566725, 0.843228, 1.131351, 1.411405, 1.710024, 2.000092, 2.297349, 2.636935, 2.927061, 3.159226, 3.481961, 3.685389, 3.916121, 4.172527, 4.340998, 4.526889, 4.674957, 4.811804, 4.943461, 4.973775, 4.996563, 4.902914, 4.810710, 4.744509, 4.680411, 4.593155, 4.515724, 4.417594, 4.295534, 4.173404, 4.034292, 3.865305, 3.693184, 3.513574, 3.325154, 3.141974, 2.958700, 2.768921, 2.579872, 2.406012, 2.241559, 2.082002, 1.930565, 1.799359, 1.679072, 1.557165, 1.475599, 1.405000, 1.328123, 1.262995, 1.211670, 1.156044, 1.122468, 1.078037, 1.099452, 1.116580, 1.150934, 1.204609, 1.224939, 1.289915, 1.344433, 1.370892, 1.403876, 1.410501, 1.419992, 1.432692, 1.439018, 1.461350, 1.495056, 1.550913, 1.615857, 1.690062, 1.772718, 1.893045, 2.000221, 2.082217, 2.140987, 2.193930, 2.265727, 2.295277, 2.327410, 2.356101, 2.383275, 2.403026, 2.394123, 2.352984, 2.404683, 2.368089, 2.397844, 2.398406, 2.392024, 2.402927, 2.378569, 2.339785, 2.310250, 2.276347, 2.241387, 2.188712, 2.144092, 2.089947, 1.965715, 1.956962, 1.910507, 1.862074, 1.820420, 1.784643, 1.748752, 1.699368, 1.642456, 1.594761, 1.542494, 1.485323, 1.383395, 1.386140, 1.274814, 1.203841, 1.206505, 1.035643, 1.020119, 0.921415, 0.746610, 0.727810, 0.622825, 0.422227, 0.397210, 0.197716, 0.096722, 0.008871, 0.124949, 0.170470, 0.232775, 0.322569, 0.425934, 0.534124, 0.663975, 0.815791, 0.983422, 1.169038, 1.367094, 1.571192, 1.783692, 1.984603, 2.190487, 2.387144, 2.570248, 2.799578, 2.875649, 2.999476, 3.109858, 3.203846, 3.317888, 3.430537, 3.548275, 3.646418, 3.748098, 3.833368, 3.895989, 3.946499, 3.989342, 4.009261, 4.027628, 4.023898, 4.027996, 4.012267, 3.988302, 3.952677, 3.899510, 3.831079, 3.748236, 3.635477, 3.466953, 3.225061, 2.981822, 2.625370, 2.210351, 1.722911, 1.153092, 0.541860, 0.115717, 0.809267, 1.514394, 2.219798, 2.929041, 3.627311, 4.302958, 4.963194, 5.575471, 6.115853, 6.608676, 7.107505, 7.361067, 7.630049, 7.805761, 7.909862, 7.927209, 7.865441, 7.733864, 7.546830, 7.305642, 7.022238, 6.712469, 6.388813, 6.032068, 5.691733, 5.339046, 4.987589, 4.653027, 4.126860, 4.029499, 3.750863, 3.502531, 3.297630, 3.113346, 2.956207, 2.832385, 2.754607, 2.634828, 2.604461, 2.596844, 2.624254, 2.673330, 2.733833, 2.683262, 2.883159, 2.975715, 3.070381, 3.144241, 3.214851, 3.281137, 3.357850, 3.462306, 3.571357, 3.624215, 3.857163, 4.051016, 4.181764, 4.483621, 4.680294, 4.962941, 5.294514, 5.599242, 5.870145, 6.284032, 6.494555, 6.818966, 7.163389, 7.517065, 7.843952, 8.223256, 8.561693, 8.903522, 9.236877, 9.582470, 9.925420, 10.253077, 10.592399, 10.917721, 11.227915, 11.535877, 11.847581, 12.148788, 12.453553, 12.745433, 13.045488, 13.344734, 13.634041, 13.935755, 14.212256, 14.479025, 14.754559, 14.991361, 15.219448, 15.433057, 15.599847, 15.740569, 15.850343, 15.930135, 15.994350, 16.047465, 16.085698, 16.140401, 16.226885, 16.390035, 16.634521, 16.984139, 17.402287, 17.961464, 18.622266, 19.415392, 20.330195, 21.323675, 22.413013, 23.574960, 24.777864, 26.025326, 27.289221, 28.543637, 29.801895, 31.074420, 32.270457, 33.453248, 34.572069, 35.614117, 36.599343, 37.551249, 38.441211, 39.264068, 40.039725, 40.756082, 41.417810, 42.027099, 42.593302, 43.113813, 43.614380, 44.049294, 44.448367, 44.828698, 45.181339, 45.485095, 45.785284, 46.108867, 46.435550, 46.655174, 46.816986, 46.922611, 46.967839, 46.976048, 46.911832, 46.762405, 46.356767, 46.233637, 45.823884, 45.340656, 44.742398, 44.073895, 43.351263, 42.568679, 41.743284, 40.904717, 40.031106, 39.142000, 38.250967, 37.365128, 36.475958, 35.253831, 34.674048, 33.759223, 32.851299, 31.930282, 30.985566, 30.040786, 29.072158, 28.111789, 27.130027, 26.174424, 25.227549, 24.306013, 23.397318, 22.510407, 21.651570, 20.491517, 19.714060, 19.288039, 18.584269, 17.661959, 17.341950, 16.807168, 16.123635, 15.941454, 15.463326, 15.252773, 15.233706, 15.062998, 15.034785, 15.114640, 15.106547, 15.185574, 15.301853, 15.339800, 15.404823, 15.433121, 15.434830, 15.415730, 15.356047, 15.282072, 15.176221, 15.034426, 14.888323, 14.744726, 14.624122, 14.544529, 14.518240, 14.569795, 14.706357, 14.903630, 15.218467, 15.615199, 16.085241, 16.623819, 17.240844, 17.932025, 18.714615, 19.580191, 20.542209, 21.567683, 22.635823, 23.739788, 24.860051, 25.981023, 27.096059, 28.195079, 29.292443, 30.376757, 31.423140, 32.443105, 33.411134, 34.341640, 35.210718, 36.012746, 36.743144, 37.413119, 38.013578, 38.552109, 39.052768, 39.514258, 39.946854, 40.319262, 40.654031, 40.947511, 41.191268, 41.336027, 41.466299, 41.545426, 41.557171, 41.528279, 41.463614, 41.384438, 41.212459, 41.070682, 40.902742, 40.744127, 40.596219, 40.455625, 40.340936, 40.264330, 40.240733, 40.254426, 40.317898, 40.458891, 40.643081, 40.936465, 41.321155, 41.829853, 42.484523, 43.281172, 44.240557, 45.322592, 46.539016, 47.841138, 49.193175, 50.591786, 52.001418, 53.409291, 54.804419, 56.153747, 57.433758, 59.028400, 59.812837, 60.912393, 61.943276, 62.920250, 63.837792, 64.699449, 65.505412, 66.464035, 66.937268, 67.584435, 68.340142, 68.704790, 69.279653, 69.657762, 69.975589, 70.252197, 70.462352, 70.631049, 70.716900, 70.770467, 70.822894, 70.827163, 70.772902, 70.692689, 70.599077, 70.497790, 70.412388, 70.310107, 70.223279, 70.135462, 70.040189, 69.955493, 69.886174, 69.814791, 69.747574, 69.666602, 69.572180, 69.476300, 69.366638, 69.246085, 69.088541, 68.907065, 68.701886, 68.478442, 68.117145, 67.935425, 67.618925, 67.262580, 66.880216, 66.450062, 65.988805, 65.489256, 64.966862, 64.429679, 63.872404, 63.307545, 62.737218, 62.162425, 61.593379, 61.012345, 60.430272, 59.789052, 59.161661, 58.515519, 57.834394, 57.101790, 56.354545, 55.591095, 54.809835, 54.045656, 53.321981, 52.644145, 51.998496, 51.384347, 50.802052, 50.242037, 49.718068, 49.176073, 48.605511, 48.014671, 47.372933, 46.693354, 45.969073, 45.211411, 44.448038, 43.638143, 42.833083, 42.009178, 41.195222, 40.380903, 39.586117, 38.832575, 38.104418, 37.420218, 36.787063, 36.209939, 35.686079, 35.225573, 34.846733, 34.515230, 34.241722, 34.015481, 33.860164, 33.717616, 33.574558, 33.470713, 33.358302, 33.267225, 33.215419, 33.139370, 33.026981, 32.922475, 32.774551, 32.632375, 32.507631, 32.358315, 32.208767, 32.034462, 31.803939, 31.537678, 31.266236, 30.912362, 30.658710, 30.353134, 30.050205, 29.744989, 29.448709, 29.158507, 28.876859, 28.602960, 28.341071, 28.091153, 27.850265, 27.638606, 27.417476, 27.215037, 27.051248, 26.879162, 26.692890, 26.542478, 26.492500, 26.484800, 26.520403, 26.610342, 26.766040, 26.990333, 27.301482, 27.696451, 28.155822, 28.711013, 29.320628, 29.986845, 30.726358, 31.518429, 32.359454, 33.231058, 34.143529, 35.094252, 36.068970, 37.064258, 38.070049, 39.059751, 40.031282, 40.959763, 41.829148, 42.619355, 43.341137, 43.948958, 44.431303, 44.823389, 45.111589, 45.301794, 45.394921, 45.396634, 45.258044, 45.064186, 44.760406, 44.370258, 43.911854, 43.432200, 42.916645, 42.380754, 41.830546, 41.303864, 40.788437, 40.309272, 39.839692, 39.392797, 38.962086, 38.524856, 38.072547, 37.602190, 37.095605, 36.547349, 35.948197, 35.276160, 34.548017, 33.770466, 32.918846, 32.016849, 31.040809, 30.053416, 29.006463, 27.934656, 26.830165, 25.717478, 24.593903, 23.483842, 22.372201, 21.284543, 20.210067, 18.907631, 18.180516, 17.244292, 16.383533, 15.590353, 14.875116, 14.259892, 13.581528, 13.206948, 12.757082, 12.330957, 11.903085, 11.465659, 11.028185, 10.598255, 10.080690, 9.693611, 9.216097, 8.623266, 8.198085, 7.653772, 6.956550, 6.486265, 5.879381, 5.123457, 4.611566, 3.944485, 3.126797, 2.611767, 1.834399, 1.225302, 0.591325, 0.096232, 0.438514, 0.868538, 1.397628, 1.776917, 2.032050, 2.265640, 2.405654, 2.446124, 2.416579, 2.330457, 2.189022, 2.014764, 1.801899, 1.557184, 1.305267, 1.046683, 0.786711, 0.520503, 0.256908, 0.018566, 0.288499, 0.547646, 0.791279, 1.009987, 1.223443, 1.405274, 1.576971, 1.729095, 1.878237, 2.018478, 2.138785, 2.232395, 2.316452, 2.408660, 2.476314, 2.535643, 2.585907, 2.619463, 2.631177, 2.626490, 2.607890, 2.570798, 2.528460, 2.462491, 2.410056, 2.357350, 2.270533, 2.153055, 2.006659, 1.820735, 1.617243, 1.380607, 1.121702, 0.864076, 0.623858, 0.350726, 0.013386, 0.397904, 0.784687, 1.198106, 1.625139, 2.041969, 2.454303, 2.856088, 3.239056, 3.618025, 4.018776, 4.406884, 4.791539, 5.186816, 5.563267, 5.933286, 6.317744, 6.708529, 7.075851, 7.428043, 7.779478, 8.129245, 8.451027, 8.737661, 8.995121, 9.220963, 9.377838, 9.445027, 9.469376, 9.423351, 9.349499, 9.232391, 8.961849, 8.937056, 8.736970, 8.508811, 8.250319, 7.949352, 7.623513, 7.039850, 6.868749, 6.304952, 5.954039, 5.842870, 5.438865, 5.263292, 5.215413, 4.963381, 4.867051, 4.887747, 4.673301, 4.548000, 4.532558, 4.197646, 3.946886, 3.832738, 3.310507, 2.925514, 2.531695, 2.122881, 1.729963, 1.286724, 0.862184, 0.425460, 0.006402, 0.395124, 0.751577, 1.076393, 1.362611, 1.622674, 1.827976, 1.987291, 2.119000, 2.137926, 2.219112, 2.212189, 2.160574, 2.064926, 1.928395, 1.771849, 1.589917, 1.359867, 1.136284, 0.923245, 0.653785, 0.362111, 0.011381, 0.359918, 0.781750, 1.230883, 1.719090, 2.259521, 2.827012, 3.427614, 4.080057, 4.790312, 5.548612, 6.337979, 7.145508, 7.988911, 8.821183, 9.639514, 10.423548, 11.147036, 11.816599, 12.395383, 12.875876, 13.243158, 13.502609, 13.662123, 13.712017, 13.679521, 13.567513, 13.373824, 13.139104, 12.855678, 12.519564, 12.167502, 11.817243, 11.453067, 11.081362, 10.716069, 10.147057, 9.969732, 9.613243, 9.247931, 8.901354, 8.559743, 8.220978, 7.895134, 7.576185, 7.256705, 6.957859, 6.673072, 6.404864, 6.145011, 5.922222, 5.589248, 5.537180, 5.387195, 5.261191, 5.136899, 5.041308, 4.955226, 4.871368, 4.811320, 4.745881, 4.678999, 4.611568, 4.532017, 4.441474, 4.352077, 4.203371, 4.218355, 4.146831, 4.059846, 3.972058, 3.872439, 3.769791, 3.686001, 3.532962, 3.541173, 3.473619, 3.325857, 3.342396, 3.282217, 3.160261, 3.091575, 3.035464, 2.968762, 2.971548, 2.779091, 2.657330, 2.618684, 2.366243, 2.195007, 2.122016, 1.785191, 1.564045, 1.331386, 1.075796, 0.806242, 0.552002, 0.296278, 0.039435, 0.201946, 0.404954, 0.620007, 0.797936, 0.949038, 1.098951, 1.223920, 1.358670, 1.458003, 1.568617, 1.686641, 1.774585, 1.857295, 1.897468, 1.965074, 2.010981, 2.024459, 2.015561, 2.001310, 1.973326, 1.936315, 1.893917, 1.853253, 1.756456, 1.656027, 1.594674, 1.507009, 1.424922, 1.351154, 1.275005, 1.203307, 1.107069, 1.034118, 0.952691, 0.888149, 0.818645, 0.758642, 0.705656, 0.665907, 0.630162, 0.597171, 0.564551, 0.540343, 0.513868, 0.501304, 0.509428, 0.531303, 0.560312, 0.598291, 0.660200, 0.720719, 0.788364, 0.859354, 0.938335, 1.039781, 1.130023, 1.225114, 1.297967, 1.476145, 1.500410, 1.595509, 1.687275, 1.781861, 1.876088, 1.986410, 2.090978, 2.190281, 2.280617, 2.359975, 2.436455, 2.501337, 2.554786, 2.601015, 2.655891, 2.619143, 2.613103, 2.621749, 2.563095, 2.448788, 2.354902, 2.251341, 2.130179, 1.963140, 1.782895, 1.545126, 1.284360, 0.995619, 0.694428, 0.325185, 0.051063, 0.279303, 0.620142, 0.969821, 1.360581, 1.646390, 1.985287, 2.362687, 2.600501, 2.850584, 3.056974, 3.225688, 3.355995, 3.450329, 3.531206, 3.598230, 3.650649, 3.681341, 3.653180, 3.578683, 3.451695, 3.287057, 3.058424, 2.784602, 2.456250, 2.071240, 1.646128, 1.182516, 0.690120, 0.167253, 0.340576, 0.844935, 1.360873, 1.863686, 2.350573, 2.820027, 3.241622, 3.640148, 3.969590, 4.240393, 4.465585, 4.667696, 4.834402, 4.967923, 5.075090, 5.102144, 5.085428, 5.058589, 5.038100, 4.987431, 4.905432, 4.804065, 4.674475, 4.528562, 4.375960, 4.224391, 4.062373, 3.905714, 3.740941, 3.574811, 3.406782, 3.202621, 3.013828, 2.815851, 2.609518, 2.412634, 2.207341, 2.027273, 1.777147, 1.688866, 1.550148, 1.404834, 1.267727, 1.146414, 1.049989, 0.957685, 0.853251, 0.756729, 0.683306, 0.598432, 0.519872, 0.439046, 0.371443, 0.318795, 0.259368, 0.210284, 0.154341, 0.105816, 0.057525, 0.063268, 0.037971, 0.094453, 0.148044, 0.195949, 0.265451, 0.321687, 0.394288, 0.465357, 0.539974, 0.618091, 0.699551, 0.773088, 0.855666, 0.949167, 1.136181, 1.146780, 1.253548, 1.371477, 1.474554, 1.576957, 1.682948, 1.771441, 1.848395, 1.900252, 1.963509, 2.024654, 2.062042, 2.182983, 2.140123, 2.229542, 2.235666, 2.156309, 2.176954, 2.117375, 2.000821, 1.965162, 1.850506, 1.694904, 1.614487, 1.500342, 1.381153, 1.255768, 1.123972, 0.998209, 0.868299, 0.736073, 0.594863, 0.456948, 0.315143, 0.178781, 0.031567, 0.088834, 0.215906, 0.325345, 0.422836, 0.509663, 0.596911, 0.684270, 0.761701, 0.824936, 0.876785, 0.928087, 0.966977, 1.005374, 1.038657, 1.062012, 1.076256, 1.102337, 1.137552, 1.159959, 1.173307, 1.189745, 1.205352, 1.217708, 1.234360, 1.248270, 1.267406, 1.278243, 1.283348, 1.311342, 1.324877, 1.334049, 1.350175, 1.363059, 1.385673, 1.387889, 1.375476, 1.371163, 1.368193, 1.371728, 1.363212, 1.374840, 1.393089, 1.406534, 1.417126, 1.424803, 1.439474, 1.464030, 1.483166, 1.496841, 1.527199, 1.562528, 1.605125, 1.649822, 1.651330, 1.815515, 1.911496, 2.016937, 2.117342, 2.237135, 2.354830, 2.469947, 2.594206, 2.705899, 2.783177, 2.871815, 2.945327, 3.021807, 3.083031, 3.066469, 3.233786, 3.333642, 3.408391, 3.479795, 3.557323, 3.575697, 3.698501, 3.759804, 3.793170, 3.803845, 3.800799, 3.619271, 3.670802, 3.565109, 3.257643, 3.095023, 2.903809, 2.704860, 2.680219, 2.330682, 
,,,0.012131, 0.033201, 0.048507, 0.069877, 0.085453, 0.097265, 0.108572, 0.120199, 0.131749, 0.143582, 0.155121, 0.166596, 0.182098, 0.198741, 0.215426, 0.232102, 0.248827, 0.267126, 0.282218, 0.298670, 0.315153, 0.331790, 0.349130, 0.365307, 0.381827, 0.398541, 0.415149, 0.431858, 0.448576, 0.465307, 0.482013, 0.498918, 0.517701, 0.532189, 0.549173, 0.565603, 0.582260, 0.600417, 0.615636, 0.632243, 0.648986, 0.665675, 0.682326, 0.698943, 0.715609, 0.732306, 0.749038, 0.767629, 0.782388, 0.799307, 0.815596, 0.832256, 0.848849, 0.867135, 0.882177, 0.898870, 0.915634, 0.932272, 0.949560, 0.965793, 0.982407, 0.999127, 1.017604, 1.032637, 1.049325, 1.066027, 1.082741, 1.099431, 1.116705, 1.133004, 1.149625, 1.166455, 1.187138, 1.199879, 1.216596, 1.233356, 1.249940, 1.268647, 1.283368, 1.300097, 1.316683, 1.333350, 1.349960, 1.366720, 1.383265, 1.399987, 1.416719, 1.433333, 1.450030, 1.466728, 1.483617, 1.500033, 1.518592, 1.534610, 1.550319, 1.566931, 1.583641, 1.600334, 1.616918, 1.633621, 1.650368, 1.667002, 1.683681, 1.700352, 1.717170, 1.733697, 1.750422, 1.768493, 1.784016, 1.800358, 1.817140, 1.833826, 1.850354, 1.867061, 1.883785, 1.901034, 1.917250, 1.933871, 1.950629, 1.967903, 1.984061, 2.000801, 2.019676, 2.034128, 2.050718, 2.068079, 2.084163, 2.100760, 2.117444, 2.135551, 2.150905, 2.167497, 2.184251, 2.200848, 2.217598, 2.234387, 2.250940, 2.269588, 2.284056, 2.302158, 2.317308, 2.334046, 2.351300, 2.367445, 2.384628, 2.400805, 2.417458, 2.434143, 2.450747, 2.467569, 2.484236, 2.501508, 2.519747, 2.534243, 2.554748, 2.567527, 2.584228, 2.600785, 2.617509, 2.634209, 2.650862, 2.667556, 2.684283, 2.700859, 2.717624, 2.734339, 2.750899, 2.769563, 2.784238, 2.800940, 2.817622, 2.835043, 2.851125, 2.867796, 2.884447, 2.901072, 2.917845, 2.934491, 2.952046, 2.968039, 2.984734, 3.001271, 3.019674, 3.034572, 3.051224, 3.067873, 3.084618, 3.101132, 3.117871, 3.134524, 3.151166, 3.167818, 3.184506, 3.201125, 3.217792, 3.235178, 3.251320, 3.269478, 3.284487, 3.301131, 3.318321, 3.334540, 3.350918, 3.367606, 3.384280, 3.400927, 3.417638, 3.434344, 3.451008, 3.467707, 3.484416, 3.501594, 3.517772, 3.535549, 3.551026, 3.567745, 3.584465, 3.601057, 3.617781, 3.635988, 3.651163, 3.668428, 3.685288, 3.701360, 3.718075, 3.734696, 3.751386, 3.768064, 3.786614, 3.801751, 3.818868, 3.834782, 3.851418, 3.869575, 3.884781, 3.901390, 3.918012, 3.934729, 3.951448, 3.968148, 3.984812, 4.002154, 4.018233, 4.036521, 4.051489, 4.068782, 4.084962, 4.101591, 4.118254, 4.134915, 4.151695, 4.168934, 4.185106, 4.201725, 4.218425, 4.235084, 4.252159, 4.268378, 4.286577, 4.305694, 4.318347, 4.335054, 4.351683, 4.368401, 4.385016, 4.401703, 4.418360, 4.435026, 4.451739, 4.468419, 4.485211, 4.501817, 4.518447, 4.536445, 4.551866, 4.568475, 4.585134, 4.601820, 4.618465, 4.635167, 4.651870, 4.668541, 4.685198, 4.701993, 4.718715, 4.735947, 4.752239, 4.769774, 4.787643, 4.802351, 4.819089, 4.835857, 4.853175, 4.869232, 4.885893, 4.902496, 4.919218, 4.935855, 4.952634, 4.969217, 4.985984, 5.002448, 5.019207, 5.037521, 5.052523, 5.069163, 5.085861, 5.102533, 5.119208, 5.135827, 5.152601, 5.169235, 5.185908, 5.202582, 5.219282, 5.236470, 5.252576, 5.269234, 5.287460, 5.302557, 5.319261, 5.335871, 5.352580, 5.369327, 5.385913, 5.402589, 5.419334, 5.435971, 5.454703, 5.469513, 5.486028, 5.502860, 5.519498, 5.537429, 5.552769, 5.569435, 5.586725, 5.603627, 5.620322, 5.636411, 5.653073, 5.669687, 5.687976, 5.703211, 5.719808, 5.736537, 5.753130, 5.773369, 5.788534, 5.803043, 5.820414, 5.836503, 5.853095, 5.869684, 5.886394, 5.903084, 5.920343, 5.936580, 5.953423, 5.970504, 5.986697, 6.003423, 6.020036, 6.038478, 6.053402, 6.070121, 6.086745, 6.103424, 6.120113, 6.137377, 6.153578, 6.170103, 6.187587, 6.203713, 6.220264, 6.236961, 6.253628, 6.270313, 6.288532, 6.303662, 6.320954, 6.337144, 6.353707, 6.370380, 6.387055, 6.403700, 6.420443, 6.437817, 6.454007, 6.470505, 6.487178, 6.503860, 6.520519, 6.539082, 6.554049, 6.570691, 6.587263, 6.603930, 6.620709, 6.637277, 6.653953, 6.670637, 6.687034, 6.703801, 6.720367, 6.737037, 6.753757, 6.770380, 6.788268, 6.803742, 6.820387, 6.838692, 6.858550, 6.879374, 6.893304, 6.906041, 6.920459, 6.937205, 6.954519, 6.970557, 6.987205, 7.003878, 7.020597, 7.039419, 7.053909, 7.070573, 7.087266, 7.103916, 7.120646, 7.137308, 7.153934, 7.170553, 7.187344, 7.204650, 7.221071, 7.237765, 7.255933, 7.271121, 7.289389, 7.304426, 7.321027, 7.337787, 7.354487, 7.371109, 7.387835, 7.405195, 7.421331, 7.438063, 7.456626, 7.471369, 7.487988, 7.504895, 7.525657, 7.539437, 7.554709, 7.571374, 7.588031, 7.605340, 7.621481, 7.638055, 7.654800, 7.671665, 7.688164, 7.705203, 7.721500, 7.738056, 7.754723, 7.771523, 7.789389, 7.804798, 7.821485, 7.838778, 7.854933, 7.871547, 7.888229, 7.904934, 7.921651, 7.938794, 7.955293, 7.971516, 7.988254, 8.004957, 8.021608, 8.040354, 8.054954, 8.071589, 8.088296, 8.105004, 8.121665, 8.138377, 8.155828, 8.171882, 8.188434, 8.206168, 8.223784, 8.242308, 8.273484, 8.294463, 8.317314, 8.333176, 8.348042, 8.362301, 8.377105, 8.390712, 8.402253, 8.416031, 8.429844, 8.445236, 8.458417, 8.472430, 8.488967, 8.505780, 8.522405, 8.539150, 8.557371, 8.572493, 8.590317, 8.606117, 8.622645, 8.639714, 8.656698, 8.673384, 8.689487, 8.706173, 8.722718, 8.739463, 8.756178, 8.772830, 8.789451, 8.809501, 8.823484, 8.839576, 8.856206, 8.873559, 8.889715, 8.906305, 8.923603, 8.939686, 8.956299, 8.974468, 8.989670, 9.006451, 9.023043, 9.039717, 9.056362, 9.074391, 9.089637, 9.106306, 9.122922, 9.140047, 9.156417, 9.173252, 9.190034, 9.206415, 9.223141, 9.244356, 9.257808, 9.273345, 9.290547, 9.306828, 9.325414, 9.340085, 9.356764, 9.373460, 9.390131, 9.407557, 9.424096, 9.440216, 9.456862, 9.473496, 9.490166, 9.506802, 9.523520, 9.541271, 9.557170, 9.575495, 9.590298, 9.606931, 9.624195, 9.640465, 9.657649, 9.674070, 9.690324, 9.706957, 9.723491, 9.740203, 9.756674, 9.773484, 9.789726, 9.806436, 9.823210, 9.841292, 9.856574, 9.873979, 9.889944, 9.906709, 9.923779, 9.940629, 9.956809, 9.973558, 9.990035, 10.006726, 10.023408, 10.040118, 10.056829, 10.073473, 10.091369, 10.108525, 10.123698, 10.140639, 10.156916, 10.174700, 10.190358, 10.206808, 10.223467, 10.240057, 10.257361, 10.274622, 10.290363, 10.306863, 10.323530, 10.344565, 10.363337, 10.380009, 10.393705, 10.406964, 10.424121, 10.440311, 10.456954, 10.473600, 10.490254, 10.506989, 10.524251, 10.540446, 10.556999, 10.573719, 10.590325, 10.608393, 10.623693, 10.640725, 10.657158, 10.674369, 10.690543, 10.707413, 10.724036, 10.740699, 10.757360, 10.774060, 10.790806, 10.810970, 10.824304, 10.840914, 10.859404, 10.874348, 10.891011, 10.908327, 10.924515, 10.941628, 10.958447, 10.974558, 10.991079, 11.007697, 11.024342, 11.040839, 11.057608, 11.074243, 11.090875, 11.109422, 11.124333, 11.141416, 11.158086, 11.174302, 11.190839, 11.208191, 11.224351, 11.240936, 11.257578, 11.274307, 11.290918, 11.307624, 11.324333, 11.341658, 11.359468, 11.374488, 11.391777, 11.408001, 11.424495, 11.441145, 11.457827, 11.474492, 11.491187, 11.507842, 11.524543, 11.541825, 11.557962, 11.574520, 11.591213, 11.609345, 11.624483, 11.641328, 11.658115, 11.674926, 11.691111, 11.707653, 11.724292, 11.740918, 11.758205, 11.774367, 11.790983, 11.807632, 11.824386, 11.841037, 11.857716, 11.876370, 11.891077, 11.907662, 11.924375, 11.942593, 11.957744, 11.974346, 11.991028, 12.008418, 12.024523, 12.041079, 12.057763, 12.074414, 12.091104, 12.107826, 12.126279, 12.141863, 12.157846, 12.174493, 12.191170, 12.209397, 12.225191, 12.241324, 12.257905, 12.274615, 12.291244, 12.307916, 12.324631, 12.341297, 12.358035, 12.376238, 12.391920, 12.408016, 12.424670, 12.441377, 12.458037, 12.474744, 12.491429, 12.508041, 12.524777, 12.541459, 12.558768, 12.578490, 12.591544, 12.608188, 12.626260, 12.642269, 12.658298, 12.675600, 12.691788, 12.708362, 12.725068, 12.741738, 12.758515, 12.775192, 12.792012, 12.808726, 12.825478, 12.842327, 12.858818, 12.877925, 12.893265, 12.908964, 12.925559, 12.942217, 12.958904, 12.975603, 12.992198, 13.008834, 13.025593, 13.042305, 13.058907, 13.075589, 13.092342, 13.108978, 13.127205, 13.142787, 13.158947, 13.175635, 13.192295, 13.208952, 13.225605, 13.242319, 13.258964, 13.276281, 13.292480, 13.309107, 13.325759, 13.342540, 13.359182, 13.378239, 13.393333, 13.409477, 13.426027, 13.442746, 13.459415, 13.476729, 13.492831, 13.509473, 13.526115, 13.542745, 13.559513, 13.576166, 13.592830, 13.609563, 13.628232, 13.642893, 13.659444, 13.676152, 13.692851, 13.709452, 13.726163, 13.742807, 13.759452, 13.776189, 13.792875, 13.809498, 13.827849, 13.843038, 13.859596, 13.878805, 13.893205, 13.909918, 13.926689, 13.943311, 13.959986, 13.976623, 13.993298, 14.011598, 14.026665, 14.043428, 14.061057, 14.077010, 14.094299, 14.110545, 14.128354, 14.147662, 14.160397, 14.177061, 14.193707, 14.210429, 14.227053, 14.243734, 14.260423, 14.277138, 14.293709, 14.310345, 14.327152, 14.343698, 14.360912, 14.379180, 14.393759, 14.410415, 14.427121, 14.443809, 14.461126, 14.477011, 14.493633, 14.510155, 14.526906, 14.543575, 14.560250, 14.577028, 14.593583, 14.610909, 14.629002, 14.643724, 14.660404, 14.677070, 14.693660, 14.710376, 14.727056, 14.744372, 14.760571, 14.777126, 14.793752, 14.810375, 14.827078, 14.843646, 14.860735, 14.876900, 14.895214, 14.910262, 14.926900, 14.943637, 14.960265, 14.976831, 14.993595, 15.010269, 15.026899, 15.043645, 15.061010, 15.077310, 15.093978, 15.110747, 15.127409, 15.146176, 15.160718, 15.177356, 15.193894, 15.210574, 15.227075, 15.243727, 15.260354, 15.277059, 15.293693, 15.310326, 15.327702, 15.343965, 15.361011, 15.377534, 15.396149, 15.410952, 15.427678, 15.444351, 15.460947, 15.477645, 15.496537, 15.511236, 15.527756, 15.544343, 15.561053, 15.577825, 15.594542, 15.611080, 15.627796, 15.646175, 15.661107, 15.677762, 15.694460, 15.711078, 15.729329, 15.744437, 15.761115, 15.778474, 15.794603, 15.812055, 15.828042, 15.844566, 15.861422, 15.877826, 15.896186, 15.911219, 15.927895, 15.944549, 15.961934, 15.978061, 15.994601, 16.013035, 16.028283, 16.044665, 16.061432, 16.078169, 16.095416, 16.111670, 16.132065, 16.146332, 16.161511, 16.178231, 16.194922, 16.212183, 16.228366, 16.245495, 16.261682, 16.278976, 16.295194, 16.311707, 16.328470, 16.345105, 16.362378, 16.378585, 16.396381, 16.411847, 16.428468, 16.445142, 16.461743, 16.478385, 16.495072, 16.511771, 16.528401, 16.545122, 16.562388, 16.578607, 16.595151, 16.611810, 16.628492, 16.647816, 16.661973, 16.678513, 16.695213, 16.711861, 16.728590, 16.745251, 16.761864, 16.778802, 16.795254, 16.811926, 16.828832, 16.845719, 16.861867, 16.878611, 16.897011, 16.911778, 16.928434, 16.944981, 16.962292, 16.978431, 16.995072, 17.011725, 17.028477, 17.045149, 17.062572, 17.078672, 17.095121, 17.111829, 17.128489, 17.147075, 17.161905, 17.178520, 17.195176, 17.211846, 17.228455, 17.245180, 17.261884, 17.278550, 17.295324, 17.311977, 17.329799, 17.345637, 17.362020, 17.378691, 17.397062, 17.412727, 17.429507, 17.445636, 17.462171, 17.478823, 17.495525, 17.512214, 17.528906, 17.547893, 17.562526, 17.579486, 17.595559, 17.612272, 17.628873, 17.647079, 17.662301, 17.678946, 17.695649, 17.712275, 17.728930, 17.746253, 17.762460, 17.779110, 17.795837, 17.815117, 17.829694, 17.845755, 17.862498, 17.879147, 17.897124, 17.912564, 17.929265, 17.945874, 17.962463, 17.979109, 17.995814, 18.012605, 18.029293, 18.045880, 18.062633, 18.079680, 18.095840, 18.112616, 18.132763, 18.148689, 18.162821, 18.179419, 18.196060, 18.212740, 18.229417, 18.246196, 18.262946, 18.279686, 18.296383, 18.313023, 18.329979, 18.346323, 18.363024, 18.379614, 18.398027, 18.412955, 18.429697, 18.446329, 18.463036, 18.479691, 18.496368, 18.513045, 18.529796, 18.546515, 18.563201, 18.580471, 18.597198, 18.613322, 18.630546, 18.648267, 18.663331, 18.680063, 18.696665, 18.714012, 18.730201, 18.746788, 18.763440, 18.780241, 18.796892, 18.814266, 18.830102, 18.846713, 18.863463, 18.880051, 18.898040, 18.913437, 18.930679, 18.946958, 18.963540, 18.980201, 18.996914, 19.013608, 19.031031, 19.047114, 19.063681, 19.080337, 19.097014, 19.113628, 19.130290, 19.149036, 19.163622, 19.180330, 19.196988, 19.213677, 19.230345, 19.246971, 19.263675, 19.280407, 19.297548, 19.314106, 19.330369, 19.347024, 19.363701, 19.380386, 19.399585, 19.413957, 19.430534, 19.447222, 19.463839, 19.480523, 19.497253, 19.514003, 19.530758, 19.547810, 19.564000, 19.580641, 19.597295, 19.614603, 19.630761, 19.649658, 19.664175, 19.680686, 19.698935, 19.714065, 19.730742, 19.747322, 19.764257, 19.780664, 19.797804, 19.814103, 19.830664, 19.847939, 19.864241, 19.880744, 19.899126, 19.914148, 19.930734, 19.947503, 19.965705, 19.980827, 19.998287, 20.015060, 20.031167, 20.048265, 20.064239, 20.080964, 20.097616, 20.114335, 20.131025, 20.149096, 20.164359, 20.181004, 20.197716, 20.215012, 20.231182, 20.247803, 20.264476, 20.285075, 20.298225, 20.314443, 20.331156, 20.347814, 20.364498, 20.381206, 20.399057, 20.414514, 20.431094, 20.447850, 20.464467, 20.481164, 20.498010, 20.514585, 20.531362, 20.547965, 20.564530, 20.581263, 20.597912, 20.614607, 20.631368, 20.649948, 20.664672, 20.681304, 20.698640, 20.714864, 20.731450, 20.748854, 20.765177, 20.782086, 20.798397, 20.814845, 20.831550, 20.848228, 20.864928, 20.881646, 20.899946, 20.914949, 20.931571, 20.948263, 20.964923, 20.981628, 20.998369, 21.015003, 21.031694, 21.048339, 21.064961, 21.081653, 21.098324, 21.115035, 21.131683, 21.149928, 21.165729, 21.181882, 21.198477, 21.215167, 21.231840, 21.248612, 21.265306, 21.283197, 21.299347, 21.315391, 21.332007, 21.348663, 21.365374, 21.382040, 21.399985, 21.415407, 21.432014, 21.449359, 21.465591, 21.482191, 21.498927, 21.515574, 21.532210, 21.548835, 21.565492, 21.582212, 21.598885, 21.615602, 21.632279, 21.651016, 21.665602, 21.682227, 21.698950, 21.715643, 21.732429, 21.749161, 21.765887, 21.782504, 21.799096, 21.816497, 21.832628, 21.850713, 21.865984, 21.882601, 21.900968, 21.915927, 21.932567, 21.949313, 21.967247, 21.982899, 21.999523, 22.016747, 22.032816, 22.049450, 22.066110, 22.084341, 22.099506, 22.116858, 22.133097, 22.151079, 22.166295, 22.182910, 22.199531, 22.216268, 22.232998, 22.249649, 22.266406, 22.283078, 22.299713, 22.316423, 22.333143, 22.349786, 22.367117, 22.383306, 22.401935, 22.416579, 22.437121, 22.449929, 22.466594, 22.483361, 22.500652, 22.517242, 22.533419, 22.550011, 22.566640, 22.583317, 22.599973, 22.616666, 22.633384, 22.651884, 22.666756, 22.683912, 22.700171, 22.716825, 22.733443, 22.750700, 22.767822, 22.783660, 22.800252, 22.816866, 22.834211, 22.850379, 22.866987, 22.883685, 22.901980, 22.916992, 22.934263, 22.950443, 22.967495, 22.984378, 23.002773, 23.019308, 23.036232, 23.050539, 23.066877, 23.083571, 23.100124, 23.116875, 23.133524, 23.151855, 23.166929, 23.183547, 23.200343, 23.216967, 23.233592, 23.250788, 23.267081, 23.283582, 23.300307, 23.316958, 23.333622, 23.350282, 23.367011, 23.383643, 23.402458, 23.417122, 23.433741, 23.450432, 23.467131, 23.483832, 23.501014, 23.518689, 23.533829, 23.550521, 23.567180, 23.583862, 23.600514, 23.617232, 23.633858, 23.651825, 23.667251, 23.683904, 23.700636, 23.717390, 23.736086, 23.750658, 23.767330, 23.783892, 23.801362, 23.821693, 23.834033, 23.850714, 23.867393, 23.884029, 23.901949, 23.917345, 23.934069, 23.950746, 23.967415, 23.984175, 24.000776, 24.017581, 24.034085, 24.050770, 24.067448, 24.084116, 24.100759, 24.117492, 24.134273, 24.152865, 24.167648, 24.184345, 24.201128, 24.217760, 24.234812, 24.251099, 24.267870, 24.284531, 24.301484, 24.318076, 24.334766, 24.351447, 24.368108, 24.385928, 24.403045, 24.418956, 24.435133, 24.451757, 24.468430, 24.485609, 24.501816, 24.518431, 24.535132, 24.551772, 24.568439, 24.585134, 24.601759, 24.618992, 24.635760, 24.653973, 24.668396, 24.685120, 24.701777, 24.718541, 24.735184, 24.751894, 24.768740, 24.785208, 24.801902, 24.818634, 24.835212, 24.851932, 24.868690, 24.885376, 24.903771, 24.918761, 24.935449, 24.952227, 24.969487, 24.986105, 25.002250, 25.018841, 25.036352, 25.052278, 25.068931, 25.086296, 25.102438, 25.119681, 25.135850, 25.156138, 25.169091, 25.185836, 25.202552, 25.219738, 25.235775, 25.252463, 25.269215, 25.285807, 25.302386, 25.319152, 25.337279, 25.352489, 25.369219, 25.385790, 25.402504, 25.420854, 25.435925, 25.453261, 25.469393, 25.486125, 25.502693, 25.519352, 25.539542, 25.552670, 25.569415, 25.585992, 25.602753, 25.619372, 25.636058, 25.652764, 25.670954, 25.686025, 25.702850, 25.719464, 25.736182, 25.752732, 25.769500, 25.786104, 25.802773, 25.819461, 25.835972, 25.852656, 25.869135, 25.885852, 25.902541, 25.920753, 25.935925, 25.953709, 25.969521, 25.986223, 26.002980, 26.019518, 26.036205, 26.052890, 26.069499, 26.086251, 26.102888, 26.119488, 26.136254, 26.152941, 26.171773, 26.186290, 26.202997, 26.219633, 26.236302, 26.252994, 26.269671, 26.286963, 26.303769, 26.319863, 26.336428, 26.353073, 26.369790, 26.386446, 26.403142, 26.421808, 26.437218, 26.454507, 26.470472, 26.486636, 26.503328, 26.519993, 26.536632, 26.553964, 26.570178, 26.586723, 26.603382, 26.620102, 26.636810, 26.653443, 26.673884, 26.686841, 26.703546, 26.720092, 26.736776, 26.753374, 26.770057, 26.786714, 26.804061, 26.820250, 26.836795, 26.853494, 26.871793, 26.886852, 26.903536, 26.920261, 26.938785, 26.953890, 26.970413, 26.986939, 27.003633, 27.022302, 27.036936, 27.054348, 27.070453, 27.087048, 27.103697, 27.120375, 27.137039, 27.153785, 27.170502, 27.188827, 27.204087, 27.220226, 27.236893, 27.253489, 27.270123, 27.286688, 27.303401, 27.320154, 27.336711, 27.353370, 27.370140, 27.386758, 27.403465, 27.420239, 27.438608, 27.454022, 27.470220, 27.486880, 27.504661, 27.520532, 27.537116, 27.553772, 27.571332, 27.588966, 27.606451, 27.625711, 27.654065, 27.671948, 27.690845, 27.708001, 27.722741, 27.735704, 27.747610, 27.759599, 27.771410, 27.787241, 27.803912, 27.821325, 27.837449, 27.854035, 27.870687, 27.887325, 27.904054, 27.920842, 27.937359, 27.955831, 27.970732, 27.987408, 28.004150, 28.020727, 28.037339, 28.054085, 28.070810, 28.087460, 28.104139, 28.120889, 28.137536, 28.154975, 28.171186, 28.187728, 28.206695, 28.221196, 28.237790, 28.254488, 28.271181, 28.287852, 28.304537, 28.321136, 28.338414, 28.354614, 28.371765, 28.387812, 28.404411, 28.421065, 28.438103, 28.454307, 28.472750, 28.487609, 28.504245, 28.520891, 28.537560, 28.554170, 28.571437, 28.587629, 28.604183, 28.620864, 28.637590, 28.654383, 28.673052, 28.687661, 28.704314, 28.722700, 28.737653, 28.754966, 28.771160, 28.787697, 28.804343, 28.821039, 28.837740, 28.854403, 28.871114, 28.888414, 28.904624, 28.921274, 28.938451, 28.954518, 28.972682, 28.987859, 29.004526, 29.022793, 29.037907, 29.054597, 29.071237, 29.087923, 29.104566, 29.121320, 29.137890, 29.154678, 29.171341, 29.187956, 29.204638, 29.222616, 29.238004, 29.258553, 29.271302, 29.288714, 29.304701, 29.321362, 29.338100, 29.354696, 29.371423, 29.388208, 29.404825, 29.421536, 29.438177, 29.454903, 29.473683, 29.488204, 29.504862, 29.521614, 29.538247, 29.554963, 29.571693, 29.588341, 29.605043, 29.621696, 29.638773, 29.655072, 29.672240, 29.688377, 29.705038, 29.723625, 29.738315, 29.755026, 29.771726, 29.788427, 29.805072, 29.821756, 29.839052, 29.855226, 29.871869, 29.888587, 29.905304, 29.922476, 29.938622, 29.955217, 29.973697, 29.988568, 30.005214, 30.021908, 30.038547, 30.055117, 30.071846, 30.088489, 30.105787, 30.121982, 30.138987, 30.155955, 30.172479, 30.188693, 30.205349, 30.223629, 30.238709, 30.255364, 30.272050, 30.288662, 30.305400, 30.322038, 30.338713, 30.355372, 30.372054, 30.389386, 30.405727, 30.422581, 30.438868, 30.455555, 30.473675, 30.488883, 30.505564, 30.522234, 30.538942, 30.555597, 30.572275, 30.588924, 30.605544, 30.622919, 30.639384, 30.655699, 30.672807, 30.688993, 30.705701, 30.723604, 30.739051, 30.755699, 30.772392, 30.789049, 30.805753, 30.822436, 30.839096, 30.855743, 30.872400, 30.889132, 30.905866, 30.922453, 30.939133, 30.955865, 30.974545, 30.989306, 31.005975, 31.022827, 31.039528, 31.056371, 31.072952, 31.089586, 31.106293, 31.123059, 31.140980, 31.156655, 31.173245, 31.189928, 31.206542, 31.224616, 31.240033, 31.256606, 31.273373, 31.290087, 31.306615, 31.323932, 31.340088, 31.356587, 31.373281, 31.390754, 31.406840, 31.423453, 31.441728, 31.456862, 31.475620, 31.490170, 31.506844, 31.523552, 31.540245, 31.556940, 31.574440, 31.590719, 31.608078, 31.624264, 31.641351, 31.658893, 31.674074, 31.690569, 31.707230, 31.725678, 31.740701, 31.757365, 31.774318, 31.790716, 31.807326, 31.824064, 31.840540, 31.857269, 31.873904, 31.890742, 31.907633, 31.924412, 31.940978, 31.957686, 31.975527, 31.994827, 32.007582, 32.024212, 32.040696, 32.057291, 32.074600, 32.090796, 32.107537, 32.124151, 32.141373, 32.157606, 32.174125, 32.190752, 32.207555, 32.224156, 32.242557, 32.257489, 32.274068, 32.290699, 32.307448, 32.324077, 32.340723, 32.357511, 32.374213, 32.391245, 32.407483, 32.424780, 32.440970, 32.457643, 32.474259, 32.492559, 32.507823, 32.524403, 32.541272, 32.557940, 32.574671, 32.591409, 32.608058, 32.624895, 32.641850, 32.657963, 32.674683, 32.691403, 32.708017, 32.724709, 32.743526, 32.758127, 32.774702, 32.791415, 32.808880, 32.825039, 32.841755, 32.858365, 32.875657, 32.892002, 32.908954, 32.925220, 32.941579, 32.958384, 32.974960, 32.993646, 33.008898, 33.025099, 33.041554, 33.058319, 33.074998, 33.092418, 33.109045, 33.125678, 33.142228, 33.158208, 33.174891, 33.191423, 33.208143, 33.224745, 33.241391, 33.259646, 33.274750, 33.291414, 33.308061, 33.324752, 33.343090, 33.359223, 33.375008, 33.391596, 33.408261, 33.424938, 33.441536, 33.458270, 33.475075, 33.491714, 33.510619, 33.525225, 33.541897, 33.558640, 33.575181, 33.591897, 33.610356, 33.625285, 33.642041, 33.658660, 33.675344, 33.692064, 33.708728, 33.725266, 33.742055, 33.760482, 33.775342, 33.791987, 33.808512, 33.825280, 33.841840, 33.858508, 33.875731, 33.891907, 33.908335, 33.925009, 33.942158, 33.962270, 33.974968, 33.991608, 34.008882, 34.026670, 34.041722, 34.058357, 34.075068, 34.091738, 34.108514, 34.125484, 34.141781, 34.158417, 34.175142, 34.191772, 34.208432, 34.225054, 34.241777, 34.258422, 34.276452, 34.292441, 34.308645, 34.325231, 34.342002, 34.359256, 34.375498, 34.391992, 34.408671, 34.425361, 34.441987, 34.458668, 34.475313, 34.491995, 34.508652, 34.527478, 34.542027, 34.558696, 34.575347, 34.592026, 34.608759, 34.625362, 34.642114, 34.658738, 34.675468, 34.692114, 34.708896, 34.725596, 34.742249, 34.758969, 34.777429, 34.792374, 34.809723, 34.825858, 34.842638, 34.859093, 34.875816, 34.892459, 34.909139, 34.925821, 34.942471, 34.959172, 34.975913, 34.993216, 35.009288, 35.027488, 35.042521, 35.059238, 35.076036, 35.092641, 35.109867, 35.126035, 35.142738, 35.159400, 35.176104, 35.192729, 35.209385, 35.226079, 35.242727, 35.259380, 35.277437, 35.292753, 35.309452, 35.326147, 35.343080, 35.360047, 35.376469, 35.393263, 35.409808, 35.426536, 35.443182, 35.459895, 35.476587, 35.493203, 35.509926, 35.528435, 35.543300, 35.560645, 35.576872, 35.594046, 35.610617, 35.626838, 35.643553, 35.660219, 35.676891, 35.693521, 35.710257, 35.726959, 35.743544, 35.760240, 35.778415, 35.793559, 35.810297, 35.827018, 35.843658, 35.860321, 35.877034, 35.893647, 35.910306, 35.926982, 35.943673, 35.960358, 35.976972, 35.993659, 36.010378, 36.028341, 36.043742, 36.060485, 36.079093, 36.094329, 36.110486, 36.127139, 36.143866, 36.160503, 36.177192, 36.194431, 36.210717, 36.227294, 36.243948, 36.261260, 36.279643, 36.294079, 36.310794, 36.327473, 36.345733, 36.360800, 36.377503, 36.394808, 36.410899, 36.427566, 36.444853, 36.461057, 36.477557, 36.494259, 36.510961, 36.529648, 36.544389, 36.561071, 36.578169, 36.594808, 36.611003, 36.627726, 36.644338, 36.663017, 36.677672, 36.694236, 36.710973, 36.727705, 36.744984, 36.761157, 36.779522, 36.794638, 36.812120, 36.828265, 36.844707, 36.861416, 36.878688, 36.894859, 36.911566, 36.928166, 36.944864, 36.961412, 36.978133, 36.994810, 37.011456, 37.029527, 37.044790, 37.061562, 37.078725, 37.094800, 37.111499, 37.128149, 37.144938, 37.161552, 37.178270, 37.194865, 37.211561, 37.228285, 37.245055, 37.261674, 37.280341, 37.295448, 37.311934, 37.329743, 37.345554, 37.362778, 37.378986, 37.395610, 37.412292, 37.428984, 37.446216, 37.462403, 37.479028, 37.495721, 37.512325, 37.530482, 37.546357, 37.562440, 37.579478, 37.595710, 37.613031, 37.629185, 37.645884, 37.662398, 37.679167, 37.695844, 37.712452, 37.729799, 37.745999, 37.762504, 37.780471, 37.795921, 37.812653, 37.830805, 37.845870, 37.862493, 37.879160, 37.895893, 37.912558, 37.929868, 37.946005, 37.962567, 37.979263, 37.997559, 38.012631, 38.031381, 38.046121, 38.063149, 38.079326, 38.095979, 38.112678, 38.129323, 38.146082, 38.162647, 38.179378, 38.196035, 38.212728, 38.233454, 38.246111, 38.262742, 38.281366, 38.296184, 38.312819, 38.330298, 38.346253, 38.362874, 38.380273, 38.396482, 38.413064, 38.429850, 38.447337, 38.463558, 38.480100, 38.496895, 38.513521, 38.531483, 38.547032, 38.563979, 38.580269, 38.596945, 38.613561, 38.630215, 38.646983, 38.663548, 38.680223, 38.696927, 38.713602, 38.730223, 38.746926, 38.764507, 38.783493, 38.797620, 38.813755, 38.831956, 38.847102, 38.863701, 38.881085, 38.897165, 38.913828, 38.931985, 38.947773, 38.964068, 38.980623, 38.997278, 39.018271, 39.030680, 39.049366, 39.064157, 39.080462, 39.097731, 39.114048, 39.130474, 39.147269, 39.163967, 39.180615, 39.197360, 39.214067, 39.230648, 39.247388, 39.264066, 39.280734, 39.299337, 39.314227, 39.330951, 39.347704, 39.364364, 39.381056, 39.397746, 39.414432, 39.431041, 39.447739, 39.464458, 39.481047, 39.497707, 39.514420, 39.531742, 39.551467, 39.564535, 39.581112, 39.598536, 39.616265, 39.631357, 39.648107, 39.664676, 39.681370, 39.698584, 39.714854, 39.731386, 39.748170, 39.769193, 39.781634, 39.798447, 39.816401, 39.831432, 39.848157, 39.864749, 39.881371, 39.898159, 39.914625, 39.931276, 39.947852, 39.965205, 39.981443, 39.998050, 40.014901, 40.031499, 40.048332, 40.064721, 40.083335, 40.098017, 40.116393, 40.131471, 40.148232, 40.164902, 40.182863, 40.198095, 40.214827, 40.231702, 40.248239, 40.265205, 40.281586, 40.298614, 40.314845, 40.333293, 40.348213, 40.364999, 40.381592, 40.398357, 40.414939, 40.431681, 40.448952, 40.465207, 40.481893, 40.498636, 40.515194, 40.533090, 40.548637, 40.565331, 40.583365, 40.598595, 40.615310, 40.631932, 40.648524, 40.665211, 40.681901, 40.698627, 40.715307, 40.731997, 40.748685, 40.765832, 40.782787, 40.798699, 40.815443, 40.833257, 40.848709, 40.865424, 40.882080, 40.898720, 40.915528, 40.932226, 40.949434, 40.965639, 40.982881, 40.999105, 41.016212, 41.032410, 41.048966, 41.065673, 41.087396, 41.099282, 41.115818, 41.132496, 41.149217, 41.165712, 41.183096, 41.198952, 41.215508, 41.232463, 41.248845, 41.265793, 41.282355, 41.299005, 41.315726, 41.332397, 41.352351, 41.365650, 41.382263, 41.398771, 41.415478, 41.431938, 41.448614, 41.466366, 41.482078, 41.498782, 41.515976, 41.531925, 41.548667, 41.565214, 41.581900, 41.598606, 41.617195, 41.632076, 41.648653, 41.665290, 41.681970, 41.698654, 41.715329, 41.732100, 41.749399, 41.766068, 41.782230, 41.798832, 41.819501, 41.832164, 41.848888, 41.867259, 41.882216, 41.898895, 41.916190, 41.932389, 41.949049, 41.965869, 41.982718, 41.999826, 42.016660, 42.032573, 42.049462, 42.066700, 42.082900, 42.100200, 42.118454, 42.132748, 42.149524, 42.165985, 42.182822, 42.199401, 42.216224, 42.232756, 42.250061, 42.267311, 42.282861, 42.299479, 42.316121, 42.332841, 42.349431, 42.368250, 42.382904, 42.399787, 42.417047, 42.433222, 42.449721, 42.466492, 42.483218, 42.499933, 42.516833, 42.534654, 42.549862, 42.567151, 42.584059, 42.600064, 42.618393, 42.633317, 42.651476, 42.666643, 42.683511, 42.704407, 42.716866, 42.733409, 42.750479, 42.767171, 42.783268, 42.799933, 42.816717, 42.834472, 42.850292, 42.868243, 42.883494, 42.900035, 42.916836, 42.933546, 42.950379, 42.967333, 42.983423, 42.999933, 43.016943, 43.033238, 43.050602, 43.066687, 43.083298, 43.099973, 43.118176, 43.133280, 43.150096, 43.166699, 43.183476, 43.200260, 43.216819, 43.233558, 43.250210, 43.266812, 43.283431, 43.300193, 43.316792, 43.333535, 43.350158, 43.368130, 43.383582, 43.400176, 43.417487, 43.433669, 43.450400, 43.466971, 43.484175, 43.500945, 43.517737, 43.533967, 43.550462, 43.567080, 43.583771, 43.600284, 43.617396, 43.636432, 43.650037, 43.666628, 43.683878, 43.699915, 43.716575, 43.733197, 43.750340, 43.766429, 43.783021, 43.799701, 43.816382, 43.833015, 43.849647, 43.866293, 43.882993, 43.901176, 43.916410, 43.933094, 43.949816, 43.966622, 43.983175, 44.000265, 44.018088, 44.033255, 44.049939, 44.066884, 44.083268, 44.099984, 44.116662, 44.133285, 44.152175, 44.166612, 44.183381, 44.200795, 44.217948, 44.233853, 44.250770, 44.266899, 44.283581, 44.300106, 44.316583, 44.333316, 44.349876, 44.366542, 44.383141, 44.405349, 44.416517, 44.433145, 44.449707, 44.466529, 44.483146, 44.499960, 44.516493, 44.533258, 44.550048, 44.566929, 44.583708, 44.600367, 44.617198, 44.633883, 44.650790, 44.669270, 44.684126, 44.700954, 44.717572, 44.735424, 44.750988, 44.767632, 44.784282, 44.800942, 44.817731, 44.834368, 44.851009, 44.867708, 44.884338, 44.900981, 44.919212, 44.934398, 44.950986, 44.968443, 44.984949, 45.001140, 45.017799, 45.034437, 45.051240, 45.067869, 45.084509, 45.101206, 45.117806, 45.134463, 45.151292, 45.169175, 45.184571, 45.201271, 45.218514, 45.235189, 45.251294, 45.267984, 45.284624, 45.301354, 45.318646, 45.334878, 45.351409, 45.368081, 45.385485, 45.401584, 45.420340, 45.434843, 45.451316, 45.467900, 45.484823, 45.500902, 45.517543, 45.534173, 45.550845, 45.567486, 45.584200, 45.600823, 45.617516, 45.634191, 45.651504, 45.667647, 45.686096, 45.701018, 45.717683, 45.734274, 45.750956, 45.767895, 45.784342, 45.801039, 45.817791, 45.834414, 45.851041, 45.867709, 45.884379, 45.901037, 45.917695, 45.936164, 45.952123, 45.967826, 45.984517, 46.001795, 46.018026, 46.034583, 46.051289, 46.067951, 46.084641, 46.101312, 46.117988, 46.135347, 46.151511, 46.168070, 46.186193, 46.201550, 46.218605, 46.234701, 46.251430, 46.268072, 46.284765, 46.301513, 46.318097, 46.334873, 46.351508, 46.368195, 46.385538, 46.401667, 46.418264, 46.436191, 46.451652, 46.468277, 46.485076, 46.501874, 46.518803, 46.535490, 46.553015, 46.569222, 46.585892, 46.603294, 46.620187, 46.636132, 46.652875, 46.670377, 46.688367, 46.703189, 46.719748, 46.737838, 46.753110, 46.769733, 46.786501, 46.803064, 46.819666, 46.836318, 46.853062, 46.869715, 46.886335, 46.902994, 46.920347, 46.939877, 46.953611, 46.969829, 46.986481, 47.003197, 47.019836, 47.036550, 47.053227, 47.069815, 47.086517, 47.103283, 47.119891, 47.136564, 47.153245, 47.169797, 47.192763, 47.204064, 47.219805, 47.237043, 47.253285, 47.269871, 47.286194, 47.302911, 47.319333, 47.335991, 47.352609, 47.369293, 47.385969, 47.403314, 47.419535, 47.436164, 47.455093, 47.470188, 47.486146, 47.502792, 47.519473, 47.536204, 47.552882, 47.569523, 47.586837, 47.603521, 47.619571, 47.635968, 47.652678, 47.669396, 47.686045, 47.705022, 47.719888, 47.735791, 47.752280, 47.768808, 47.785464, 47.802158, 47.818806, 47.835425, 47.852093, 47.868789, 47.885463, 47.902139, 47.918849, 47.935518, 47.952644, 47.971014, 47.985911, 48.002563, 48.019221, 48.035906, 48.052609, 48.069286, 48.086665, 48.102780, 48.119383, 48.136043, 48.152756, 48.169517, 48.186298, 48.203029, 48.221688, 48.236325, 48.252865, 48.269608, 48.286256, 48.303556, 48.319726, 48.336320, 48.353000, 48.369689, 48.386370, 48.403101, 48.419744, 48.436366, 48.453021, 48.471019, 48.486327, 48.503019, 48.519687, 48.536354, 48.553043, 48.569706, 48.586407, 48.603069, 48.619748, 48.636448, 48.653157, 48.669971, 48.687128, 48.703338, 48.721020, 48.736687, 48.753327, 48.770189, 48.786924, 48.803517, 48.820310, 48.836925, 48.853601, 48.870347, 48.886988, 48.903662, 48.920436, 48.936976, 48.953730, 48.971922, 48.986961, 49.003744, 49.020329, 49.036997, 49.053766, 49.070447, 49.087068, 49.103857, 49.120515, 49.137273, 49.154012, 49.170608, 49.187886, 49.204724, 49.222137, 49.237459, 49.254166, 49.270848, 49.287537, 49.304248, 49.321529, 49.337756, 49.354293, 49.370998, 49.387670, 49.404273, 49.421375, 49.437716, 49.454317, 49.472986, 49.487651, 49.504302, 49.521011, 49.537586, 49.554285, 49.571003, 49.587681, 49.604361, 49.621060, 49.638142, 49.654606, 49.671393, 49.687921, 49.704681, 49.722927, 49.737935, 49.754632, 49.771264, 49.789521, 49.804670, 49.821408, 49.837998, 49.854685, 49.872101, 49.888255, 49.904893, 49.922176, 49.938463, 49.954991, 49.972969, 49.988367, 50.005047, 50.021751, 50.038385, 50.055111, 50.072456, 50.090184, 50.105197, 50.121946, 50.139008, 50.155618, 50.172337, 50.188566, 50.205240, 50.223995, 50.238574, 50.255273, 50.271992, 50.288591, 50.305248, 50.321958, 50.339281, 50.355436, 50.372138, 50.388744, 50.405385, 50.422620, 50.438653, 50.455442, 50.473952, 50.492694, 50.505476, 50.522124, 50.538764, 50.556153, 50.572305, 50.588869, 50.605509, 50.622908, 50.639504, 50.655716, 50.672512, 50.689015, 50.705743, 50.724003, 50.739747, 50.755875, 50.773240, 50.789384, 50.805967, 50.822592, 50.839235, 50.855933, 50.872625, 50.889342, 50.905976, 50.922654, 50.939286, 50.955990, 50.973928, 50.989310, 51.005948, 51.022655, 51.039309, 51.055977, 51.072622, 51.089242, 51.105881, 51.122552, 51.139547, 51.155792, 51.172386, 51.189060, 51.205784, 51.222394, 51.240867, 51.255776, 51.272461, 51.289115, 51.305789, 51.322467, 51.339167, 51.355844, 51.372547, 51.389319, 51.406264, 51.422545, 51.439208, 51.455877, 51.472606, 51.490818, 51.505965, 51.522610, 51.539326, 51.555983, 51.572684, 51.589336, 51.606063, 51.622749, 51.639702, 51.656070, 51.672650, 51.689297, 51.706134, 51.722644, 51.741459, 51.756252, 51.772811, 51.789502, 51.806184, 51.822860, 51.840196, 51.856551, 51.873187, 51.890434, 51.906792, 51.923412, 51.939998, 51.956705, 51.973328, 51.991943, 52.006737, 52.023411, 52.040077, 52.056753, 52.073361, 52.090052, 52.106821, 52.124095, 52.140979, 52.156829, 52.173490, 52.192413, 52.209462, 52.223606, 52.241995, 52.256935, 52.273665, 52.290388, 52.306983, 52.323594, 52.340265, 52.356916, 52.373671, 52.390754, 52.406917, 52.423572, 52.440234, 52.458423, 52.473641, 52.491833, 52.506966, 52.523612, 52.540288, 52.556958, 52.573631, 52.590277, 52.607661, 52.624440, 52.641066, 52.657113, 52.677762, 52.690493, 52.707168, 52.723891, 52.742580, 52.757373, 52.774187, 52.790622, 52.807282, 52.823964, 52.840683, 52.857326, 52.873982, 52.891011, 52.908332, 52.924215, 52.940699, 52.957388, 52.974715, 52.992081, 53.007470, 53.024137, 53.040780, 53.057480, 53.074158, 53.090831, 53.107567, 53.124330, 53.141229, 53.157716, 53.174355, 53.190981, 53.207690, 53.224381, 53.242824, 53.257694, 53.274327, 53.291051, 53.308452, 53.324450, 53.341210, 53.357826, 53.374990, 53.391207, 53.407804, 53.424527, 53.441190, 53.457701, 53.475536, 53.493074, 53.507653, 53.524241, 53.540887, 53.557608, 53.574287, 53.591139, 53.607715, 53.624967, 53.641109, 53.657656, 53.674419, 53.691048, 53.707625, 53.724335, 53.742784, 53.757637, 53.774379, 53.791065, 53.807723, 53.824489, 53.841242, 53.857815, 53.874928, 53.891195, 53.907811, 53.924504, 53.941172, 53.957913, 53.974517, 53.992803, 54.007833, 54.024579, 54.041249, 54.057910, 54.074591, 54.092041, 54.108254, 54.125898, 54.141643, 54.158229, 54.174962, 54.191543, 54.208256, 54.224994, 54.242872, 54.258278, 54.274949, 54.291647, 54.308297, 54.324965, 54.341690, 54.358526, 54.374961, 54.391625, 54.408326, 54.425035, 54.441656, 54.458345, 54.475022, 54.493755, 54.508410, 54.525062, 54.541730, 54.560165, 54.575305, 54.592182, 54.608997, 54.625707, 54.643094, 54.659920, 54.676047, 54.692650, 54.709282, 54.725970, 54.743849, 54.760831, 54.776031, 54.792702, 54.810209, 54.826201, 54.842835, 54.859899, 54.876037, 54.892714, 54.909237, 54.925885, 54.942353, 54.959031, 54.976374, 54.992518, 55.010811, 55.025704, 55.042153, 55.058841, 55.075604, 55.096193, 55.109256, 55.125621, 55.142305, 55.159567, 55.176382, 55.192477, 55.209022, 55.226310, 55.242501, 55.260868, 55.275780, 55.292423, 55.309160, 55.325919, 55.342798, 55.359738, 55.376012, 55.392564, 55.409253, 55.425925, 55.442504, 55.459302, 55.475965, 55.492601, 55.510860, 55.526639, 55.542782, 55.559464, 55.576081, 55.592779, 55.609411, 55.626056, 55.642794, 55.659419, 55.676081, 55.692734, 55.709404, 55.726107, 55.742738, 55.760759, 55.776029, 55.792712, 55.810256, 55.826160, 55.843308, 55.859400, 55.876055, 55.892726, 55.909373, 55.926102, 55.942794, 55.960099, 55.976287, 55.992870, 56.010838, 56.026214, 56.042931, 56.059762, 56.076985, 56.093146, 56.109699, 56.126404, 56.143168, 56.160324, 56.176509, 56.193084, 56.210428, 56.226533, 56.243731, 56.263198, 56.276777, 56.293335, 56.309984, 56.326707, 56.343336, 56.359980, 56.376634, 56.393347, 56.409947, 56.427296, 56.443467, 56.459941, 56.476575, 56.493242, 56.511772, 56.526603, 56.543233, 56.559970, 56.576715, 56.593242, 56.609958, 56.626664, 56.643318, 56.660642, 56.676849, 56.693390, 56.711550, 56.726759, 56.743396, 56.761743, 56.776823, 56.793501, 56.810159, 56.827361, 56.843518, 56.860161, 56.876805, 56.893447, 56.910120, 56.926826, 56.943534, 56.960179, 56.976811, 56.993555, 57.011672, 57.028511, 57.043659, 57.061462, 57.077713, 57.093756, 57.110366, 57.127090, 57.143807, 57.164363, 57.177095, 57.193771, 57.210479, 57.227139, 57.243874, 57.261737, 57.277165, 57.293756, 57.310542, 57.327651, 57.343825, 57.360505, 57.377141, 57.393897, 57.410498, 57.427254, 57.443900, 57.460527, 57.477244, 57.493975, 57.512719, 57.527359, 57.544072, 57.560664, 57.577777, 57.594048, 57.610619, 57.627289, 57.643996, 57.660635, 57.677335, 57.694001, 57.710648, 57.727320, 57.743954, 57.762692, 57.778029, 57.794240, 57.811363, 57.827891, 57.844131, 57.861447, 57.877590, 57.894192, 57.910853, 57.927580, 57.944228, 57.960925, 57.977623, 57.994198, 58.012742, 58.027562, 58.044250, 58.061047, 58.077773, 58.094890, 58.111161, 58.127696, 58.144414, 58.161106, 58.177744, 58.194417, 58.211113, 58.227773, 58.244436, 58.262724, 58.277889, 58.294510, 58.311062, 58.327804, 58.344404, 58.361121, 58.378406, 58.394636, 58.411233, 58.427852, 58.444545, 58.461265, 58.477902, 58.494607, 58.512719, 58.527992, 58.544655, 58.561292, 58.577978, 58.594582, 58.611251, 58.627953, 58.644637, 58.661264, 58.677889, 58.694554, 58.711245, 58.727961, 58.744610, 58.762628, 58.778058, 58.794764, 58.811353, 58.828005, 58.845347, 58.861565, 58.878150, 58.894858, 58.911497, 58.928178, 58.944826, 58.961502, 58.978207, 58.994883, 59.013757, 59.028918, 59.045122, 59.061730, 59.078960, 59.095059, 59.111656, 59.128331, 59.145111, 59.161762, 59.178392, 59.195057, 59.211732, 59.228388, 59.245039, 59.263733, 59.278604, 59.295683, 59.312162, 59.328824, 59.345467, 59.362192, 59.378912, 59.395606, 59.412267, 59.429605, 59.446363, 59.462519, 59.479078, 59.495756, 59.513846, 59.529177, 59.546346, 59.562481, 59.579142, 59.595784, 59.614016, 59.629178, 59.645886, 59.662494, 59.679181, 59.695779, 59.712540, 59.729154, 59.745912, 59.764626, 59.780031, 59.796619, 59.812883, 59.829436, 59.846150, 
12, 20, 2, 7.340982, 7.340982, 7.340982, 7.340982, 7.375660, 7.429507, 7.493542, 7.577593, 7.674162, 7.786999, 7.908597, 8.044660, 8.219926, 8.498813, 8.805102, 9.139976, 9.498504, 9.880269, 10.292641, 10.700933, 11.135195, 11.574831, 11.998357, 12.408597, 12.730903, 13.025619, 13.277821, 13.483735, 13.655041, 13.772322, 13.828746, 13.846581, 13.819810, 13.746612, 13.626272, 13.470279, 13.300302, 13.087694, 12.857149, 12.597591, 12.325729, 12.041205, 11.744732, 11.426195, 11.120283, 10.812471, 10.508113, 10.025842, 9.923291, 9.653540, 9.373856, 9.092737, 8.841961, 8.597348, 8.337915, 8.069014, 7.817484, 7.556187, 7.310083, 6.900028, 6.814792, 6.584327, 6.354061, 5.918423, 5.864201, 5.622534, 5.222461, 5.121775, 4.868262, 4.430619, 4.359061, 3.906350, 3.654963, 3.580094, 3.140469, 2.869680, 2.793291, 2.378384, 2.141916, 1.911300, 1.701985, 1.516983, 1.351618, 1.207032, 1.074281, 0.938565, 0.784102, 0.618775, 0.445852, 0.264467, 0.084857, 0.097045, 0.286796, 0.486584, 0.681543, 0.870825, 1.073257, 1.272984, 1.469342, 1.675022, 1.884785, 2.088706, 2.291548, 2.468630, 2.637184, 2.779300, 2.896562, 3.004102, 3.071838, 3.118617, 3.136643, 3.111389, 3.061165, 2.972760, 2.892140, 2.794403, 2.682531, 2.580125, 2.475168, 2.376230, 2.284196, 2.194664, 2.174469, 2.143561, 2.142948, 2.147137, 2.150842, 2.177609, 2.202908, 2.224601, 2.242325, 2.257811, 2.269350, 2.289258, 2.324308, 2.324131, 2.327309, 2.326735, 2.362209, 2.307706, 2.318406, 2.304157, 2.272515, 2.222150, 2.129169, 1.994422, 1.850385, 1.705090, 1.559670, 1.413673, 1.268939, 1.121018, 0.977636, 0.831998, 0.687934, 0.544191, 0.402612, 0.269194, 0.177725, 0.102117, 0.046971, 0.000331, 0.013458, 0.029726, 0.004140, 0.015990, 0.036098, 0.031620, 0.183025, 0.298329, 0.418936, 0.542531, 0.680852, 0.820982, 0.970116, 1.119863, 1.250434, 1.363283, 1.485725, 1.611467, 1.740914, 1.837968, 1.935243, 2.001688, 2.033679, 2.052714, 2.043701, 2.019170, 1.934180, 1.889810, 1.834787, 1.747471, 1.640638, 1.532935, 1.457550, 1.381813, 1.310075, 1.237529, 1.163671, 1.091261, 1.018154, 0.947055, 0.874229, 0.800743, 0.727579, 0.654919, 0.568910, 0.472256, 0.375932, 0.289609, 0.223846, 0.170449, 0.149587, 0.156631, 0.189104, 0.209651, 0.238389, 0.272210, 0.283498, 0.306891, 0.283303, 0.278608, 0.283373, 0.292507, 0.318376, 0.341966, 0.347836, 0.326304, 0.338382, 0.347291, 0.359280, 0.393620, 0.415247, 0.447940, 0.469505, 0.489304, 0.520905, 0.544693, 0.574800, 0.604388, 0.640455, 0.665840, 0.697809, 0.751364, 0.750593, 0.761003, 0.770900, 0.784176, 0.794458, 0.770682, 0.766572, 0.772480, 0.749554, 0.743214, 0.732109, 0.715124, 0.710565, 0.682095, 0.679468, 0.642264, 0.587331, 0.525967, 0.464755, 0.431913, 0.393705, 0.338511, 0.272507, 0.206649, 0.140424, 0.072723, 0.010056, 0.054509, 0.118016, 0.181395, 0.244634, 0.256887, 0.301832, 0.331281, 0.357681, 0.373075, 0.373990, 0.360663, 0.328995, 0.291328, 0.235274, 0.169026, 0.088905, 0.014006, 0.142407, 0.287605, 0.445729, 0.615940, 0.793668, 0.978805, 1.168038, 1.363590, 1.564062, 1.775178, 1.983877, 2.189380, 2.398924, 2.606431, 2.800854, 2.974036, 3.143647, 3.309114, 3.471022, 3.606134, 3.719192, 3.796590, 3.869719, 3.919014, 3.958787, 4.011370, 4.039099, 4.071239, 4.090857, 4.137139, 4.207467, 4.266990, 4.303319, 4.357374, 4.410508, 4.461327, 4.508131, 4.552290, 4.582540, 4.626533, 4.641353, 4.640027, 4.636995, 4.617993, 4.581470, 4.537865, 4.496210, 4.456800, 4.420318, 4.397653, 4.387701, 4.372059, 4.387238, 4.377502, 4.369578, 4.357209, 4.354624, 4.354193, 4.348310, 4.335055, 4.333368, 4.318552, 4.310134, 4.303319, 4.284851, 4.258976, 4.246112, 4.225047, 4.194482, 4.153890, 4.116957, 4.078570, 4.025453, 3.971775, 3.909739, 3.767555, 3.762030, 3.678233, 3.593507, 3.513018, 3.409792, 3.220822, 3.181295, 3.047433, 2.929558, 2.779513, 2.644798, 2.506011, 2.363992, 2.139707, 1.973445, 1.915700, 1.755878, 1.600672, 1.457763, 1.262340, 1.204110, 1.084530, 0.977514, 0.891168, 0.827278, 0.769270, 0.675296, 0.728616, 0.728741, 0.682893, 0.758834, 0.798211, 0.804916, 0.905629, 0.927925, 1.007682, 1.124498, 1.183164, 1.296352, 1.418368, 1.528096, 1.644347, 1.775622, 1.851350, 1.946196, 2.025256, 2.086780, 2.131321, 2.173533, 2.216177, 2.266509, 2.334703, 2.415031, 2.547264, 2.638842, 2.736218, 2.813502, 2.890596, 2.972526, 3.074195, 3.160076, 3.262547, 3.433951, 3.564267, 3.714472, 3.854144, 3.989019, 4.086911, 4.158103, 4.193464, 4.191537, 4.142364, 4.052924, 3.872797, 3.806526, 3.678752, 3.539178, 3.405009, 3.264494, 3.116412, 2.947727, 2.769939, 2.614447, 2.466991, 2.327078, 2.205212, 2.101359, 2.013352, 1.919592, 1.816916, 1.710243, 1.565376, 1.415785, 1.263722, 1.120725, 0.970897, 0.833089, 0.699428, 0.586865, 0.477056, 0.414456, 0.352647, 0.339168, 0.304822, 0.320477, 0.374524, 0.398469, 0.543889, 0.689947, 0.816032, 1.018301, 1.252628, 1.494802, 1.740424, 1.976955, 2.216326, 2.449969, 2.725621, 2.898622, 3.111256, 3.322107, 3.513220, 3.728324, 3.955991, 4.188924, 4.407518, 4.641337, 4.873770, 5.122811, 5.377214, 5.633100, 5.859099, 6.012595, 6.153501, 6.244867, 6.301958, 6.246835, 6.341536, 6.356851, 6.361855, 6.374643, 6.331348, 6.401377, 6.407675, 6.320973, 6.418199, 6.435147, 6.352703, 6.354936, 6.362123, 6.318978, 6.301632, 6.291158, 6.288666, 6.371138, 6.262369, 6.293409, 6.265411, 6.277272, 6.288228, 6.379699, 6.296659, 6.297512, 6.335156, 6.398366, 6.456078, 6.535013, 6.645200, 6.757590, 6.889075, 7.022332, 7.179790, 7.314972, 7.454824, 7.604799, 7.728058, 7.824985, 7.881321, 7.896786, 7.873590, 7.811694, 7.708550, 7.535627, 7.396735, 7.079671, 6.780198, 6.458055, 6.114882, 5.731231, 5.341799, 4.940149, 4.525383, 4.123749, 3.734783, 3.351403, 3.002928, 2.687839, 2.402069, 2.166376, 1.962735, 1.801265, 1.679422, 1.574213, 1.476142, 1.407268, 1.370843, 1.354972, 1.345844, 1.362297, 1.378783, 1.415622, 1.430870, 1.450704, 1.448470, 1.416288, 1.347960, 1.273335, 1.152010, 1.038238, 0.919661, 0.788858, 0.664543, 0.534321, 0.414038, 0.289435, 0.157923, 0.021880, 0.086292, 0.189594, 0.270123, 0.337978, 0.381233, 0.417422, 0.434055, 0.424951, 0.389657, 0.352533, 0.283508, 0.187530, 0.087985, 0.005590, 0.137140, 0.243112, 0.436055, 0.609506, 0.776926, 0.960817, 1.122101, 1.269618, 1.403971, 1.506791, 1.604291, 1.682322, 1.743204, 1.780388, 1.781660, 1.715709, 1.667954, 1.725341, 1.687986, 1.634696, 1.555005, 1.404225, 1.369860, 1.273125, 1.175858, 1.079717, 0.989705, 0.910670, 0.856213, 0.727114, 0.805808, 0.700777, 0.711369, 0.790936, 0.710173, 0.699424, 0.775187, 0.787323, 0.709478, 0.784142, 0.718671, 0.741222, 0.844936, 0.806755, 0.823674, 0.835169, 0.847980, 0.847096, 0.834060, 0.803516, 0.767908, 0.732231, 0.672947, 0.593930, 0.523696, 0.457241, 0.383325, 0.323746, 0.251604, 0.198067, 0.129998, 0.071900, 0.018206, 0.027149, 0.057340, 0.094893, 0.116368, 0.116583, 0.122381, 0.105863, 0.088558, 0.060949, 0.021962, 0.023331, 0.076521, 0.137088, 0.216768, 0.305495, 0.402352, 0.503245, 0.603314, 0.718818, 0.817858, 0.920973, 1.022650, 1.111893, 1.185567, 1.236658, 1.268208, 1.276489, 1.287281, 1.216983, 1.264303, 1.144603, 1.174581, 1.085401, 0.998020, 0.891181, 0.744151, 0.749276, 0.670910, 0.598799, 0.503307, 0.423337, 0.354683, 0.364716, 0.191241, 0.160084, 0.100009, 0.132456, 0.087920, 0.082837, 0.064429, 0.122284, 0.164600, 0.209203, 0.247169, 0.291822, 0.327486, 0.355052, 0.388194, 0.414255, 0.386937, 0.464188, 0.494044, 0.525600, 0.543340, 0.552681, 0.558958, 0.541360, 0.504374, 0.445795, 0.380965, 0.298387, 0.200144, 0.098026, 0.009748, 0.221846, 0.348439, 0.477709, 0.502131, 0.625656, 0.832183, 0.855780, 0.950506, 1.111271, 1.189053, 1.247048, 1.307670, 1.347466, 1.401872, 1.365843, 1.286981, 1.167066, 0.982529, 0.800334, 0.572214, 0.333274, 0.097722, 0.102608, 0.339234, 0.582332, 0.826503, 1.068653, 1.309073, 1.543356, 1.771868, 2.001884, 2.179064, 2.334050, 2.463321, 2.570179, 2.654718, 2.708236, 2.745467, 2.765841, 2.782849, 2.785074, 2.768348, 2.746226, 2.732207, 2.654997, 2.589436, 2.513320, 2.427867, 2.356502, 2.278747, 2.198838, 2.106513, 2.004647, 1.933745, 1.848178, 1.795019, 1.742405, 1.709149, 1.679252, 1.654521, 1.637769, 1.616582, 1.595911, 1.572539, 1.556943, 1.558923, 1.571486, 1.589594, 1.607442, 1.653304, 1.688737, 1.736123, 1.788572, 1.811871, 1.844235, 1.844812, 1.840706, 1.731855, 1.788605, 1.738170, 1.690617, 1.643685, 1.609764, 1.570040, 1.550288, 1.540498, 1.529300, 1.544644, 1.570554, 1.618510, 1.675658, 1.764045, 1.801020, 1.951939, 2.046655, 2.131675, 2.204224, 2.268155, 2.322219, 2.359074, 2.379199, 2.411061, 2.435621, 2.445553, 2.448222, 2.401139, 2.331671, 2.123080, 2.154520, 2.062249, 1.958111, 1.757045, 1.631194, 1.651260, 1.542442, 1.291213, 1.303116, 1.177239, 0.891903, 0.773580, 0.644025, 0.529496, 0.414818, 0.313494, 0.230725, 0.269621, 0.090776, 0.056225, 0.131288, 0.002918, 0.013890, 0.005785, 0.009236, 0.042537, 0.088998, 0.149115, 0.235372, 0.309623, 0.394842, 0.456166, 0.515752, 0.605230, 0.624952, 0.664181, 0.695045, 0.715349, 0.731968, 0.744783, 0.756250, 0.764178, 0.773862, 0.812253, 0.799495, 0.801893, 0.810379, 0.795063, 0.785806, 0.792844, 0.789083, 0.781491, 0.762840, 0.741535, 0.712425, 0.680702, 0.630065, 0.596449, 0.551614, 0.532080, 0.518868, 0.503035, 0.481193, 0.468383, 0.440425, 0.424274, 0.383390, 0.330749, 0.257367, 0.176588, 0.068883, 0.035170, 0.127573, 0.198179, 0.261508, 0.308272, 0.322790, 0.327272, 0.322531, 0.321018, 0.311957, 0.301411, 0.302403, 0.282507, 0.278708, 0.254911, 0.205097, 0.156409, 0.095822, 0.001232, 0.093123, 0.176264, 0.257943, 0.323842, 0.389320, 0.444987, 0.486786, 0.520845, 0.554850, 0.582927, 0.605336, 0.635966, 0.667497, 0.716991, 0.673287, 0.796338, 0.823564, 0.854695, 0.887471, 0.927970, 0.971117, 1.002904, 1.043205, 1.090170, 1.149314, 1.210281, 1.270400, 1.278502, 1.382478, 1.345291, 1.463209, 1.483758, 1.382672, 1.464505, 1.437773, 1.304422, 1.366437, 1.317795, 1.155998, 1.139178, 1.093386, 1.052602, 1.119536, 0.994652, 0.961264, 1.028438, 0.893348, 0.843430, 0.835692, 0.717040, 0.644632, 0.571222, 0.473756, 0.385620, 0.305666, 0.226219, 0.164992, 0.143713, 0.153597, 0.177425, 0.208955, 0.244509, 0.283916, 0.316078, 0.331748, 0.325417, 0.313254, 0.286253, 0.247003, 0.210045, 0.124907, 0.047850, 0.051217, 0.145077, 0.241732, 0.328991, 0.413110, 0.502438, 0.578640, 0.644203, 0.690278, 0.738327, 0.761966, 0.776787, 0.786332, 0.802411, 0.812293, 0.819481, 0.818806, 0.801093, 0.797737, 0.777546, 0.733721, 0.665140, 0.592965, 0.517378, 0.421040, 0.314982, 0.219558, 0.055403, 0.113495, 0.312809, 0.511361, 0.710490, 0.905683, 1.102740, 1.319722, 1.521294, 1.717976, 1.912370, 2.100541, 2.236541, 2.332362, 2.437336, 2.520090, 2.577893, 2.618946, 2.653640, 2.668390, 2.606532, 2.681724, 2.643434, 2.602031, 2.570751, 2.540841, 2.480315, 2.436649, 2.368675, 2.301056, 2.125732, 2.104589, 1.857272, 1.821764, 1.655937, 1.386969, 1.326005, 1.155103, 0.868355, 0.818792, 0.648379, 0.375473, 0.249911, 0.056919, 0.109744, 0.155695, 0.434610, 0.604645, 0.688832, 1.003938, 1.207310, 1.413507, 1.627485, 1.838846, 2.035721, 2.227775, 2.407222, 2.583245, 2.745334, 2.885424, 3.099066, 3.267478, 3.422458, 3.551752, 3.653040, 3.728734, 3.786005, 3.835360, 3.868585, 3.914323, 3.943160, 3.988185, 4.022796, 4.064898, 4.116932, 4.176476, 4.231394, 4.314061, 4.404488, 4.487396, 4.663594, 4.726386, 4.862479, 5.019894, 5.172225, 5.345271, 5.513169, 5.699438, 5.878374, 6.055923, 6.236400, 6.410384, 6.568821, 6.740058, 6.900240, 7.068210, 7.229541, 7.396473, 7.566446, 7.755942, 7.946009, 8.135021, 8.304165, 8.466302, 8.622450, 8.748126, 8.876390, 9.001149, 9.109951, 9.175946, 9.277124, 9.397086, 9.518392, 9.643243, 9.765285, 9.877139, 9.999621, 10.112896, 10.237375, 10.351468, 10.465440, 10.565029, 10.653985, 10.743082, 10.832176, 10.922031, 11.012293, 11.102755, 11.194164, 11.284782, 11.376630, 11.468660, 11.561825, 11.656714, 11.747365, 11.840403, 11.934919, 12.028954, 12.123830, 12.219187, 12.314716, 12.410222, 12.506222, 12.603474, 12.700448, 12.806814, 12.896454, 12.992014, 13.038122, 13.066320, 12.947286, 12.874017, 12.606529, 12.252118, 11.640755, 11.328904, 10.588174, 10.243255, 9.654153, 8.799275, 8.417880, 7.567739, 6.982072, 6.409548, 5.843103, 5.300179, 4.976326, 4.260105, 3.974459, 3.319115, 2.880809, 2.633941, 2.067581, 1.699598, 1.373636, 1.025861, 0.743614, 0.614693, 0.299181, 0.123082, 0.014447, 0.104908, 0.183494, 0.205082, 0.192074, 0.175692, 0.078937, 0.034689, 0.150130, 0.286230, 0.474460, 0.677374, 0.910476, 1.155271, 1.392917, 1.644151, 1.904021, 2.164759, 2.431874, 2.698620, 2.955868, 3.201424, 3.432330, 3.638690, 3.808556, 3.997095, 4.171497, 4.321747, 4.445096, 4.597808, 4.730233, 4.858473, 4.987579, 5.098435, 5.196938, 5.280068, 5.346438, 5.388748, 5.406098, 5.379959, 5.291177, 5.185620, 5.068081, 4.948565, 4.833130, 4.726902, 4.636374, 4.560182, 4.494706, 4.458949, 4.436854, 4.407646, 4.385531, 4.381662, 4.387377, 4.401561, 4.414949, 4.423735, 4.450300, 4.466514, 4.362328, 4.469952, 4.576728, 4.656055, 4.715608, 4.737042, 4.741059, 4.669561, 4.662250, 4.592920, 4.502014, 4.401676, 4.300667, 4.177238, 4.066332, 3.960172, 3.845404, 3.711012, 3.582481, 3.442305, 3.226071, 3.146806, 2.897699, 2.701990, 2.606452, 2.419613, 2.125823, 2.008967, 1.775439, 1.421035, 1.286225, 0.913963, 0.664933, 0.532902, 0.184997, 0.047482, 0.261511, 0.454933, 0.621420, 0.727788, 0.841753, 0.876149, 0.827535, 0.766066, 0.662413, 0.485292, 0.260306, 0.002653, 0.284579, 0.610928, 0.955407, 1.312867, 1.684160, 2.058498, 2.442906, 2.846784, 3.270413, 3.695676, 4.130744, 4.571460, 5.014141, 5.467727, 5.920525, 6.363399, 6.784801, 7.197763, 7.588808, 7.973268, 8.344854, 8.703579, 9.069912, 9.429892, 9.780511, 10.143640, 10.522390, 10.886382, 11.225147, 11.570820, 11.892890, 12.186477, 12.458542, 12.705572, 12.866199, 13.068223, 13.244944, 13.394932, 13.507628, 13.607730, 13.672036, 13.708023, 13.672059, 13.578665, 13.443123, 13.271456, 13.025265, 12.672245, 12.230327, 11.700921, 11.090715, 10.410706, 9.677673, 8.909435, 8.120008, 7.296861, 6.496188, 5.700496, 4.935579, 4.197873, 3.491683, 2.826745, 2.203988, 1.605624, 1.055096, 0.545440, 0.009640, 0.355841, 0.733291, 1.063064, 1.310983, 1.507194, 1.665889, 1.797354, 1.866513, 1.913133, 1.905270, 1.889560, 1.828096, 1.735420, 1.616173, 1.372703, 1.302091, 1.113943, 0.906381, 0.684662, 0.447627, 0.220198, 0.120120, 0.237486, 0.583059, 0.788785, 0.884120, 1.223399, 1.427565, 1.530890, 1.840628, 2.070674, 2.187113, 2.530994, 2.731529, 2.928862, 3.106875, 3.269122, 3.415749, 3.553135, 3.694860, 3.822570, 3.927502, 4.025662, 4.120702, 4.222854, 4.326266, 4.431206, 4.541945, 4.658734, 4.784254, 4.905507, 5.010274, 5.102609, 5.192675, 5.271877, 5.364720, 5.433074, 5.472172, 5.540286, 5.580339, 5.597624, 5.565226, 5.532496, 5.472974, 5.455095, 5.442702, 5.412210, 5.364776, 5.281483, 5.198206, 5.133096, 5.081821, 5.028410, 4.976556, 4.925706, 4.889945, 4.903835, 4.925158, 4.967804, 5.031446, 5.099095, 5.181528, 5.262774, 5.352673, 5.455774, 5.562406, 5.682508, 5.809312, 5.950130, 6.085138, 6.291204, 6.359761, 6.485889, 6.585746, 6.670347, 6.716015, 6.712000, 6.681714, 6.616312, 6.507563, 6.323585, 6.103586, 5.869166, 5.582331, 5.279041, 4.862458, 4.601833, 4.224293, 3.817479, 3.376212, 2.881688, 2.368342, 1.795288, 1.197232, 0.560870, 0.116664, 0.849430, 1.595688, 2.357698, 3.121019, 4.117373, 4.875111, 5.393553, 6.144147, 6.879276, 7.603465, 8.322047, 9.008374, 9.700541, 10.387717, 11.074082, 11.760580, 12.440255, 13.108136, 13.756512, 14.645137, 15.105439, 15.786354, 16.476062, 17.148298, 17.780296, 18.557730, 18.957793, 19.533679, 20.280965, 20.821472, 21.162773, 21.681519, 21.981463, 22.127598, 22.203235, 22.117999, 21.877301, 21.510613, 21.036852, 20.467744, 19.806415, 19.067296, 18.242813, 17.338800, 16.375602, 15.365315, 14.284373, 13.169046, 12.043453, 10.930850, 9.813291, 8.704521, 7.615242, 6.536278, 5.488663, 4.443487, 3.437964, 2.459149, 1.537441, 0.657112, 0.177182, 0.952722, 1.666593, 2.309161, 2.862947, 3.318099, 3.676435, 3.951061, 4.119102, 4.200418, 4.207629, 4.178577, 4.059324, 3.890989, 3.678208, 3.447547, 3.218776, 2.967453, 2.722793, 2.467694, 2.212935, 1.971345, 1.731527, 1.487292, 1.268913, 1.033260, 0.808930, 0.601066, 0.415621, 0.254393, 0.121917, 0.018406, 0.134537, 0.255345, 0.363317, 0.472930, 0.603680, 0.761794, 0.934060, 1.120144, 1.326111, 1.543737, 1.776415, 2.022688, 2.275290, 2.512776, 2.736352, 2.961501, 3.163943, 3.352397, 3.651625, 3.708282, 3.835404, 3.929600, 3.986469, 4.005554, 4.008611, 3.982435, 3.927391, 3.842015, 3.735464, 3.615451, 3.527481, 3.424730, 3.316845, 3.131981, 3.005225, 2.883684, 2.784501, 2.670833, 2.614842, 2.651643, 2.761159, 2.914125, 3.103932, 3.456557, 3.765046, 3.965455, 4.510543, 4.751651, 5.424589, 5.964846, 6.327920, 6.960358, 7.919447, 8.376917, 9.453547, 10.292322, 10.838800, 12.082552, 13.006563, 13.902501, 14.789050, 15.631534, 16.132233, 17.160357, 17.876821, 18.506925, 19.089860, 19.654777, 20.222761, 20.763875, 21.283524, 21.746938, 22.169770, 22.548552, 22.880589, 23.161089, 23.382895, 23.546840, 23.683648, 23.787426, 23.835798, 23.849975, 23.761063, 23.651799, 23.484089, 23.217536, 22.855715, 22.427533, 21.919951, 21.366427, 20.768344, 20.126679, 19.429100, 18.699271, 17.925623, 17.128307, 16.290501, 15.412954, 14.487541, 13.510682, 12.457274, 11.378402, 10.260092, 9.102349, 7.912154, 6.706350, 5.480386, 4.254432, 3.044152, 1.858942, 0.703406, 0.409360, 1.482834, 2.524219, 3.527935, 4.473281, 5.401468, 6.301148, 7.191182, 8.052220, 8.887206, 9.701537, 10.489697, 11.282277, 12.079960, 12.858916, 13.600852, 14.298078, 14.957647, 15.561460, 16.102717, 16.590997, 17.022679, 17.408300, 17.738958, 17.999533, 18.187120, 18.314556, 18.375688, 18.327483, 18.329476, 18.217988, 18.049875, 17.805799, 17.485855, 17.089911, 16.637540, 16.127642, 15.600678, 15.064455, 14.525922, 13.976670, 13.427606, 12.863466, 12.079041, 11.771536, 11.248825, 10.721973, 10.198155, 9.664746, 8.908585, 8.575031, 7.773463, 7.449542, 6.656348, 6.330378, 5.757105, 4.956639, 4.634930, 3.839823, 3.284516, 2.977013, 2.208875, 1.678425, 1.390670, 0.621183, 0.095622, 0.437154, 0.945699, 1.435300, 1.908611, 2.345914, 2.743959, 3.097683, 3.426472, 3.697728, 3.915760, 4.094712, 4.215010, 4.278367, 4.264030, 4.265395, 4.166195, 4.006077, 3.840180, 3.595748, 3.309277, 2.991202, 2.624877, 2.228440, 1.787913, 1.334267, 0.849999, 0.324709, 0.223530, 0.782793, 1.396262, 2.038819, 2.700159, 3.394723, 4.131373, 4.906332, 5.708583, 6.560308, 7.417593, 8.309432, 9.218741, 10.152092, 11.074321, 11.997189, 12.883836, 13.752010, 14.598825, 15.418531, 16.209048, 16.974978, 17.697547, 18.378130, 19.024896, 19.613091, 20.167284, 20.686574, 21.158406, 21.607804, 22.034382, 22.460021, 22.872277, 23.273252, 23.664295, 24.050422, 24.437758, 24.813000, 25.193389, 25.537626, 25.846347, 26.127466, 26.360788, 26.572209, 26.759019, 26.951240, 27.150762, 27.339310, 27.481758, 27.579787, 27.661777, 27.711429, 27.731877, 27.723114, 27.650810, 27.531311, 27.246027, 27.137929, 26.833979, 26.462399, 26.039605, 25.579643, 25.077326, 24.562433, 24.004544, 23.405351, 22.816555, 22.238528, 21.651729, 21.088689, 20.547607, 19.780463, 19.503697, 19.015621, 18.548945, 18.069535, 17.520916, 17.360019, 16.898953, 16.650401, 16.555181, 16.229101, 16.078838, 16.055872, 15.886131, 15.813687, 15.764806, 15.742083, 15.714756, 15.702322, 15.691681, 15.674784, 15.645402, 15.619882, 15.566996, 15.462165, 15.324352, 15.140209, 14.917520, 14.625885, 14.268086, 13.827964, 13.308865, 12.723975, 12.077560, 11.396435, 10.685879, 9.981835, 9.294182, 8.626559, 8.000293, 7.417126, 6.899841, 6.433422, 6.032429, 5.703105, 5.398267, 5.107036, 4.837360, 4.583857, 4.351493, 4.121920, 3.884684, 3.655395, 3.425602, 3.191479, 2.960488, 2.706050, 2.453847, 2.194264, 1.925908, 1.669079, 1.409745, 1.163548, 0.927314, 0.629683, 0.507646, 0.313299, 0.150809, 0.004842, 0.153570, 0.249484, 0.321385, 0.364782, 0.377152, 0.368164, 0.332204, 0.276361, 0.234184, 0.181288, 0.123965, 0.064525, 0.007591, 0.051307, 0.110920, 0.171017, 0.231907, 0.293268, 0.355169, 0.417817, 0.481220, 0.545060, 0.609624, 0.674980, 0.740857, 0.807782, 0.876854, 0.887287, 0.918255, 0.978721, 1.056153, 1.148293, 1.259377, 1.398625, 1.556399, 1.733160, 1.934555, 2.143103, 2.393838, 2.634337, 2.887637, 3.148430, 3.396832, 3.662672, 3.899832, 4.105290, 4.348385, 4.559021, 4.711356, 4.921941, 5.065443, 5.143330, 5.236085, 5.376622, 5.402425, 5.523700, 5.506026, 5.522377, 5.508819, 5.438727, 5.312802, 5.135084, 4.910425, 4.664803, 4.387751, 4.077084, 3.758258, 3.433301, 3.133988, 2.832790, 2.549231, 2.265599, 2.011000, 1.781333, 1.567980, 1.366062, 1.197166, 1.040034, 0.889858, 0.762782, 0.656664, 0.545943, 0.433785, 0.353068, 0.234394, 0.147072, 0.067963, 0.003274, 0.026618, 0.062273, 0.062776, 0.048649, 0.002982, 0.058988, 0.133981, 0.201780, 0.264659, 0.325290, 0.388271, 0.447639, 0.488625, 0.524268, 0.566266, 0.608805, 0.672382, 0.719146, 0.793814, 0.880632, 0.975133, 1.088629, 1.254708, 1.420901, 1.534610, 1.657525, 1.730107, 1.742661, 1.700176, 1.616700, 1.528325, 1.387105, 1.220112, 1.038587, 0.844803, 0.561695, 0.448014, 0.249161, 0.065268, 0.267557, 0.365526, 0.586724, 0.819590, 1.051991, 1.297667, 1.544922, 1.797768, 2.044513, 2.246812, 2.414775, 2.563215, 2.683105, 2.766030, 2.811960, 2.870156, 2.802864, 2.742650, 2.648536, 2.505881, 2.361897, 2.222704, 2.033309, 1.766846, 1.529516, 1.227769, 0.866103, 0.550144, 0.218972, 0.092348, 0.395599, 0.688943, 0.954935, 1.190288, 1.412782, 1.630842, 1.817708, 1.973684, 2.095653, 2.217859, 2.340996, 2.463458, 2.550019, 2.581111, 2.639057, 2.637102, 2.626298, 2.598881, 2.560100, 2.514430, 2.454397, 2.380556, 2.302511, 2.243276, 2.200387, 2.174377, 2.166431, 2.184373, 2.209805, 2.281448, 2.380934, 2.431881, 2.483653, 2.519271, 2.502325, 2.462009, 2.362076, 2.222565, 2.028134, 1.763744, 1.453151, 1.086700, 0.673133, 0.223283, 0.239481, 0.916130, 1.220174, 1.720230, 2.197074, 2.643660, 3.053172, 3.427942, 3.763095, 4.078150, 4.388981, 4.707116, 5.028750, 5.483543, 5.706566, 6.032939, 6.366952, 6.829740, 7.033179, 7.390072, 7.750814, 8.107458, 8.464614, 8.809281, 9.140606, 9.440737, 9.708127, 9.961896, 10.214367, 10.453277, 10.656198, 10.838640, 11.007615, 11.247159, 11.312703, 11.466363, 11.603454, 11.734562, 11.869062, 12.002359, 12.134371, 12.258960, 12.377687, 12.515505, 12.649613, 12.792779, 12.931439, 13.089349, 13.311281, 13.378778, 13.498559, 13.633701, 13.797452, 13.979156, 14.008729, 14.088212, 14.210396, 14.202340, 14.225772, 14.274928, 14.257705, 14.212359, 14.149878, 14.068569, 13.976715, 13.850374, 13.702022, 13.577976, 13.433384, 13.285174, 13.139793, 12.938678, 12.690246, 12.419858, 12.097807, 11.725342, 11.307156, 10.824356, 10.308142, 9.750806, 9.146728, 8.495661, 7.803582, 7.077409, 6.329637, 5.555850, 4.760460, 3.944893, 3.151369, 2.354452, 1.578070, 0.819502, 0.095555, 0.610096, 1.267338, 1.859784, 2.390773, 2.838789, 3.201165, 3.453859, 3.568617, 3.608469, 3.531511, 3.342631, 3.052319, 2.688475, 2.252702, 1.735463, 1.175875, 0.560733, 0.070327, 0.724775, 1.385114, 2.035668, 2.678822, 3.301160, 3.883151, 4.437010, 4.944960, 5.419486, 5.851527, 6.202782, 6.503683, 6.738491, 6.908974, 6.991054, 7.007825, 6.910902, 6.785655, 6.613555, 6.356970, 6.046838, 5.707049, 5.321755, 4.907465, 4.504708, 4.079448, 3.646651, 3.191149, 2.731350, 2.265770, 1.800823, 1.366396, 0.955226, 0.563430, 0.204667, 0.130643, 0.420145, 0.681626, 0.918234, 1.116439, 1.290584, 1.440868, 1.610045, 1.760900, 1.831540, 1.873855, 1.883813, 1.859637, 1.787494, 1.691454, 1.583985, 1.449442, 1.310638, 1.194970, 1.087035, 0.998494, 0.910727, 0.742366, 0.736599, 0.637854, 0.538381, 0.411262, 0.303925, 0.114554, 0.086859, 0.007672, 0.166682, 0.151562, 0.215105, 0.218044, 0.146396, 0.164327, 0.117713, 0.025458, 0.009959, 0.091013, 0.166033, 0.223677, 0.279701, 0.337249, 0.386411, 0.423501, 0.459741, 0.529089, 0.510890, 0.535112, 0.554205, 0.563008, 0.561291, 0.557097, 0.545105, 0.541459, 0.522494, 0.508032, 0.479049, 0.446961, 0.421074, 0.384299, 0.338716, 0.291948, 0.247331, 0.211531, 0.190956, 0.165797, 0.136769, 0.121222, 0.104173, 0.101374, 0.099871, 0.105047, 0.111170, 0.130007, 0.160435, 0.188054, 0.213245, 0.243908, 0.272821, 0.314124, 0.345207, 0.365754, 0.382100, 0.405265, 0.421072, 0.437415, 0.456177, 0.473152, 0.486628, 0.494339, 0.485530, 0.469618, 0.455302, 0.445706, 0.376138, 0.429643, 0.448861, 0.466363, 0.485824, 0.514098, 0.582454, 0.637625, 0.696625, 0.770927, 0.850673, 0.928747, 0.985357, 1.042258, 1.096041, 1.088267, 1.170234, 1.186543, 1.173344, 1.164279, 1.146264, 1.120727, 1.085692, 1.030816, 0.964352, 0.874608, 0.777747, 0.668957, 0.563394, 0.449940, 0.252226, 0.241840, 0.146835, 0.052066, 0.025692, 0.087590, 0.119808, 0.146724, 0.147183, 0.133913, 0.153139, 0.090735, 0.076027, 0.045458, 0.009868, 0.029495, 0.063918, 0.109174, 0.148068, 0.188390, 0.219868, 0.264977, 0.242137, 0.329616, 0.367572, 0.347522, 0.382433, 0.386166, 0.411034, 0.495575, 0.432556, 0.425624, 0.482978, 0.397662, 0.372418, 0.409685, 0.267365, 0.200780, 0.121232, 0.046838, 0.035364, 0.120988, 0.214985, 0.330599, 0.435668, 0.587435, 0.634162, 0.731420, 0.813491, 0.902421, 0.985166, 1.060173, 1.124809, 1.184055, 1.214564, 1.246887, 1.265000, 1.273377, 1.254547, 1.226600, 1.181130, 1.205984, 1.114168, 1.010134, 0.907311, 0.808610, 0.714072, 0.635884, 0.552245, 0.482118, 0.395558, 0.321459, 0.237533, 0.146034, 0.036610, 0.065865, 0.172470, 0.296351, 0.413638, 0.567030, 0.740500, 0.909826, 1.108497, 1.320689, 1.535443, 1.749885, 1.961674, 2.175609, 2.390744, 2.606064, 2.822058, 3.038526, 3.258478, 3.476329, 3.696163, 3.902810, 4.075175, 4.200016, 4.317191, 4.409385, 4.471883, 4.502426, 4.521636, 4.512344, 4.472164, 4.408281, 4.157080, 4.121154, 3.935900, 3.737000, 3.524832, 3.304656, 3.096763, 2.892883, 2.718726, 2.548363, 2.408555, 2.304603, 2.209433, 2.153273, 2.125595, 2.055964, 2.140441, 2.160965, 2.183255, 2.200568, 2.203881, 2.195513, 2.156446, 2.005080, 2.023029, 1.924355, 1.810472, 1.698527, 1.557358, 1.258038, 1.089517, 0.911089, 0.724932, 0.675637, 0.335076, 0.143009, 0.082748, 0.295192, 0.512806, 0.734464, 0.948148, 1.136374, 1.302568, 1.448852, 1.541016, 1.651359, 1.720540, 1.779400, 1.835502, 1.885379, 1.931255, 1.979017, 2.027790, 2.057783, 2.085675, 2.103836, 2.097425, 2.081647, 2.043333, 2.043706, 2.008716, 1.974306, 1.933360, 1.891188, 1.835071, 1.767790, 1.689665, 1.594667, 1.515159, 1.413996, 1.302180, 1.167148, 1.038741, 0.901982, 0.755387, 0.588500, 0.444168, 0.296724, 0.138904, 0.042235, 0.157281, 0.297678, 0.483918, 0.644415, 0.833844, 1.030674, 1.239428, 1.460606, 1.712379, 1.962716, 2.213353, 2.464540, 2.715765, 2.967107, 3.218267, 3.460559, 3.668567, 3.855237, 3.993579, 4.117712, 4.236099, 4.337673, 4.452999, 4.577258, 4.722990, 4.894511, 5.104413, 5.345242, 5.593111, 5.847750, 6.166210, 6.511221, 6.876928, 7.252730, 7.618482, 7.974546, 8.316779, 8.608696, 8.898295, 9.142076, 9.400701, 9.633996, 9.735462, 9.890016, 9.992127, 10.028310, 10.110156, 10.229951, 10.279712, 10.384312, 10.496744, 10.629665, 10.779439, 10.968768, 11.179898, 11.416065, 11.653392, 11.890757, 12.104755, 12.340717, 12.575609, 12.816132, 13.022005, 13.080157, 13.009810, 12.815572, 12.473342, 12.036977, 11.446360, 10.800793, 10.104101, 9.371065, 8.601623, 7.833684, 7.066989, 6.331516, 5.642018, 4.996733, 4.397163, 3.841543, 3.385568, 2.875264, 2.472975, 2.105865, 1.771016, 1.470669, 1.204662, 0.963503, 0.748609, 0.563035, 0.415287, 0.277480, 0.142745, 0.044085, 0.051823, 0.128584, 0.162860, 0.164227, 0.144515, 0.079990, 0.020408, 0.212212, 0.420796, 0.628075, 0.859632, 1.169584, 1.496891, 1.837997, 2.200510, 2.546744, 2.884614, 3.213730, 3.529176, 3.800574, 4.044391, 4.267585, 4.457707, 4.544633, 4.585136, 4.552575, 4.465961, 4.340191, 4.172097, 3.977681, 3.733359, 3.475666, 3.220643, 2.948178, 2.654632, 2.367217, 1.931715, 1.818171, 1.573503, 1.333410, 1.111806, 0.916062, 0.644496, 0.597725, 0.466448, 0.333075, 0.216792, 0.017502, 0.010314, 0.107967, 0.207861, 0.371806, 0.388000, 0.468091, 0.540581, 0.612168, 0.706037, 0.800872, 1.000604, 1.020023, 1.140462, 1.385599, 1.425344, 1.566974, 1.823866, 1.858930, 2.138869, 2.184218, 2.206925, 2.386151, 2.456165, 2.442518, 2.534271, 2.546566, 2.476521, 2.476150, 2.410717, 2.278522, 2.172852, 2.033993, 1.876041, 1.718035, 1.609467, 1.432875, 1.246390, 1.046995, 0.852840, 0.646372, 0.435527, 0.220345, 0.041722, 0.102144, 0.227822, 0.340845, 0.448591, 0.528298, 0.600366, 0.658005, 0.696706, 0.734473, 0.765071, 0.786744, 0.818819, 0.839438, 0.854698, 0.856546, 0.824148, 0.782113, 0.714957, 0.621920, 0.511004, 0.392110, 0.265041, 0.170679, 0.043366, 0.058052, 0.156431, 0.221789, 0.253040, 0.272036, 0.255068, 0.211851, 0.138589, 0.084339, 0.063829, 0.212255, 0.358022, 0.534487, 0.720508, 0.890040, 1.036918, 1.177812, 1.316362, 1.412808, 1.496338, 1.549843, 1.576657, 1.563525, 1.526378, 1.396064, 1.282051, 1.241516, 0.997001, 0.975923, 0.821641, 0.654821, 0.471545, 0.281467, 0.084288, 0.108190, 0.286815, 0.458334, 0.618891, 0.760239, 0.872414, 0.961407, 1.031740, 1.165589, 1.100263, 1.110405, 1.098356, 1.072756, 1.046903, 1.001512, 0.945305, 0.882137, 0.813125, 0.753091, 0.690297, 0.638565, 0.592550, 0.555629, 0.513793, 0.553662, 0.446017, 0.399616, 0.372576, 0.356136, 0.347736, 0.346200, 0.337686, 0.336241, 0.336724, 0.339087, 0.443762, 0.369743, 0.374761, 0.478171, 0.503447, 0.521238, 0.576066, 0.514194, 0.544326, 0.669436, 0.692522, 0.724817, 0.751716, 0.752323, 0.790483, 0.794025, 0.802752, 0.829506, 0.853252, 0.858344, 0.857112, 0.861474, 0.858742, 0.845962, 0.828056, 0.790802, 0.796073, 0.782692, 0.773337, 0.755921, 0.738753, 0.715311, 0.677903, 0.574887, 0.568575, 0.500611, 0.447324, 0.384400, 0.306419, 0.231224, 0.145345, 0.081849, 0.029571, 0.007846, 0.040502, 0.065379, 0.077046, 0.084871, 0.091826, 0.104961, 0.112346, 0.119978, 0.127734, 0.128499, 0.145862, 0.141212, 0.131566, 0.111810, 0.077714, 0.022184, 0.048366, 0.109894, 0.169856, 0.230618, 0.391803, 0.360264, 0.418773, 0.481089, 0.538652, 0.607359, 0.669564, 0.744826, 0.841077, 0.942954, 1.042732, 1.158632, 1.290500, 1.429774, 1.566662, 1.849741, 1.875427, 2.175911, 2.237369, 2.284186, 2.326322, 2.341598, 2.343472, 2.338497, 2.306095, 2.248765, 2.186198, 2.112138, 2.025987, 1.922463, 1.856451, 1.651819, 1.483893, 1.299422, 1.118973, 0.930370, 0.739605, 0.549518, 0.364541, 0.171922, 0.014352, 0.181989, 0.350806, 0.509858, 0.670267, 0.766140, 0.879892, 1.064253, 1.155245, 1.116953, 1.246459, 1.277280, 1.146077, 1.229153, 1.049594, 0.908189, 0.936841, 0.627670, 0.449687, 0.440312, 0.111811, 0.040905, 0.024165, 0.286640, 0.359357, 0.399084, 0.428760, 0.426091, 0.456525, 0.459973, 0.458407, 0.465200, 0.463727, 0.444668, 0.424050, 0.398301, 0.372089, 0.320013, 0.290417, 0.240657, 0.163604, 0.097864, 0.041797, 0.018929, 0.058174, 0.070662, 0.079745, 0.077005, 0.060898, 0.021802, 0.004069, 0.045793, 0.149378, 0.157413, 0.219171, 0.284909, 0.341079, 0.398469, 0.444318, 0.511710, 0.565735, 0.624451, 0.664310, 0.696678, 0.735411, 0.780531, 0.815719, 0.853138, 0.906980, 0.968863, 1.014205, 1.037975, 1.074151, 1.128712, 1.188460, 1.273269, 1.359970, 1.459196, 1.566760, 1.674176, 1.763491, 1.883505, 1.974173, 2.045251, 2.080448, 2.084366, 2.073740, 2.034459, 1.964541, 1.877305, 1.781719, 1.674230, 1.563554, 1.455036, 1.380036, 1.269735, 1.116243, 1.040721, 0.949190, 0.908994, 0.872740, 0.892239, 0.840630, 0.825542, 0.832579, 0.927721, 0.863907, 0.878144, 0.969019, 0.966732, 1.007310, 1.017699, 0.953936, 1.060558, 1.004972, 1.049593, 1.182802, 1.248723, 1.235242, 1.429031, 1.544272, 1.566180, 1.833150, 1.986352, 2.146862, 2.318561, 2.474773, 2.629262, 2.775230, 2.905990, 3.001168, 3.078383, 3.210448, 3.291940, 3.370433, 3.425724, 3.477533, 3.508231, 3.543040, 3.581947, 3.604273, 3.614666, 3.618159, 3.598397, 3.559592, 3.501251, 3.436281, 3.332154, 3.229926, 3.096338, 2.976284, 2.855375, 2.733822, 2.605020, 2.490839, 2.525676, 2.469100, 2.401286, 2.321487, 2.197575, 2.062427, 1.950687, 1.820125, 1.675634, 1.529202, 1.367955, 1.168788, 0.946865, 0.753120, 0.540579, 0.341915, 0.171261, 0.040836, 0.088531, 0.236762, 0.359806, 0.462484, 0.556989, 0.642248, 0.677055, 0.694877, 0.670916, 0.590069, 0.532855, 0.407802, 0.256301, 0.082025, 0.103821, 0.300162, 0.503375, 0.719549, 0.948060, 1.137472, 1.335816, 1.489657, 1.699165, 1.889610, 2.101895, 2.238919, 2.428783, 2.574116, 2.741923, 2.864077, 2.966881, 3.088965, 3.215012, 3.318295, 3.379252, 3.400137, 3.412340, 3.413822, 3.396480, 3.368957, 3.322333, 3.270379, 3.205331, 3.076310, 3.053064, 2.958001, 2.858421, 2.747346, 2.622871, 2.483280, 2.265626, 2.218574, 2.076914, 1.865415, 1.742448, 1.634550, 1.542645, 1.452122, 1.376911, 1.299065, 1.236670, 1.165268, 1.106682, 1.059845, 1.022733, 0.975598, 0.919541, 0.871849, 0.819420, 0.771901, 0.718623, 0.680788, 0.640457, 0.608629, 0.577025, 0.536256, 0.516705, 0.492579, 0.476386, 0.452114, 0.425345, 0.397413, 0.393835, 0.414818, 0.443682, 0.473339, 0.517769, 0.598721, 0.695912, 0.829345, 0.958975, 1.085762, 1.179256, 1.293847, 1.428391, 1.563627, 1.699403, 1.832956, 1.944463, 2.010622, 2.049451, 2.088615, 2.103813, 2.110241, 2.116007, 2.102792, 2.100724, 2.090266, 2.052892, 2.017877, 1.982336, 1.937972, 1.888831, 1.857713, 1.811697, 1.760893, 1.705541, 1.642055, 1.601226, 1.481903, 1.503716, 1.453969, 1.421217, 1.393409, 1.370963, 1.335007, 1.308264, 1.291038, 1.254509, 1.217166, 1.193410, 1.143563, 1.106732, 1.060624, 0.965888, 0.998080, 0.925147, 0.956910, 0.928147, 0.908249, 0.897216, 0.885959, 0.877260, 0.864467, 0.851901, 0.835237, 0.825233, 0.816930, 0.804350, 0.747907, 0.797314, 0.812889, 0.755949, 0.818484, 0.839888, 0.813569, 0.833545, 0.890626, 0.836521, 0.904599, 0.870492, 0.892637, 0.949668, 0.908786, 0.908198, 0.904411, 0.888152, 0.864831, 0.833471, 0.809851, 0.782009, 0.738547, 0.691264, 0.653591, 0.603266, 0.538859, 0.484494, 0.425714, 0.368424, 0.299069, 0.236885, 0.175961, 0.132194, 0.075388, 0.034016, 0.001971, 0.022894, 0.044451, 0.046903, 0.047415, 0.057299, 0.064548, 0.039952, 0.022283, 0.013830, 0.048877, 0.071428, 0.107167, 0.144287, 0.177924, 0.209036, 0.236623, 0.233001, 0.220136, 0.202099, 0.180882, 0.134611, 0.100126, 0.050063, 0.012678, 0.081749, 0.129484, 0.202885, 0.269220, 0.322200, 0.380020, 0.413899, 0.481109, 0.549436, 0.595443, 0.640437, 0.684918, 0.731743, 0.773557, 0.904127, 0.848935, 0.870981, 0.902688, 0.921484, 0.937400, 0.928185, 0.912279, 0.895447, 0.862707, 0.829178, 0.775799, 0.721538, 0.676287, 0.641783, 0.666264, 0.567667, 0.538861, 0.480994, 0.458074, 0.460524, 0.427064, 0.413142, 0.397043, 0.373941, 0.343006, 0.299503, 0.255856, 0.207552, 0.161069, 0.189382, 0.081825, 0.041183, 0.001003, 0.038218, 0.010874, 0.123796, 0.174624, 0.192098, 0.209024, 0.223263, 0.221369, 0.210060, 0.097515, 0.157069, 0.025563, 0.027119, 0.009463, 0.060198, 0.239211, 0.212714, 0.386658, 0.471629, 0.461185, 0.670697, 0.782392, 0.898985, 1.056924, 1.197995, 1.204276, 1.453014, 1.577016, 1.674835, 1.751154, 1.812638, 1.831081, 1.802241, 1.780511, 1.722170, 1.649577, 1.552228, 1.444095, 1.333155, 1.229260, 1.124706, 1.012405, 0.914271, 0.819429, 0.732335, 0.636472, 0.543867, 0.467860, 0.398770, 0.315219, 0.288419, 0.264584, 0.272754, 0.291576, 0.329654, 0.384675, 0.472193, 0.564503, 0.664108, 0.781035, 0.900086, 1.011099, 1.118213, 1.227164, 1.341728, 1.447997, 1.563231, 1.666501, 1.744727, 1.825747, 1.884132, 1.918174, 1.945514, 1.938639, 1.891327, 1.813887, 1.711753, 1.590967, 1.409491, 1.238984, 1.008763, 0.770213, 0.550836, 0.325759, 0.086977, 0.151222, 0.389249, 0.579833, 0.737129, 0.877531, 0.994090, 1.100803, 1.214682, 1.301647, 1.415026, 1.528933, 1.691183, 1.806821, 1.925477, 2.043402, 2.147041, 2.188370, 2.279775, 2.288358, 2.289218, 2.299315, 2.290608, 2.253970, 2.204803, 2.123204, 2.171648, 2.186369, 2.220670, 2.252361, 2.294778, 2.326944, 2.374564, 2.369991, 2.474784, 2.494125, 2.610177, 2.620505, 2.647806, 2.734099, 2.747486, 2.666060, 2.711060, 2.654316, 2.473603, 2.395544, 2.200619, 2.065955, 1.909805, 1.757591, 1.606524, 1.454702, 1.333131, 1.193861, 1.071673, 0.938180, 0.918359, 0.665788, 0.549255, 0.532392, 0.333257, 0.265953, 0.303440, 0.201311, 0.214362, 0.238922, 0.270841, 0.300661, 0.296672, 0.264957, 0.241628, 0.208886, 0.177630, 0.132627, 0.092383, 0.041488, 0.006813, 0.037812, 0.086957, 0.120096, 0.154328, 0.186829, 0.231407, 0.301162, 0.364770, 0.437507, 0.507261, 0.581228, 0.646291, 
,,,0.012656, 0.034752, 0.050530, 0.072812, 0.088629, 0.100930, 0.112113, 0.123250, 0.134325, 0.145537, 0.156211, 0.167193, 0.179344, 0.196027, 0.212647, 0.229473, 0.246727, 0.264649, 0.279884, 0.295725, 0.312457, 0.329140, 0.345776, 0.362482, 0.379153, 0.395787, 0.412533, 0.429159, 0.445883, 0.462554, 0.479203, 0.496262, 0.514252, 0.529298, 0.545921, 0.562518, 0.579216, 0.595916, 0.612538, 0.629288, 0.645935, 0.662631, 0.679284, 0.696659, 0.712849, 0.729505, 0.746127, 0.766365, 0.779536, 0.796047, 0.812854, 0.829514, 0.846249, 0.862911, 0.879533, 0.896244, 0.912916, 0.929553, 0.946280, 0.964527, 0.979658, 0.996577, 1.013497, 1.031181, 1.046541, 1.063420, 1.082231, 1.096752, 1.113438, 1.130216, 1.146861, 1.163445, 1.180162, 1.196809, 1.213647, 1.230271, 1.246890, 1.263592, 1.282155, 1.297031, 1.313834, 1.330388, 1.347084, 1.363803, 1.380460, 1.397057, 1.413761, 1.430449, 1.447040, 1.463615, 1.480343, 1.497705, 1.514346, 1.532129, 1.547283, 1.563957, 1.580540, 1.597255, 1.613923, 1.630578, 1.648028, 1.664131, 1.680801, 1.697410, 1.714090, 1.730918, 1.747989, 1.764182, 1.782195, 1.797502, 1.814123, 1.830786, 1.847531, 1.865623, 1.881572, 1.897610, 1.914252, 1.931530, 1.947727, 1.964346, 1.981437, 1.999876, 2.014334, 2.033189, 2.047640, 2.064397, 2.081179, 2.097861, 2.114555, 2.131314, 2.147901, 2.164605, 2.181272, 2.198070, 2.214652, 2.231497, 2.248796, 2.265011, 2.283184, 2.298461, 2.315223, 2.331915, 2.348643, 2.365300, 2.381989, 2.398684, 2.416603, 2.432498, 2.448942, 2.465582, 2.482196, 2.499109, 2.515504, 2.534279, 2.548824, 2.565571, 2.582229, 2.598913, 2.615572, 2.632267, 2.648916, 2.665578, 2.682405, 2.698952, 2.717041, 2.732457, 2.749469, 2.765703, 2.784257, 2.799117, 2.815727, 2.832522, 2.849133, 2.865810, 2.882536, 2.899213, 2.915863, 2.932586, 2.949178, 2.966108, 2.982641, 3.000297, 3.016676, 3.034281, 3.049377, 3.066775, 3.082860, 3.100140, 3.116280, 3.132886, 3.149450, 3.166295, 3.182872, 3.200443, 3.216454, 3.234023, 3.249753, 3.266293, 3.284281, 3.299530, 3.316247, 3.332842, 3.349512, 3.366195, 3.382880, 3.399473, 3.416187, 3.432888, 3.449544, 3.466641, 3.483263, 3.499504, 3.516066, 3.534093, 3.550180, 3.566345, 3.583554, 3.599712, 3.616098, 3.632815, 3.649358, 3.666053, 3.682776, 3.700216, 3.716330, 3.732887, 3.749493, 3.766854, 3.784202, 3.799587, 3.816180, 3.832878, 3.849574, 3.866889, 3.883795, 3.900417, 3.916464, 3.933082, 3.949681, 3.966903, 3.983035, 3.999922, 4.016584, 4.035278, 4.049894, 4.066716, 4.083374, 4.099945, 4.116716, 4.133718, 4.150074, 4.166850, 4.184307, 4.200437, 4.217451, 4.233613, 4.252224, 4.266920, 4.285249, 4.300293, 4.317078, 4.333693, 4.350306, 4.367042, 4.383673, 4.400315, 4.417031, 4.433736, 4.450368, 4.467621, 4.483754, 4.501156, 4.517232, 4.535180, 4.550439, 4.568004, 4.585243, 4.600542, 4.617248, 4.633850, 4.650745, 4.667265, 4.685875, 4.701434, 4.717794, 4.733997, 4.750646, 4.767249, 4.786128, 4.801372, 4.817417, 4.834075, 4.850713, 4.867421, 4.884128, 4.900869, 4.918085, 4.934783, 4.951403, 4.967567, 4.984204, 5.000954, 5.017503, 5.036175, 5.050918, 5.067565, 5.084274, 5.101481, 5.117761, 5.134415, 5.150982, 5.167752, 5.184873, 5.201119, 5.217848, 5.234409, 5.251152, 5.267738, 5.286157, 5.300999, 5.317615, 5.334190, 5.350916, 5.367574, 5.384286, 5.400990, 5.417685, 5.434774, 5.451041, 5.467580, 5.484278, 5.501036, 5.517631, 5.536033, 5.550962, 5.567682, 5.584310, 5.601709, 5.617870, 5.638417, 5.651050, 5.667864, 5.684879, 5.701112, 5.717745, 5.735035, 5.751182, 5.767730, 5.786100, 5.801219, 5.817842, 5.835071, 5.851271, 5.867820, 5.884463, 5.901267, 5.917879, 5.935161, 5.951325, 5.968076, 5.984700, 6.001466, 6.018029, 6.036173, 6.051480, 6.068150, 6.084711, 6.101427, 6.117830, 6.136121, 6.151383, 6.168600, 6.185174, 6.201394, 6.217968, 6.234571, 6.251304, 6.269464, 6.285964, 6.301477, 6.318019, 6.334886, 6.352097, 6.372652, 6.384971, 6.401612, 6.418317, 6.435477, 6.451577, 6.468338, 6.485009, 6.501727, 6.519007, 6.537214, 6.551691, 6.568413, 6.585021, 6.601695, 6.619067, 6.635329, 6.651901, 6.668667, 6.685693, 6.702265, 6.718541, 6.735136, 6.751788, 6.769207, 6.787163, 6.801888, 6.818568, 6.835321, 6.852092, 6.868936, 6.885565, 6.902429, 6.919288, 6.936201, 6.952428, 6.969236, 6.985734, 7.002460, 7.019037, 7.039082, 7.052533, 7.069129, 7.085829, 7.102478, 7.120827, 7.136033, 7.152639, 7.169268, 7.186070, 7.202514, 7.219198, 7.235907, 7.252531, 7.273142, 7.286666, 7.304107, 7.319340, 7.336059, 7.352770, 7.369416, 7.386109, 7.403177, 7.419713, 7.436544, 7.452802, 7.470052, 7.486155, 7.502754, 7.519314, 7.535905, 7.553912, 7.569270, 7.585882, 7.602499, 7.619155, 7.635961, 7.653286, 7.669254, 7.686327, 7.702472, 7.719934, 7.736069, 7.754157, 7.769276, 7.785871, 7.802772, 7.821152, 7.836611, 7.854397, 7.869381, 7.885963, 7.902696, 7.919486, 7.937047, 7.952789, 7.969344, 7.985955, 8.006706, 8.019558, 8.036899, 8.053063, 8.071184, 8.086397, 8.103741, 8.120118, 8.136447, 8.153624, 8.170121, 8.186445, 8.203074, 8.219781, 8.236526, 8.253063, 8.270383, 8.286520, 8.303143, 8.321121, 8.336445, 8.353248, 8.369914, 8.386647, 8.404673, 8.419890, 8.436587, 8.453215, 8.469798, 8.486512, 8.503924, 8.520054, 8.538081, 8.553179, 8.570956, 8.586463, 8.603273, 8.619852, 8.637238, 8.655336, 8.670358, 8.686543, 8.703202, 8.719811, 8.736611, 8.753221, 8.769893, 8.787246, 8.803263, 8.821883, 8.836393, 8.852996, 8.869542, 8.886293, 8.903265, 8.919534, 8.936266, 8.952892, 8.969542, 8.986249, 9.002927, 9.019646, 9.036236, 9.052836, 9.069559, 9.087994, 9.107055, 9.119824, 9.136374, 9.153486, 9.170505, 9.186315, 9.202890, 9.219525, 9.236170, 9.252863, 9.269445, 9.286897, 9.303030, 9.319565, 9.337890, 9.353570, 9.369805, 9.386393, 9.403466, 9.419788, 9.436378, 9.452984, 9.469728, 9.486354, 9.503117, 9.519723, 9.536374, 9.553060, 9.569681, 9.587968, 9.603134, 9.619831, 9.636441, 9.653711, 9.669827, 9.686504, 9.703114, 9.720460, 9.736634, 9.753217, 9.769871, 9.786547, 9.803265, 9.819911, 9.837978, 9.853371, 9.870088, 9.886748, 9.903927, 9.920773, 9.936903, 9.953441, 9.970828, 9.986978, 10.003565, 10.020263, 10.036875, 10.053582, 10.070373, 10.089113, 10.105257, 10.121233, 10.137109, 10.154253, 10.170440, 10.186932, 10.204389, 10.220437, 10.237044, 10.253791, 10.270392, 10.287117, 10.303714, 10.321975, 10.338989, 10.353749, 10.370541, 10.387171, 10.405037, 10.424584, 10.437178, 10.453853, 10.470555, 10.487235, 10.504025, 10.521258, 10.537499, 10.554084, 10.570667, 10.589119, 10.604108, 10.620765, 10.638015, 10.654174, 10.670716, 10.687406, 10.704136, 10.720772, 10.738073, 10.754221, 10.770754, 10.787474, 10.804178, 10.820900, 10.839004, 10.854312, 10.870897, 10.887737, 10.904454, 10.921236, 10.937860, 10.955228, 10.971429, 10.988590, 11.004822, 11.021374, 11.038060, 11.054679, 11.071429, 11.089948, 11.105469, 11.121728, 11.138771, 11.154762, 11.171404, 11.188053, 11.204713, 11.221461, 11.238736, 11.254956, 11.271442, 11.288247, 11.304904, 11.321604, 11.340027, 11.355188, 11.371705, 11.388309, 11.404941, 11.421587, 11.438268, 11.454916, 11.471971, 11.489188, 11.506262, 11.522346, 11.539104, 11.556121, 11.573457, 11.591911, 11.607489, 11.623923, 11.640485, 11.661895, 11.683199, 11.705215, 11.723858, 11.739615, 11.755385, 11.771078, 11.786670, 11.802349, 11.817780, 11.833890, 11.852158, 11.869743, 11.884792, 11.900936, 11.915200, 11.926026, 11.940479, 11.955284, 11.971913, 11.988558, 12.005279, 12.021859, 12.038575, 12.059698, 12.071903, 12.088701, 12.106834, 12.122118, 12.138627, 12.155328, 12.172098, 12.188795, 12.205390, 12.222826, 12.239004, 12.255628, 12.272223, 12.288938, 12.305608, 12.322340, 12.339036, 12.356885, 12.372915, 12.389025, 12.405626, 12.422337, 12.439030, 12.456299, 12.472512, 12.489072, 12.505784, 12.522500, 12.539785, 12.555995, 12.573305, 12.589315, 12.607893, 12.623026, 12.639271, 12.655941, 12.672635, 12.689290, 12.705904, 12.722618, 12.739268, 12.755930, 12.772611, 12.789328, 12.806090, 12.822846, 12.839455, 12.858819, 12.873983, 12.889645, 12.906315, 12.922940, 12.940298, 12.956451, 12.973033, 12.989649, 13.006357, 13.023714, 13.039861, 13.056532, 13.074625, 13.089830, 13.107662, 13.125103, 13.139896, 13.156534, 13.173150, 13.190564, 13.206697, 13.223272, 13.241497, 13.256640, 13.273317, 13.290748, 13.306827, 13.323794, 13.340026, 13.357146, 13.373291, 13.391864, 13.406622, 13.423266, 13.440548, 13.456728, 13.473314, 13.493944, 13.506862, 13.523420, 13.540071, 13.556805, 13.574101, 13.590859, 13.606801, 13.623478, 13.642598, 13.656959, 13.673557, 13.690227, 13.706854, 13.723628, 13.740277, 13.756977, 13.773582, 13.790247, 13.806881, 13.823605, 13.840454, 13.856838, 13.873560, 13.891826, 13.906902, 13.923640, 13.940286, 13.956912, 13.973629, 13.990258, 14.006969, 14.024297, 14.040406, 14.057037, 14.073708, 14.090516, 14.107669, 14.123816, 14.141862, 14.157080, 14.173862, 14.190468, 14.208672, 14.223829, 14.240437, 14.257206, 14.273852, 14.290500, 14.307520, 14.323910, 14.341063, 14.357347, 14.373940, 14.391787, 14.407229, 14.423931, 14.440526, 14.457234, 14.473955, 14.490524, 14.507361, 14.525534, 14.540652, 14.557413, 14.574118, 14.590736, 14.607391, 14.624042, 14.643400, 14.658167, 14.674273, 14.690814, 14.709020, 14.724865, 14.741056, 14.758332, 14.775150, 14.791306, 14.807864, 14.824435, 14.841305, 14.857798, 14.876371, 14.893599, 14.907749, 14.924293, 14.940973, 14.957551, 14.974237, 14.990814, 15.007510, 15.024141, 15.040907, 15.057578, 15.074770, 15.090899, 15.107555, 15.124191, 15.142668, 15.157590, 15.174280, 15.190908, 15.207613, 15.224952, 15.241065, 15.257666, 15.274340, 15.291084, 15.307851, 15.324428, 15.341494, 15.357709, 15.374442, 15.392732, 15.407757, 15.424438, 15.441101, 15.458436, 15.474608, 15.491188, 15.508009, 15.524557, 15.541270, 15.558036, 15.574547, 15.591452, 15.608663, 15.624765, 15.642801, 15.658139, 15.674680, 15.691374, 15.708131, 15.724738, 15.741447, 15.758126, 15.774766, 15.791469, 15.808245, 15.824762, 15.841491, 15.858122, 15.874853, 15.892737, 15.908143, 15.924849, 15.941557, 15.958181, 15.974886, 15.991605, 16.008264, 16.024873, 16.041604, 16.058379, 16.074968, 16.091622, 16.109850, 16.124976, 16.143710, 16.158376, 16.175048, 16.191715, 16.208343, 16.225056, 16.241706, 16.258339, 16.275809, 16.291943, 16.310481, 16.325622, 16.341798, 16.358453, 16.375248, 16.393693, 16.409146, 16.425364, 16.441946, 16.462487, 16.475288, 16.491926, 16.508621, 16.525140, 16.541949, 16.558672, 16.575152, 16.591950, 16.608599, 16.625489, 16.643658, 16.658822, 16.675527, 16.692174, 16.708874, 16.725557, 16.742241, 16.758927, 16.775648, 16.792261, 16.809402, 16.826476, 16.842408, 16.859022, 16.875740, 16.893688, 16.909043, 16.925737, 16.942390, 16.959043, 16.975745, 16.992423, 17.009226, 17.025862, 17.042581, 17.059675, 17.075778, 17.092468, 17.109221, 17.125877, 17.144636, 17.159427, 17.176051, 17.192865, 17.209516, 17.226181, 17.243634, 17.259670, 17.276384, 17.292967, 17.310250, 17.326292, 17.343031, 17.359737, 17.376458, 17.394689, 17.409594, 17.426403, 17.443064, 17.459823, 17.476358, 17.493136, 17.509977, 17.528505, 17.543252, 17.561005, 17.576684, 17.593314, 17.609964, 17.626633, 17.644697, 17.661420, 17.676693, 17.693290, 17.710026, 17.726693, 17.743426, 17.760087, 17.776784, 17.793415, 17.810761, 17.827326, 17.843755, 17.860138, 17.876883, 17.894733, 17.910197, 17.926928, 17.944316, 17.960317, 17.976918, 17.993669, 18.014921, 18.027363, 18.043677, 18.060490, 18.077051, 18.093776, 18.110400, 18.127366, 18.145719, 18.160440, 18.177220, 18.193774, 18.210478, 18.227083, 18.243721, 18.260331, 18.277196, 18.294177, 18.311320, 18.327167, 18.343829, 18.360454, 18.377295, 18.395634, 18.410604, 18.427185, 18.443923, 18.460507, 18.477250, 18.494216, 18.511426, 18.527856, 18.543964, 18.560668, 18.577305, 18.594038, 18.610669, 18.627421, 18.647729, 18.660962, 18.677690, 18.694138, 18.710950, 18.727349, 18.745874, 18.761030, 18.778100, 18.794668, 18.810874, 18.827567, 18.844258, 18.861541, 18.877814, 18.894278, 18.912720, 18.928319, 18.944597, 18.960930, 18.977715, 18.994598, 19.011195, 19.028253, 19.044446, 19.061140, 19.077793, 19.094432, 19.114951, 19.127755, 19.144357, 19.162618, 19.177856, 19.194419, 19.211072, 19.227925, 19.244438, 19.261923, 19.278634, 19.294587, 19.311293, 19.327965, 19.344640, 19.361356, 19.377991, 19.394638, 19.412652, 19.428669, 19.444915, 19.461377, 19.478098, 19.495050, 19.511686, 19.528630, 19.544843, 19.562580, 19.578466, 19.594947, 19.611646, 19.628373, 19.645010, 19.663714, 19.678218, 19.695015, 19.712350, 19.730105, 19.745235, 19.762005, 19.778618, 19.795110, 19.811836, 19.828319, 19.845005, 19.861471, 19.879745, 19.894843, 19.913577, 19.928198, 19.945548, 19.961691, 19.979351, 19.995673, 20.011712, 20.028784, 20.044951, 20.061671, 20.078250, 20.094855, 20.111462, 20.128104, 20.144635, 20.161254, 20.179630, 20.194593, 20.215324, 20.227977, 20.245323, 20.261561, 20.278418, 20.294743, 20.312574, 20.328325, 20.344826, 20.361514, 20.378197, 20.394841, 20.411499, 20.429712, 20.445015, 20.461664, 20.478424, 20.495369, 20.511716, 20.528651, 20.545687, 20.561822, 20.578449, 20.595046, 20.611758, 20.628396, 20.645104, 20.661842, 20.680586, 20.695331, 20.711976, 20.728675, 20.745461, 20.762537, 20.778687, 20.795289, 20.812041, 20.828644, 20.845341, 20.862099, 20.878749, 20.895346, 20.912073, 20.930510, 20.945417, 20.962118, 20.978851, 20.995766, 21.012253, 21.028840, 21.045525, 21.062861, 21.078987, 21.095594, 21.112238, 21.128973, 21.145618, 21.162339, 21.181261, 21.195861, 21.213161, 21.229259, 21.245892, 21.262465, 21.279179, 21.295866, 21.313383, 21.329287, 21.345909, 21.362551, 21.379357, 21.396086, 21.412794, 21.431626, 21.446112, 21.462831, 21.479515, 21.496849, 21.512830, 21.529471, 21.546150, 21.562897, 21.579622, 21.596320, 21.613006, 21.629666, 21.647080, 21.663173, 21.682668, 21.696549, 21.713132, 21.729851, 21.746717, 21.763225, 21.779860, 21.796575, 21.813253, 21.829987, 21.846598, 21.863199, 21.881447, 21.896763, 21.913376, 21.930013, 21.948452, 21.967541, 21.980095, 21.997357, 22.013403, 22.030032, 22.046736, 22.063430, 22.080123, 22.097406, 22.113654, 22.130270, 22.146821, 22.163476, 22.180219, 22.198601, 22.213666, 22.230821, 22.247013, 22.263588, 22.280266, 22.296899, 22.313490, 22.330755, 22.346800, 22.363323, 22.379991, 22.396667, 22.413325, 22.430013, 22.446737, 22.465492, 22.480819, 22.497412, 22.513449, 22.530113, 22.546759, 22.563429, 22.580098, 22.596783, 22.613445, 22.630125, 22.646782, 22.663485, 22.680914, 22.696972, 22.715506, 22.730769, 22.747340, 22.763570, 22.780235, 22.796893, 22.813624, 22.830244, 22.846940, 22.863609, 22.880276, 22.896959, 22.913637, 22.930298, 22.947049, 22.965443, 22.980920, 22.997550, 23.013752, 23.030468, 23.047101, 23.063809, 23.080476, 23.097877, 23.114034, 23.130710, 23.147279, 23.164059, 23.180750, 23.197448, 23.215554, 23.230771, 23.247414, 23.264130, 23.280838, 23.297462, 23.314140, 23.331444, 23.347562, 23.364183, 23.380830, 23.397543, 23.414882, 23.431097, 23.447685, 23.465599, 23.481012, 23.497757, 23.514361, 23.531027, 23.547716, 23.564358, 23.582662, 23.597841, 23.614743, 23.632026, 23.648751, 23.665557, 23.681692, 23.698318, 23.716598, 23.731540, 23.748881, 23.765033, 23.783099, 23.798314, 23.814904, 23.831613, 23.848285, 23.864895, 23.881552, 23.898220, 23.914900, 23.931583, 23.948948, 23.967591, 23.981932, 23.998357, 24.014995, 24.031664, 24.048352, 24.065064, 24.081673, 24.098378, 24.115004, 24.131744, 24.148398, 24.165104, 24.185962, 24.198553, 24.215073, 24.233417, 24.249119, 24.265200, 24.281867, 24.298454, 24.315174, 24.332544, 24.348692, 24.365842, 24.382032, 24.398634, 24.415326, 24.432081, 24.448693, 24.465829, 24.483393, 24.498792, 24.515374, 24.532001, 24.548697, 24.565323, 24.582002, 24.598710, 24.616066, 24.632228, 24.648871, 24.665622, 24.682331, 24.699185, 24.715631, 24.734449, 24.749692, 24.765785, 24.782365, 24.799759, 24.816539, 24.832615, 24.849139, 24.866559, 24.882721, 24.899212, 24.916065, 24.932785, 24.949137, 24.966376, 24.984555, 24.999224, 25.015827, 25.032362, 25.049022, 25.065669, 25.082309, 25.098966, 25.115641, 25.132511, 25.149046, 25.165727, 25.182423, 25.199164, 25.216141, 25.235075, 25.251345, 25.265898, 25.282509, 25.299086, 25.315854, 25.332531, 25.349150, 25.365887, 25.382590, 25.399210, 25.415984, 25.432691, 25.449205, 25.466121, 25.485449, 25.499092, 25.515800, 25.532538, 25.549033, 25.565778, 25.585908, 25.599107, 25.615805, 25.632524, 25.649254, 25.665882, 25.682702, 25.699348, 25.715942, 25.732671, 25.752053, 25.766075, 25.782711, 25.799363, 25.815993, 25.833351, 25.849540, 25.866151, 25.882752, 25.899426, 25.916095, 25.932804, 25.949569, 25.966124, 25.982878, 26.001381, 26.016259, 26.033005, 26.049619, 26.067044, 26.083171, 26.099865, 26.116491, 26.133826, 26.149959, 26.166917, 26.183244, 26.200563, 26.216663, 26.233171, 26.251514, 26.266512, 26.283165, 26.299860, 26.316481, 26.333128, 26.349865, 26.366463, 26.383208, 26.399814, 26.416581, 26.433377, 26.450322, 26.466511, 26.483905, 26.501507, 26.517318, 26.533391, 26.550003, 26.566646, 26.583290, 26.600686, 26.616809, 26.633449, 26.650172, 26.667766, 26.683604, 26.700128, 26.716819, 26.733521, 26.751406, 26.766759, 26.783491, 26.800105, 26.816761, 26.833401, 26.849997, 26.866724, 26.884107, 26.900208, 26.916973, 26.934014, 26.950164, 26.966853, 26.983532, 27.002458, 27.016856, 27.033635, 27.050136, 27.067578, 27.083755, 27.100164, 27.116996, 27.133604, 27.152433, 27.167229, 27.184225, 27.200409, 27.216996, 27.233694, 27.252389, 27.266980, 27.283752, 27.300348, 27.317080, 27.333716, 27.350401, 27.367149, 27.383775, 27.400508, 27.418872, 27.434378, 27.450484, 27.467225, 27.483953, 27.502352, 27.517242, 27.533935, 27.550551, 27.567313, 27.583966, 27.600624, 27.617348, 27.634026, 27.650836, 27.668075, 27.684685, 27.700871, 27.717309, 27.734722, 27.755469, 27.767343, 27.783973, 27.800698, 27.817352, 27.834018, 27.851413, 27.867586, 27.884950, 27.901131, 27.918197, 27.934551, 27.951031, 27.967665, 27.984399, 28.001129, 28.019402, 28.034443, 28.051046, 28.067625, 28.084383, 28.101014, 28.117725, 28.134439, 28.151057, 28.168127, 28.184338, 28.200995, 28.217657, 28.234325, 28.251018, 28.269264, 28.284322, 28.300995, 28.317680, 28.334340, 28.351029, 28.367718, 28.384400, 28.401109, 28.418350, 28.434396, 28.451010, 28.467721, 28.484391, 28.501262, 28.519905, 28.534676, 28.551235, 28.567928, 28.584559, 28.601202, 28.617899, 28.634851, 28.651305, 28.668735, 28.684723, 28.701259, 28.717935, 28.735274, 28.752068, 28.769475, 28.784808, 28.801658, 28.818318, 28.834974, 28.852380, 28.868658, 28.885051, 28.902018, 28.918540, 28.935182, 28.951754, 28.968460, 28.985072, 29.001851, 29.020375, 29.035067, 29.051546, 29.068158, 29.084844, 29.101523, 29.118171, 29.134892, 29.151677, 29.168214, 29.184914, 29.201584, 29.218937, 29.235212, 29.251765, 29.270335, 29.285045, 29.301781, 29.318449, 29.335091, 29.351798, 29.370806, 29.385378, 29.402477, 29.418588, 29.435239, 29.451866, 29.468515, 29.485313, 29.501922, 29.520288, 29.535310, 29.551946, 29.568677, 29.585287, 29.601922, 29.618731, 29.636910, 29.652574, 29.668762, 29.685452, 29.702078, 29.718867, 29.735504, 29.752139, 29.770203, 29.785524, 29.802168, 29.818917, 29.835634, 29.852254, 29.872875, 29.886410, 29.902966, 29.919680, 29.935844, 29.953132, 29.969319, 29.985843, 30.002612, 30.021367, 30.035871, 30.052538, 30.069236, 30.085873, 30.102565, 30.119394, 30.135830, 30.152524, 30.169390, 30.185799, 30.202454, 30.219141, 30.236478, 30.252598, 30.271221, 30.285875, 30.302549, 30.319916, 30.336016, 30.353343, 30.369451, 30.386070, 30.403109, 30.419385, 30.435994, 30.452640, 30.469377, 30.485992, 30.502709, 30.521272, 30.535985, 30.552638, 30.569280, 30.585989, 30.602706, 30.619374, 30.636093, 30.652746, 30.669360, 30.686081, 30.702690, 30.719387, 30.735895, 30.752630, 30.769082, 30.787827, 30.802578, 30.819179, 30.835852, 30.852515, 30.869247, 30.885970, 30.903321, 30.919473, 30.936010, 30.952717, 30.969414, 30.986099, 31.002801, 31.019466, 31.038267, 31.052795, 31.069484, 31.086157, 31.102873, 31.119678, 31.136216, 31.152868, 31.169507, 31.186997, 31.203251, 31.219999, 31.236686, 31.253352, 31.270061, 31.288266, 31.303438, 31.320086, 31.336727, 31.354233, 31.370343, 31.386858, 31.403498, 31.420215, 31.436846, 31.453557, 31.470222, 31.486877, 31.503646, 31.520273, 31.538183, 31.554275, 31.571098, 31.587160, 31.603676, 31.620493, 31.637193, 31.654459, 31.670549, 31.687136, 31.703694, 31.720368, 31.737037, 31.753667, 31.771826, 31.789188, 31.803699, 31.820364, 31.837142, 31.853782, 31.870438, 31.887118, 31.903763, 31.920447, 31.937823, 31.953954, 31.970559, 31.987205, 32.003936, 32.020564, 32.040268, 32.053958, 32.070604, 32.087342, 32.104123, 32.121173, 32.137590, 32.153956, 32.170657, 32.187288, 32.203940, 32.221340, 32.237451, 32.254034, 32.270713, 32.287395, 32.306369, 32.320776, 32.337471, 32.357742, 32.371362, 32.387501, 32.404176, 32.420828, 32.438184, 32.454312, 32.470921, 32.487553, 32.504339, 32.520968, 32.537663, 32.556260, 32.570969, 32.587707, 32.604444, 32.621526, 32.637710, 32.654394, 32.671016, 32.688427, 32.704555, 32.721101, 32.737805, 32.755158, 32.771398, 32.787942, 32.806287, 32.821235, 32.838092, 32.854694, 32.871770, 32.888752, 32.904731, 32.921367, 32.938093, 32.954742, 32.971346, 32.988012, 33.004723, 33.021392, 33.038090, 33.056229, 33.071467, 33.088160, 33.104763, 33.121808, 33.138071, 33.154788, 33.171560, 33.188178, 33.204789, 33.221511, 33.238199, 33.254847, 33.271505, 33.288223, 33.306130, 33.322245, 33.338512, 33.354959, 33.371708, 33.388333, 33.405014, 33.421671, 33.438360, 33.455030, 33.471687, 33.488350, 33.505080, 33.521699, 33.538351, 33.557096, 33.571772, 33.589144, 33.605833, 33.621905, 33.638555, 33.655193, 33.671880, 33.688543, 33.705221, 33.721903, 33.738576, 33.755193, 33.771878, 33.788523, 33.807150, 33.824290, 33.838719, 33.855781, 33.872689, 33.888867, 33.906953, 33.922815, 33.939028, 33.955573, 33.972259, 33.989604, 34.005780, 34.022296, 34.039016, 34.057221, 34.072440, 34.089364, 34.106180, 34.122369, 34.139095, 34.155876, 34.174073, 34.189229, 34.205886, 34.222519, 34.239919, 34.255999, 34.272653, 34.289274, 34.308171, 34.322765, 34.339347, 34.356073, 34.372675, 34.389411, 34.406048, 34.422731, 34.439428, 34.456035, 34.472727, 34.493662, 34.506141, 34.522726, 34.539470, 34.558785, 34.572960, 34.590346, 34.606415, 34.623091, 34.639742, 34.656665, 34.673399, 34.690097, 34.706694, 34.723413, 34.740096, 34.756757, 34.773469, 34.790145, 34.808072, 34.823465, 34.840703, 34.856755, 34.873509, 34.890159, 34.906788, 34.923560, 34.940239, 34.956864, 34.973642, 34.990311, 35.006970, 35.023587, 35.040280, 35.059046, 35.073660, 35.090751, 35.107045, 35.123735, 35.140285, 35.156967, 35.173676, 35.190985, 35.207142, 35.223756, 35.240396, 35.257054, 35.273754, 35.290506, 35.309086, 35.324543, 35.340672, 35.357266, 35.373910, 35.390532, 35.407282, 35.424002, 35.441270, 35.458059, 35.474104, 35.490645, 35.507472, 35.524116, 35.540840, 35.559098, 35.574724, 35.591018, 35.608290, 35.624466, 35.642546, 35.657686, 35.674379, 35.691032, 35.707740, 35.724379, 35.741061, 35.757807, 35.774507, 35.791277, 35.811162, 35.824536, 35.841254, 35.857987, 35.874598, 35.891866, 35.908200, 35.924682, 35.941359, 35.958779, 35.974815, 35.991408, 36.012583, 36.024857, 36.041548, 36.058685, 36.077183, 36.091507, 36.108193, 36.124810, 36.141482, 36.158837, 36.174976, 36.191590, 36.208215, 36.224883, 36.241523, 36.258194, 36.274800, 36.291563, 36.308632, 36.324828, 36.343087, 36.358114, 36.374817, 36.391470, 36.408168, 36.424877, 36.441522, 36.458184, 36.474872, 36.492229, 36.508506, 36.525023, 36.541686, 36.558918, 36.575067, 36.593122, 36.608351, 36.625087, 36.641722, 36.659196, 36.675123, 36.691730, 36.708402, 36.725118, 36.741783, 36.758539, 36.775354, 36.792005, 36.809821, 36.825487, 36.844064, 36.858713, 36.875446, 36.892779, 36.908869, 36.925411, 36.942154, 36.958706, 36.975340, 36.992008, 37.008527, 37.026053, 37.043584, 37.059229, 37.075288, 37.093920, 37.108841, 37.125306, 37.141982, 37.158613, 37.175276, 37.191985, 37.208647, 37.225297, 37.243529, 37.258703, 37.275409, 37.292044, 37.309200, 37.325350, 37.343939, 37.358689, 37.375312, 37.392017, 37.408585, 37.425279, 37.443949, 37.458639, 37.475965, 37.492026, 37.508722, 37.526078, 37.542763, 37.559331, 37.575513, 37.594051, 37.608864, 37.625540, 37.642192, 37.658986, 37.675688, 37.692397, 37.709046, 37.725675, 37.742359, 37.759797, 37.775936, 37.792427, 37.809425, 37.825807, 37.844656, 37.859260, 37.877084, 37.892753, 37.909295, 37.925968, 37.942637, 37.959274, 37.976711, 37.992823, 38.009462, 38.026188, 38.042863, 38.059468, 38.076122, 38.093987, 38.109393, 38.126116, 38.142684, 38.159359, 38.175981, 38.192645, 38.209309, 38.225911, 38.242645, 38.260146, 38.276331, 38.292776, 38.309418, 38.326014, 38.343999, 38.359369, 38.376128, 38.392791, 38.409450, 38.426156, 38.442803, 38.459458, 38.476134, 38.492846, 38.509547, 38.526221, 38.542867, 38.559575, 38.576239, 38.594955, 38.609557, 38.626268, 38.642962, 38.659601, 38.676310, 38.694522, 38.709689, 38.726359, 38.743086, 38.759683, 38.776912, 38.793080, 38.809679, 38.827134, 38.845007, 38.859790, 38.877193, 38.893275, 38.911334, 38.926573, 38.943248, 38.959906, 38.976668, 38.993611, 39.010001, 39.030302, 39.043280, 39.059970, 39.076641, 39.094886, 39.109983, 39.126928, 39.143329, 39.160048, 39.176744, 39.193327, 39.210710, 39.226862, 39.243479, 39.260139, 39.277356, 39.293706, 39.310225, 39.326852, 39.344917, 39.360315, 39.376992, 39.393655, 39.410358, 39.427058, 39.443684, 39.460345, 39.477780, 39.494285, 39.510558, 39.528271, 39.543957, 39.560517, 39.577175, 39.595941, 39.610554, 39.627230, 39.643888, 39.660554, 39.677169, 39.693829, 39.710495, 39.727167, 39.743886, 39.760560, 39.777139, 39.793741, 39.810454, 39.827768, 39.846115, 39.860408, 39.877157, 39.893816, 39.910440, 39.927139, 39.943809, 39.960527, 39.977145, 39.994320, 40.010667, 40.027710, 40.043881, 40.060458, 40.077219, 40.095909, 40.110414, 40.127158, 40.143785, 40.161248, 40.177357, 40.193885, 40.210627, 40.227354, 40.244072, 40.260761, 40.277849, 40.294710, 40.310843, 40.327368, 40.345992, 40.360604, 40.377238, 40.393890, 40.410584, 40.427262, 40.443960, 40.460621, 40.477327, 40.494996, 40.512337, 40.527548, 40.544042, 40.561375, 40.577559, 40.596010, 40.611435, 40.627603, 40.644174, 40.660844, 40.677519, 40.694189, 40.710952, 40.727598, 40.744391, 40.761007, 40.779111, 40.794934, 40.811067, 40.827598, 40.845908, 40.860963, 40.877691, 40.894340, 40.910988, 40.927616, 40.944305, 40.960964, 40.977695, 40.994732, 41.011045, 41.027687, 41.044322, 41.061002, 41.077639, 41.099881, 41.110984, 41.127693, 41.144379, 41.161001, 41.177669, 41.194351, 41.210966, 41.227719, 41.244480, 41.261556, 41.277736, 41.294363, 41.311074, 41.327729, 41.344386, 41.363535, 41.378478, 41.394618, 41.411246, 41.427895, 41.444566, 41.461210, 41.478689, 41.495383, 41.511385, 41.528685, 41.544871, 41.561413, 41.578061, 41.594718, 41.612885, 41.628091, 41.644781, 41.661485, 41.678138, 41.694779, 41.711469, 41.728198, 41.744830, 41.761618, 41.778157, 41.794809, 41.812206, 41.828377, 41.844974, 41.862881, 41.878487, 41.895135, 41.912524, 41.928610, 41.945211, 41.961913, 41.978700, 41.995953, 42.011905, 42.028530, 42.045278, 42.061919, 42.078558, 42.095354, 42.113892, 42.128620, 42.145368, 42.161996, 42.178706, 42.195357, 42.212047, 42.228748, 42.245931, 42.262756, 42.279549, 42.296272, 42.312368, 42.328916, 42.345597, 42.363983, 42.378911, 42.395654, 42.412348, 42.428983, 42.445646, 42.462389, 42.478909, 42.496283, 42.512292, 42.528974, 42.545626, 42.562345, 42.579036, 42.595715, 42.613775, 42.629084, 42.645875, 42.663224, 42.679462, 42.696007, 42.712669, 42.729289, 42.746426, 42.762585, 42.779969, 42.796117, 42.812717, 42.829389, 42.847544, 42.864871, 42.879485, 42.896118, 42.912921, 42.929729, 42.946349, 42.963120, 42.979762, 42.996565, 43.013145, 43.029897, 43.046478, 43.063145, 43.081355, 43.096510, 43.114744, 43.129916, 43.146634, 43.163214, 43.179854, 43.196697, 43.213281, 43.230489, 43.246628, 43.263250, 43.279984, 43.297347, 43.314112, 43.330287, 43.346891, 43.365807, 43.380406, 43.397119, 43.413757, 43.434996, 43.447192, 43.463944, 43.481065, 43.497234, 43.513975, 43.530529, 43.547231, 43.563953, 43.580668, 43.597348, 43.615776, 43.630759, 43.647470, 43.664197, 43.680897, 43.697651, 43.714661, 43.731361, 43.747553, 43.764213, 43.781610, 43.797715, 43.814350, 43.830988, 43.847659, 43.865831, 43.881661, 43.897868, 43.914456, 43.931193, 43.947988, 43.964553, 43.981173, 43.997856, 44.014483, 44.031169, 44.047797, 44.064441, 44.081125, 44.098462, 44.117051, 44.131570, 44.148020, 44.164769, 44.181447, 44.198203, 44.215318, 44.231431, 44.248079, 44.265461, 44.281596, 44.298157, 44.314831, 44.331358, 44.348056, 44.366762, 44.381434, 44.399692, 44.414854, 44.431537, 44.448180, 44.465321, 44.481515, 44.498208, 44.514694, 44.531418, 44.548016, 44.566186, 44.581435, 44.598033, 44.616740, 44.631484, 44.648223, 44.664982, 44.682349, 44.698443, 44.715461, 44.731645, 44.748368, 44.765097, 44.785583, 44.798364, 44.815089, 44.831673, 44.848414, 44.866707, 44.881707, 44.898406, 44.915028, 44.931723, 44.948312, 44.965348, 44.981677, 44.998375, 45.015133, 45.031806, 45.048388, 45.065741, 45.081929, 45.098458, 45.116706, 45.131840, 45.148541, 45.165349, 45.182006, 45.199210, 45.215240, 45.231938, 45.248644, 45.265222, 45.281962, 45.298550, 45.315267, 45.331893, 45.348577, 45.366667, 45.381957, 45.398598, 45.416159, 45.432143, 45.448515, 45.465236, 45.481888, 45.498577, 45.515221, 45.532646, 45.548763, 45.566087, 45.582180, 45.599462, 45.617000, 45.632105, 45.648732, 45.665524, 45.682263, 45.699149, 45.717072, 45.732302, 45.748908, 45.765531, 45.782243, 45.800348, 45.815539, 45.832375, 45.849114, 45.868832, 45.882583, 45.899905, 45.916218, 45.933101, 45.949282, 45.965988, 45.982707, 45.999382, 46.016010, 46.032759, 46.049352, 46.065941, 46.082724, 46.099302, 46.121775, 46.133914, 46.149544, 46.166315, 46.183277, 46.199430, 46.216132, 46.232736, 46.249403, 46.266147, 46.282822, 46.299483, 46.316090, 46.332789, 46.349436, 46.366122, 46.385653, 46.399591, 46.416554, 46.433418, 46.449523, 46.466234, 46.482959, 46.499761, 46.516438, 46.533136, 46.549756, 46.566411, 46.583122, 46.599786, 46.616427, 46.634682, 46.649878, 46.666492, 46.683760, 46.699912, 46.716485, 46.733882, 46.750689, 46.766759, 46.783387, 46.800030, 46.816688, 46.833406, 46.850078, 46.866698, 46.885542, 46.902321, 46.916861, 46.933968, 46.950110, 46.966666, 46.983398, 47.000151, 47.016724, 47.034117, 47.051797, 47.066830, 47.083487, 47.100250, 47.116781, 47.134697, 47.150232, 47.167295, 47.184034, 47.200913, 47.216999, 47.233598, 47.250299, 47.266879, 47.283610, 47.301051, 47.317620, 47.338619, 47.353156, 47.367117, 47.385854, 47.400505, 47.417245, 47.434289, 47.450549, 47.467160, 47.483901, 47.500610, 47.517181, 47.533873, 47.550560, 47.567833, 47.583953, 47.600579, 47.617198, 47.635698, 47.650647, 47.667344, 47.683988, 47.700531, 47.717161, 47.734519, 47.750713, 47.767188, 47.783880, 47.800504, 47.817095, 47.833740, 47.850252, 47.866930, 47.883719, 47.901731, 47.916959, 47.933900, 47.950314, 47.966973, 47.983651, 48.000380, 48.017004, 48.033722, 48.050391, 48.067055, 48.083774, 48.100272, 48.116991, 48.133677, 48.151608, 48.168317, 48.183745, 48.200315, 48.217044, 48.234356, 48.250609, 48.267078, 48.283800, 48.301926, 48.317180, 48.333846, 48.350512, 48.367171, 48.383945, 48.402596, 48.417352, 48.433971, 48.450570, 48.467304, 48.483993, 48.502136, 48.518069, 48.534112, 48.550738, 48.568082, 48.584284, 48.600857, 48.617568, 48.637819, 48.652661, 48.668272, 48.684415, 48.701662, 48.718435, 48.734540, 48.751184, 48.767784, 48.784477, 48.801087, 48.817801, 48.834469, 48.851156, 48.867835, 48.884509, 48.903700, 48.918267, 48.934333, 48.951684, 48.967808, 48.985070, 49.001248, 49.017776, 49.034418, 49.051145, 49.067771, 49.084487, 49.101842, 49.118124, 49.134659, 49.153727, 49.167826, 49.184550, 49.201136, 49.217829, 49.235197, 49.251300, 49.267855, 49.284550, 49.301179, 49.317885, 49.334484, 49.351191, 49.367875, 49.384637, 49.403633, 49.417895, 49.435307, 49.451209, 49.467893, 49.484583, 49.501257, 49.517973, 49.534617, 49.552045, 49.568168, 49.584819, 49.601425, 49.618202, 49.635594, 49.653820, 49.668255, 49.684955, 49.701572, 49.718343, 49.734930, 49.751649, 49.769432, 49.785227, 49.801734, 49.818422, 49.835055, 49.851836, 49.868408, 49.885131, 49.903712, 49.918563, 49.935243, 49.951909, 49.968633, 49.985151, 50.001902, 50.018587, 50.035211, 50.053418, 50.068651, 50.085265, 50.101992, 50.118829, 50.135312, 50.154555, 50.168736, 50.185331, 50.202009, 50.218736, 50.235366, 50.251984, 50.270234, 50.285472, 50.302028, 50.319404, 50.335623, 50.352143, 50.368919, 50.385574, 50.405204, 50.419011, 50.435664, 50.452302, 50.468895, 50.485631, 50.502344, 50.519663, 50.535778, 50.552365, 50.569009, 50.585722, 50.602417, 50.619099, 50.636438, 50.654702, 50.669173, 50.689806, 50.702494, 50.719193, 50.735766, 50.752426, 50.769073, 50.785762, 50.802505, 50.819259, 50.836089, 50.852718, 50.869493, 50.887181, 50.904684, 50.919626, 50.936290, 50.952987, 50.969642, 50.986282, 51.002992, 51.019595, 51.036330, 51.052929, 51.069655, 51.086416, 51.102986, 51.119874, 51.136262, 51.155154, 51.170616, 51.186830, 51.203406, 51.220229, 51.237017, 51.253808, 51.270342, 51.287138, 51.303779, 51.320450, 51.337222, 51.353766, 51.370514, 51.387492, 51.405510, 51.420326, 51.436971, 51.453614, 51.470338, 51.486918, 51.505133, 51.520371, 51.537041, 51.553748, 51.570421, 51.587106, 51.603778, 51.620986, 51.638496, 51.655463, 51.670374, 51.686977, 51.703677, 51.720237, 51.736991, 51.754367, 51.770537, 51.787060, 51.803754, 51.820427, 51.837164, 51.854562, 51.871017, 51.887176, 51.905498, 51.920611, 51.937176, 51.953879, 51.971231, 51.988588, 52.008008, 52.020804, 52.038146, 52.054308, 52.070932, 52.087568, 52.104255, 52.121351, 52.137671, 52.155652, 52.170915, 52.187515, 52.204269, 52.220727, 52.237499, 52.254140, 52.271477, 52.287557, 52.303939, 52.320616, 52.337215, 52.353831, 52.371637, 52.387330, 52.405157, 52.422725, 52.437360, 52.453972, 52.470647, 52.487333, 52.503980, 52.520675, 52.537331, 52.553988, 52.570736, 52.587346, 52.604028, 52.621143, 52.637385, 52.654208, 52.673122, 52.687814, 52.704333, 52.720976, 52.737710, 52.754375, 52.771799, 52.787890, 52.804484, 52.822870, 52.838034, 52.855175, 52.872051, 52.888033, 52.904695, 52.922550, 52.938014, 52.954651, 52.971355, 52.987991, 53.006258, 53.021361, 53.038051, 53.055477, 53.071695, 53.088230, 53.108845, 53.121409, 53.138873, 53.154996, 53.173586, 53.188170, 53.204874, 53.221701, 53.238441, 53.254940, 53.271537, 53.288328, 53.305210, 53.321642, 53.338323, 53.355467, 53.371615, 53.388274, 53.404991, 53.423479, 53.438297, 53.454940, 53.471716, 53.488370, 53.505056, 53.521642, 53.539079, 53.555271, 53.571966, 53.588650, 53.605877, 53.622368, 53.639006, 53.655646, 53.673446, 53.688989, 53.706364, 53.722517, 53.739163, 53.755741, 53.773120, 53.789252, 53.805843, 53.822470, 53.839595, 53.855844, 53.873203, 53.889331, 53.905927, 53.924483, 53.939260, 53.955920, 53.972531, 53.989225, 54.007559, 54.022612, 54.039250, 54.055947, 54.072675, 54.089785, 54.107329, 54.122878, 54.139286, 54.156003, 54.179144, 54.193462, 54.209564, 54.226202, 54.241421, 54.256122, 54.272763, 54.289475, 54.306150, 54.322846, 54.339980, 54.356191, 54.372826, 54.389456, 54.406211, 54.422816, 54.442062, 54.456340, 54.473635, 54.489728, 54.506391, 54.522961, 54.539695, 54.556435, 54.573066, 54.590205, 54.606416, 54.623079, 54.640372, 54.656613, 54.673098, 54.691537, 54.706380, 54.723091, 54.739904, 54.756565, 54.773072, 54.789909, 54.806623, 54.823710, 54.839933, 54.856450, 54.874716, 54.889984, 54.906621, 54.923910, 54.941539, 54.956666, 54.974853, 54.990002, 55.006739, 55.023403, 55.040875, 55.057018, 55.073497, 55.090462, 55.106900, 55.123520, 55.140192, 55.157533, 55.173644, 55.193124, 55.207127, 55.223712, 55.240417, 55.257001, 55.273765, 55.290554, 55.307666, 55.324299, 55.340509, 55.357152, 55.373821, 55.390532, 55.407094, 55.423970, 55.442369, 55.457283, 55.473948, 55.490623, 55.507339, 55.524022, 55.540874, 55.557911, 55.574051, 55.591442, 55.607544, 55.624134, 55.640802, 55.657431, 55.674146, 55.692334, 55.707596, 55.724279, 55.740888, 55.757629, 55.774295, 55.791020, 55.808105, 55.824290, 55.841030, 55.857679, 55.874452, 55.891059, 55.908512, 55.924565, 55.942350, 55.957906, 55.974281, 55.991010, 56.007689, 56.025064, 56.041264, 56.058263, 56.074411, 56.091210, 56.107804, 56.124466, 56.141227, 56.157941, 56.174690, 56.193342, 56.207915, 56.224633, 56.241161, 56.257913, 56.274651, 56.291320, 56.308782, 56.325306, 56.341410, 56.358037, 56.374701, 56.391494, 56.408068, 56.424689, 56.443379, 56.458075, 56.474793, 56.491587, 56.508302, 56.524864, 56.542257, 56.558830, 56.574886, 56.591585, 56.608222, 56.625715, 56.641819, 56.658340, 56.675083, 56.693474, 56.708327, 56.729798, 56.741883, 56.758459, 56.775094, 56.792147, 56.808819, 56.824997, 56.841655, 56.858354, 56.875732, 56.891774, 56.908328, 56.925123, 56.943411, 56.958410, 56.975098, 56.991766, 57.008554, 57.025425, 57.041865, 57.058936, 57.075146, 57.091927, 57.108564, 57.125143, 57.141800, 57.158454, 57.175082, 57.193345, 57.208382, 57.225016, 57.241702, 57.258444, 57.275063, 57.292204, 57.308750, 57.324751, 57.342625, 57.358451, 57.376408, 57.391847, 57.408470, 57.425206, 57.443388, 57.458514, 57.475046, 57.491721, 57.508514, 57.525125, 57.543260, 57.558762, 57.574992, 57.591662, 57.608359, 57.625047, 57.641701, 57.659024, 57.675839, 57.693405, 57.708509, 57.725145, 57.742564, 57.758815, 57.775431, 57.791998, 57.808673, 57.827366, 57.841975, 57.858672, 57.875346, 57.892023, 57.908703, 57.925452, 57.943291, 57.958765, 57.975371, 57.992351, 58.008860, 58.025663, 58.042186, 58.058886, 58.075485, 58.092212, 58.108921, 58.125556, 58.142279, 58.158926, 58.175630, 58.194263, 58.209017, 58.225764, 58.242340, 58.259093, 58.276005, 58.292414, 58.309143, 58.325791, 58.342487, 58.359177, 58.375793, 58.392488, 58.409201, 58.425898, 58.444192, 58.459239, 58.475996, 58.493068, 58.509481, 58.526663, 58.543277, 58.559556, 58.576138, 58.592886, 58.609589, 58.626162, 58.642933, 58.659614, 58.676285, 58.696389, 58.709636, 58.726387, 58.743057, 58.759815, 58.777601, 58.793255, 58.810559, 58.828128, 58.843253, 58.859971, 58.876635, 58.893299, 58.909964, 58.926624, 58.943340, 58.961427, 58.976722, 58.993479, 59.009952, 59.027222, 59.043250, 59.059940, 59.077260, 59.093445, 59.109950, 59.127292, 59.143530, 59.164663, 59.176858, 59.193446, 59.211324, 59.226843, 59.243486, 59.260261, 59.277275, 59.293370, 59.310002, 59.326558, 59.343085, 59.359813, 59.376397, 59.393024, 59.409892, 59.426446, 59.443068, 59.461153, 59.476545, 59.493450, 59.509834, 59.527687, 59.543394, 59.559895, 59.576549, 59.593263, 59.609910, 59.626556, 59.643223, 59.659912, 59.676577, 59.693243, 59.711173, 59.726691, 59.743488, 59.760092, 59.777152, 59.793453, 59.810083, 59.826740, 59.843545, 59.860259, 59.876932, 
12, 10, 1, 1.666234, 1.665891, 1.665342, 1.665019, 1.712863, 1.800962, 1.901071, 2.016924, 2.161116, 2.333746, 2.526130, 2.718338, 2.949779, 3.201107, 3.459544, 3.754760, 4.115317, 4.498778, 4.916129, 5.357759, 5.805312, 6.247709, 6.669923, 7.034379, 7.365166, 7.666012, 7.929876, 8.159214, 8.381429, 8.555357, 8.723296, 8.849708, 8.964626, 9.059375, 8.984863, 9.132552, 9.121773, 9.054122, 8.950399, 8.814291, 8.670289, 8.526005, 8.289836, 8.070071, 7.820759, 7.567451, 7.314153, 6.881304, 6.634103, 6.280022, 6.156371, 6.052639, 5.820309, 5.584937, 5.197271, 5.122591, 4.885249, 4.651034, 4.445712, 4.211267, 4.005885, 3.622846, 3.611631, 3.415743, 3.051243, 2.867296, 2.687813, 2.511519, 2.344394, 2.182992, 2.015117, 1.854169, 1.691329, 1.510243, 1.315502, 1.139849, 0.969050, 0.854843, 0.636890, 0.473291, 0.307104, 0.156952, 0.001051, 0.159847, 0.303477, 0.423395, 0.520812, 0.606409, 0.663532, 0.709639, 0.714174, 0.679780, 0.641514, 0.595148, 0.534056, 0.494997, 0.473083, 0.461230, 0.483351, 0.543351, 0.629038, 0.723159, 0.844952, 0.956697, 1.057092, 1.200423, 1.322709, 1.401876, 1.460957, 1.496139, 1.602898, 1.560660, 1.587010, 1.597887, 1.603702, 1.601752, 1.571708, 1.546225, 1.472846, 1.369113, 1.256614, 1.102387, 0.983909, 0.852837, 0.713740, 0.584794, 0.486243, 0.350781, 0.265384, 0.183030, 0.101597, 0.035414, 0.023761, 0.067191, 0.109358, 0.138289, 0.144887, 0.149475, 0.136455, 0.092475, 0.036277, 0.119874, 0.133715, 0.255553, 0.382871, 0.547769, 0.699917, 0.957553, 1.016066, 1.162795, 1.307475, 1.445051, 1.672204, 1.693635, 1.869351, 1.986679, 2.081944, 2.085822, 2.241466, 2.292630, 2.345896, 2.379475, 2.411917, 2.443348, 2.465387, 2.448453, 2.492863, 2.530596, 2.554771, 2.575295, 2.590167, 2.589650, 2.592522, 2.579163, 2.557419, 2.513028, 2.469039, 2.385543, 2.320285, 2.273198, 2.233241, 2.202365, 2.175127, 2.145072, 2.141419, 2.146860, 2.138246, 2.134371, 2.102509, 2.051741, 1.962029, 1.898439, 1.836015, 1.733381, 1.625042, 1.517557, 1.410051, 1.302881, 1.197755, 1.093089, 0.989036, 0.885184, 0.783874, 0.673002, 0.581731, 0.481627, 0.379891, 0.284775, 0.180065, 0.091538, 0.003748, 0.099209, 0.193794, 0.218183, 0.323849, 0.445384, 0.578404, 0.702866, 0.836510, 0.971727, 1.102020, 1.218012, 1.332619, 1.461031, 1.587762, 1.746837, 1.861266, 1.995135, 2.157973, 2.292514, 2.429047, 2.569639, 2.690031, 2.797937, 2.902822, 2.956656, 3.020841, 3.045572, 3.051887, 3.070512, 3.092779, 3.106867, 3.136365, 3.164742, 3.172176, 3.206071, 3.159938, 3.233685, 3.231051, 3.176322, 3.226741, 3.223623, 3.197329, 3.161372, 3.123983, 3.065141, 3.000587, 2.936135, 2.850264, 2.741647, 2.655735, 2.577961, 2.420892, 2.456102, 2.438452, 2.353342, 2.416847, 2.443188, 2.429203, 2.525314, 2.532735, 2.525171, 2.605770, 2.576285, 2.588813, 2.660054, 2.558910, 2.529326, 2.577326, 2.430147, 2.363450, 2.283139, 2.181376, 2.097649, 2.012237, 1.935853, 1.862287, 1.781015, 1.711192, 1.649343, 1.581599, 1.527048, 1.471048, 1.425732, 1.393076, 1.393707, 1.424106, 1.452083, 1.507148, 1.600996, 1.702513, 1.825663, 1.950783, 2.117240, 2.229718, 2.341412, 2.452121, 2.566145, 2.647428, 2.720810, 2.772228, 2.833501, 2.879614, 2.920548, 2.939183, 3.017958, 2.979209, 2.956576, 2.908243, 2.848956, 2.726184, 2.554811, 2.351327, 2.118077, 1.854836, 1.527113, 1.191407, 0.835882, 0.482303, 0.143925, 0.187554, 0.497491, 0.781121, 1.032642, 1.238470, 1.405755, 1.519996, 1.601800, 1.626785, 1.616189, 1.588376, 1.527829, 1.445580, 1.351517, 1.242837, 1.125355, 1.022497, 0.916733, 0.812645, 0.703317, 0.600420, 0.483964, 0.333617, 0.167258, 0.044510, 0.244152, 0.446792, 0.640418, 0.817749, 0.992360, 1.081396, 1.167117, 1.223341, 1.249083, 1.257469, 1.248371, 1.232492, 1.132882, 1.191641, 1.209505, 1.229911, 1.269963, 1.336785, 1.427220, 1.545367, 1.694386, 1.862234, 2.038368, 2.222248, 2.377778, 2.527078, 2.675259, 2.812032, 2.874430, 2.964548, 3.106189, 3.166033, 3.217261, 3.216971, 3.174516, 3.256623, 3.113245, 3.065615, 3.133536, 2.958865, 2.890917, 2.943979, 2.764412, 2.706140, 2.647396, 2.601486, 2.581990, 2.567853, 2.562682, 2.558760, 2.571682, 2.579912, 2.590549, 2.597715, 2.616810, 2.650012, 2.664680, 2.669710, 2.671428, 2.639356, 2.628937, 2.654251, 2.642534, 2.629512, 2.659988, 2.718569, 2.733416, 2.762799, 2.787840, 2.805732, 2.818437, 2.802296, 2.776282, 2.739028, 2.660938, 2.574843, 2.464502, 2.264635, 2.217746, 2.060063, 1.911461, 1.750064, 1.584911, 1.422100, 1.267686, 1.112617, 0.973425, 0.827230, 0.697627, 0.457849, 0.480105, 0.395215, 0.305967, 0.260374, 0.175326, 0.119959, 0.075282, 0.025442, 0.034090, 0.033673, 0.027351, 0.044795, 0.066611, 0.092325, 0.063689, 0.172808, 0.207358, 0.238029, 0.278658, 0.321210, 0.331992, 0.342352, 0.316422, 0.308895, 0.281799, 0.240336, 0.165093, 0.100852, 0.001678, 0.199489, 0.185433, 0.305721, 0.441725, 0.585434, 0.865370, 0.903742, 1.064467, 1.218901, 1.389718, 1.534495, 1.643703, 1.707447, 1.755147, 1.784828, 1.780928, 1.812292, 1.715231, 1.659044, 1.636642, 1.511349, 1.433747, 1.410065, 1.288047, 1.257131, 1.127294, 1.034557, 0.980101, 0.857046, 0.760965, 0.703999, 0.570388, 0.517304, 0.420381, 0.302759, 0.301327, 0.275212, 0.272151, 0.280515, 0.286346, 0.234446, 0.350241, 0.375733, 0.367593, 0.348811, 0.301259, 0.256932, 0.210431, 0.194198, 0.181769, 0.195827, 0.220095, 0.264708, 0.317821, 0.390720, 0.458827, 0.516889, 0.563765, 0.632196, 0.680762, 0.726463, 0.753163, 0.770650, 0.779901, 0.805347, 0.825495, 0.842289, 0.868928, 0.908223, 0.947141, 0.978612, 1.015523, 1.055933, 1.087273, 1.112836, 1.123373, 1.128856, 1.133112, 1.056707, 1.017409, 0.961715, 0.886208, 0.785182, 0.660880, 0.563432, 0.457519, 0.342162, 0.232213, 0.120592, 0.007919, 0.110460, 0.243373, 0.396660, 0.556272, 0.715340, 0.872985, 1.030679, 1.187066, 1.342572, 1.497283, 1.651063, 1.797436, 1.906426, 1.983141, 2.004275, 1.981539, 1.899625, 1.784359, 1.627016, 1.443273, 1.183689, 1.074124, 0.897746, 0.759800, 0.612253, 0.483261, 0.348006, 0.225241, 0.122216, 0.040473, 0.037809, 0.114550, 0.177361, 0.336041, 0.337633, 0.441591, 0.522442, 0.618009, 0.711907, 0.811896, 0.902574, 0.989363, 1.075251, 1.158097, 1.230346, 1.281986, 1.337617, 1.377394, 1.487347, 1.502074, 1.553241, 1.614867, 1.667410, 1.748707, 1.812815, 1.901447, 1.942332, 1.944307, 2.009576, 1.996590, 2.003727, 2.012613, 1.984823, 1.972615, 1.955137, 1.920546, 1.923581, 1.896349, 1.870439, 1.852056, 1.824567, 1.802208, 1.778348, 1.774968, 1.769794, 1.745421, 1.712261, 1.681240, 1.635509, 1.558811, 1.501711, 1.442889, 1.387297, 1.341281, 1.288679, 1.236464, 1.186568, 1.149410, 1.107443, 1.067498, 1.008489, 0.925357, 0.845378, 0.786156, 0.706102, 0.631778, 0.541699, 0.449773, 0.357205, 0.263725, 0.169896, 0.071627, 0.020708, 0.117837, 0.214981, 0.313852, 0.424859, 0.512859, 0.612572, 0.714005, 0.815571, 0.917890, 1.021059, 1.125003, 1.229549, 1.334883, 1.442145, 1.546863, 1.654976, 1.762756, 1.860127, 1.924626, 1.936310, 1.941402, 1.868450, 1.888572, 1.848235, 1.802472, 1.745410, 1.688369, 1.630007, 1.593038, 1.539283, 1.468899, 1.408388, 1.352127, 1.307847, 1.278573, 1.254993, 1.228008, 1.210922, 1.193231, 1.182334, 1.168449, 1.174078, 1.141975, 1.114131, 1.059788, 0.986306, 0.893130, 0.793241, 0.683349, 0.579944, 0.471154, 0.371076, 0.219909, 0.223504, 0.179792, 0.151040, 0.136163, 0.073437, 0.118892, 0.107677, 0.072453, 0.003761, 0.141784, 0.133895, 0.198100, 0.331466, 0.309837, 0.410948, 0.386921, 0.419541, 0.509611, 0.469876, 0.479281, 0.514846, 0.449827, 0.442006, 0.475742, 0.412531, 0.349913, 0.283104, 0.168477, 0.123271, 0.051787, 0.011087, 0.058100, 0.085996, 0.106293, 0.125566, 0.131551, 0.150804, 0.166176, 0.190233, 0.220234, 0.268738, 0.351141, 0.394176, 0.472885, 0.539947, 0.613668, 0.671815, 0.708903, 0.750475, 0.787533, 0.801309, 0.814902, 0.818610, 0.826404, 0.831485, 0.831705, 0.826313, 0.809312, 0.779145, 0.748315, 0.703368, 0.652648, 0.648637, 0.607444, 0.561832, 0.513739, 0.463209, 0.407882, 0.327788, 0.241768, 0.141609, 0.034517, 0.088911, 0.210529, 0.343258, 0.474274, 0.600324, 0.725783, 0.849423, 0.966271, 1.075697, 1.153235, 1.215366, 1.242100, 1.225687, 1.179077, 1.082130, 0.978988, 0.852481, 0.709511, 0.563559, 0.419071, 0.279465, 0.148570, 0.039806, 0.048407, 0.127685, 0.199801, 0.289372, 0.364290, 0.450811, 0.549496, 0.661431, 0.787209, 0.922228, 1.050389, 1.184330, 1.310887, 1.428317, 1.507522, 1.582550, 1.636198, 1.682536, 1.713725, 1.742290, 1.766603, 1.801660, 1.849698, 1.917569, 1.878472, 2.048568, 2.132737, 2.212034, 2.310102, 2.399457, 2.495103, 2.603125, 2.723635, 2.854543, 2.972654, 3.107273, 3.228279, 3.347191, 3.447603, 3.423506, 3.490055, 3.657800, 3.714194, 3.646665, 3.677873, 3.838136, 3.737300, 3.756740, 3.780140, 3.801124, 3.817600, 3.821881, 3.794440, 3.749514, 3.715541, 3.654299, 3.577606, 3.502623, 3.403725, 3.297420, 3.188072, 3.090796, 2.974687, 2.906075, 2.854598, 2.821577, 2.820214, 2.849449, 2.850246, 2.873915, 2.923533, 2.583084, 2.596609, 2.623609, 2.660933, 2.713270, 2.751396, 2.789626, 2.818281, 2.836108, 2.841848, 2.832290, 2.786819, 2.702817, 2.611160, 2.502519, 2.382886, 2.252519, 2.108169, 1.957929, 1.836065, 1.687348, 1.577739, 1.459544, 1.349912, 1.218216, 1.084337, 0.948232, 0.796022, 0.636590, 0.477768, 0.324017, 0.186635, 0.081845, 0.017129, 0.074758, 0.083968, 0.120759, 0.103221, 0.073374, 0.034762, 0.020940, 0.081395, 0.135620, 0.213031, 0.293633, 0.368321, 0.459934, 0.537784, 0.622343, 0.692779, 0.768095, 0.820661, 0.846749, 0.853444, 0.803237, 0.803356, 0.766872, 0.708605, 0.556714, 0.563694, 0.398720, 0.394469, 0.320269, 0.248736, 0.194968, 0.146438, 0.114304, 0.092411, 0.080143, 0.062942, 0.023776, 0.080742, 0.063610, 0.174658, 0.212524, 0.250488, 0.231250, 0.353670, 0.344495, 0.480286, 0.553357, 0.559658, 0.714225, 0.797395, 0.801332, 0.955486, 1.025708, 1.029711, 1.175385, 1.260975, 1.350262, 1.436894, 1.534689, 1.644366, 1.764425, 1.886347, 1.994151, 2.110582, 2.222276, 2.327203, 2.431143, 2.551868, 2.668018, 2.783660, 2.895854, 3.000212, 3.103766, 3.193187, 3.259767, 3.318938, 3.355112, 3.382731, 3.377933, 3.352732, 3.298039, 3.247016, 3.177469, 3.073028, 2.986004, 2.893145, 2.791820, 2.692947, 2.592613, 2.492382, 2.393712, 2.295349, 2.148868, 1.938434, 1.697034, 1.409165, 1.092183, 0.758913, 0.415948, 0.017937, 0.287049, 0.625496, 0.951765, 1.265179, 1.543886, 1.821380, 2.077942, 2.316472, 2.536299, 2.730905, 2.917730, 3.097859, 3.279745, 3.466434, 3.624508, 3.744273, 3.876735, 3.965373, 4.051788, 4.174210, 4.238603, 4.229011, 4.190021, 4.130114, 4.066808, 3.977612, 3.865436, 3.704140, 3.505561, 3.150612, 2.983525, 2.662373, 2.313541, 1.959224, 1.581938, 1.193088, 0.798181, 0.413436, 0.048219, 0.310204, 0.642117, 0.950507, 1.210076, 1.441978, 1.725190, 1.885878, 1.963064, 2.137356, 2.183514, 2.268634, 2.376212, 2.387766, 2.426833, 2.444656, 2.419448, 2.438405, 2.413753, 2.345707, 2.308196, 2.274525, 2.216144, 2.157286, 2.097307, 2.037855, 1.978219, 1.919403, 1.845608, 1.786478, 1.727501, 1.664005, 1.607364, 1.535648, 1.454552, 1.366622, 1.268714, 1.163399, 1.058073, 0.956103, 0.849856, 0.724647, 0.605635, 0.480742, 0.341565, 0.236051, 0.108642, 0.049664, 0.132770, 0.280593, 0.399470, 0.504759, 0.601972, 0.708012, 0.793323, 0.856412, 0.905968, 0.983401, 1.054847, 1.103577, 1.151968, 1.200402, 1.248452, 1.296128, 1.320311, 1.366796, 1.406911, 1.447633, 1.498886, 1.557517, 1.618713, 1.685087, 1.741438, 1.800977, 1.861908, 1.920219, 2.002206, 2.069146, 2.137110, 2.205449, 2.280012, 2.361902, 2.432977, 2.494995, 2.546348, 2.578239, 2.602992, 2.618245, 2.607829, 2.581663, 2.525317, 2.454390, 2.376971, 2.281070, 2.169262, 1.983589, 1.916312, 1.767090, 1.534281, 1.404191, 1.340638, 1.202419, 1.080009, 0.916947, 0.860545, 0.751799, 0.653816, 0.571246, 0.419996, 0.352218, 0.343938, 0.234068, 0.231875, 0.134764, 0.096476, 0.106657, 0.015112, 0.022953, 0.013482, 0.085198, 0.114851, 0.101157, 0.201595, 0.255310, 0.303208, 0.347654, 0.400002, 0.472000, 0.542598, 0.607124, 0.676090, 0.740169, 0.811800, 0.864698, 0.939691, 0.990922, 1.023677, 1.048343, 1.058271, 1.081023, 1.093207, 1.080958, 1.078374, 1.053920, 1.020473, 0.957664, 0.902437, 0.830290, 0.744176, 0.623001, 0.507279, 0.417095, 0.323515, 0.211107, 0.083157, 0.040122, 0.162111, 0.287071, 0.413277, 0.519987, 0.618631, 0.709351, 0.799369, 0.881721, 0.957344, 1.033803, 1.106304, 1.175790, 1.241164, 1.269661, 1.298753, 1.324543, 1.348366, 1.377737, 1.415793, 1.442039, 1.463300, 1.480305, 1.510045, 1.537047, 1.563615, 1.585315, 1.615231, 1.631420, 1.647692, 1.655870, 1.654136, 1.641911, 1.626871, 1.545366, 1.568178, 1.514404, 1.470813, 1.408740, 1.320181, 1.234266, 1.154208, 1.055620, 0.944574, 0.832184, 0.710669, 0.593404, 0.477720, 0.287866, 0.162695, 0.134890, 0.031421, 0.064072, 0.216402, 0.236807, 0.323817, 0.392686, 0.461647, 0.524079, 0.635815, 0.689217, 0.666916, 0.698663, 0.783058, 0.809013, 0.784360, 0.871574, 0.894144, 0.870502, 0.946089, 0.961207, 0.947853, 0.913016, 0.884653, 0.830010, 0.762938, 0.687748, 0.609363, 0.536813, 0.431537, 0.358575, 0.310605, 0.273060, 0.229320, 0.179244, 0.138774, 0.070654, 0.008597, 0.104531, 0.211215, 0.334125, 0.444718, 0.579343, 0.700961, 0.777950, 0.858910, 0.923208, 0.961473, 1.017070, 1.026716, 1.021458, 0.980430, 0.916055, 0.827106, 0.718103, 0.606470, 0.517481, 0.379956, 0.264707, 0.136281, 0.006193, 0.143672, 0.310933, 0.500660, 0.713012, 0.935455, 1.181849, 1.432592, 1.689190, 1.933549, 2.151917, 2.332849, 2.475487, 2.587659, 2.693191, 2.778777, 2.874352, 2.933653, 2.985733, 3.013825, 3.040985, 3.048847, 3.025637, 2.998340, 2.955464, 2.890018, 2.844512, 2.782921, 2.725103, 2.653859, 2.575264, 2.513164, 2.462797, 2.392011, 2.367371, 2.326203, 2.244358, 2.152098, 2.064220, 1.951209, 1.836706, 1.652978, 1.459926, 1.306979, 1.147197, 0.978007, 0.788357, 0.593495, 0.397124, 0.201091, 0.012291, 0.135773, 0.271863, 0.397940, 0.426587, 0.534758, 0.626627, 0.768246, 0.898014, 1.072051, 1.222676, 1.319182, 1.449219, 1.498978, 1.496362, 1.439258, 1.331642, 1.168989, 0.967566, 0.734075, 0.465551, 0.015914, 0.201249, 0.596065, 1.175008, 1.464235, 2.125634, 2.652700, 3.014026, 3.731903, 4.288012, 4.678237, 5.381123, 5.906331, 6.280491, 6.911207, 7.392844, 7.876157, 8.327891, 8.733186, 9.103798, 9.433330, 9.711630, 9.927423, 10.109211, 10.218800, 10.387801, 10.508952, 10.638334, 10.700528, 10.772035, 10.809444, 10.830016, 10.812787, 10.802736, 10.709665, 10.619147, 10.498186, 10.345066, 10.172043, 9.959464, 9.728247, 9.477653, 9.189565, 8.863901, 8.508705, 8.119797, 7.682670, 7.222827, 6.744722, 6.238854, 5.713623, 5.177445, 4.644269, 4.101147, 3.629155, 3.075753, 2.588058, 2.129488, 1.708748, 1.329442, 0.992927, 0.670078, 0.403836, 0.182182, 0.010578, 0.112344, 0.177074, 0.207396, 0.186151, 0.136258, 0.066592, 0.011853, 0.057743, 0.107619, 0.172504, 0.235601, 0.303458, 0.392890, 0.466226, 0.552235, 0.628603, 0.638022, 0.749174, 0.770777, 0.769640, 0.735694, 0.677362, 0.583987, 0.457285, 0.300651, 0.130986, 0.069095, 0.265761, 0.482352, 0.693569, 0.901965, 1.233809, 1.351145, 1.358286, 1.423239, 1.456638, 1.400198, 1.305774, 1.148429, 0.904790, 0.648346, 0.391192, 0.133111, 0.128718, 0.416708, 0.654382, 0.919345, 1.180233, 1.441343, 1.710429, 1.963913, 2.224160, 2.467162, 2.619461, 2.808232, 2.918736, 2.913624, 3.009050, 2.978745, 2.789496, 2.785853, 2.476352, 2.277134, 2.048953, 1.819159, 1.566015, 1.292601, 1.036605, 0.762502, 0.480226, 0.202420, 0.093940, 0.355666, 0.600103, 0.803998, 0.964698, 1.086858, 1.160398, 1.183125, 1.172014, 1.129611, 1.051855, 0.965000, 0.865896, 0.761580, 0.626588, 0.487443, 0.311044, 0.138757, 0.052786, 0.226029, 0.386481, 0.536454, 0.720291, 0.864893, 1.001140, 1.093783, 1.182431, 1.260786, 1.321321, 1.358439, 1.385707, 1.362736, 1.363370, 1.353240, 1.286827, 1.270789, 1.202441, 1.129982, 1.049487, 0.949040, 0.839157, 0.724129, 0.604622, 0.477838, 0.350531, 0.222133, 0.095053, 0.033707, 0.152221, 0.272782, 0.387146, 0.497181, 0.585486, 0.656685, 0.738532, 0.785739, 0.848030, 0.901963, 0.939544, 0.951528, 0.951810, 0.937030, 0.909787, 0.858808, 0.814794, 0.774742, 0.644066, 0.552690, 0.443315, 0.331222, 0.196043, 0.051156, 0.086531, 0.220632, 0.357020, 0.482945, 0.597788, 0.713099, 0.863625, 0.973690, 1.059423, 1.191183, 1.284542, 1.384832, 1.487702, 1.630429, 1.793544, 1.914373, 2.041145, 2.127428, 2.265558, 2.321942, 2.361119, 2.365055, 2.313260, 2.253795, 2.177208, 2.133774, 1.935360, 1.859374, 1.612123, 1.431316, 1.288532, 0.990396, 0.726971, 0.523085, 0.146483, 0.158408, 0.481418, 0.835093, 1.186922, 1.558218, 1.931716, 2.297202, 2.673544, 2.983733, 3.295094, 3.616065, 3.911323, 4.173520, 4.426902, 4.650382, 4.813773, 4.966359, 5.118163, 5.184720, 5.195037, 5.158482, 5.066572, 4.935051, 4.785988, 4.604171, 4.401779, 4.192230, 3.958997, 3.703523, 3.460374, 3.199677, 2.933706, 2.654633, 2.392346, 2.134344, 1.892706, 1.657140, 1.456637, 1.278446, 1.099080, 0.951637, 0.817060, 0.701811, 0.578502, 0.445212, 0.312938, 0.161830, 0.022714, 0.165949, 0.347768, 0.538094, 0.731184, 0.928164, 1.127702, 1.326171, 1.496506, 1.691488, 1.872568, 2.038085, 2.213825, 2.405620, 2.595612, 2.763732, 3.070661, 3.130713, 3.326224, 3.507400, 3.658806, 3.803891, 3.936456, 4.077010, 4.189121, 4.288081, 4.367079, 4.428384, 4.484355, 4.563148, 4.539754, 4.627419, 4.548678, 4.550464, 4.528295, 4.498043, 4.466798, 4.430908, 4.380208, 4.333745, 4.276267, 4.203881, 4.117795, 4.030541, 3.932094, 3.819909, 3.728535, 3.565568, 3.445788, 3.330023, 3.224708, 3.118671, 3.011308, 2.893207, 2.843942, 2.709145, 2.667182, 2.521261, 2.433755, 2.388436, 2.299331, 2.195251, 2.086895, 1.975910, 1.854088, 1.723258, 1.567683, 1.456369, 1.308838, 1.164361, 1.013761, 0.851624, 0.709335, 0.572846, 0.410256, 0.262139, 0.117106, 0.020506, 0.155056, 0.300326, 0.432391, 0.571157, 0.713097, 0.860930, 1.000225, 1.132613, 1.258473, 1.365598, 1.469643, 1.551690, 1.639594, 1.684198, 1.729853, 1.757644, 1.746862, 1.788436, 1.718672, 1.663385, 1.626033, 1.584487, 1.526425, 1.461438, 1.406409, 1.321854, 1.252572, 1.190146, 1.118891, 1.035200, 0.939895, 0.849782, 0.758455, 0.671532, 0.578289, 0.465004, 0.350701, 0.225030, 0.124975, 0.036051, 0.042256, 0.104214, 0.149557, 0.202803, 0.227565, 0.235821, 0.240042, 0.231501, 0.184565, 0.099575, 0.049927, 0.028989, 0.125350, 0.232935, 0.355003, 0.491779, 0.637798, 0.805601, 0.959313, 1.163788, 1.273866, 1.501342, 1.670273, 1.820812, 1.952337, 2.050193, 2.099701, 2.108208, 2.071679, 1.968387, 1.827712, 1.630386, 1.413043, 1.156496, 0.897400, 0.470076, 0.422821, 0.225910, 0.079378, 0.044405, 0.119698, 0.133755, 0.111240, 0.038459, 0.003517, 0.118227, 0.280487, 0.359651, 0.443330, 0.612620, 0.618727, 0.694035, 0.844640, 0.910762, 0.873518, 1.003106, 0.938499, 0.956763, 1.066817, 0.954260, 0.936388, 1.014963, 0.862455, 0.781402, 0.686187, 0.580586, 0.474162, 0.379843, 0.293665, 0.211223, 0.133484, 0.056663, 0.008671, 0.066743, 0.138380, 0.215746, 0.282851, 0.362891, 0.458138, 0.563040, 0.693548, 0.847853, 1.031645, 1.229994, 1.424518, 1.620155, 1.818287, 2.012432, 2.174392, 2.319528, 2.441118, 2.541648, 2.587309, 2.601697, 2.581214, 2.513338, 2.411568, 2.299562, 2.163149, 2.000521, 1.872281, 1.720188, 1.573239, 1.443942, 1.330075, 1.343861, 1.214679, 1.115967, 1.011292, 0.899154, 0.780674, 0.646280, 0.510767, 0.312293, 0.153225, 0.040097, 0.221479, 0.394174, 0.556394, 0.674330, 0.769820, 0.824843, 0.859246, 0.872703, 0.884671, 0.882315, 0.888597, 0.896418, 0.894897, 0.903193, 0.950033, 1.005246, 1.068951, 1.151623, 1.236908, 1.333266, 1.425601, 1.516560, 1.605272, 1.670192, 1.761213, 1.738165, 1.864079, 1.914620, 1.939081, 1.978322, 2.006888, 2.025241, 2.028106, 2.029113, 2.019660, 1.930479, 1.930503, 1.863455, 1.808508, 1.713198, 1.584658, 1.456414, 1.447609, 1.310330, 1.151948, 0.830978, 0.794574, 0.434210, 0.227383, 0.024932, 0.195808, 0.426406, 0.658212, 0.896174, 1.141858, 1.227288, 1.655301, 1.933075, 2.168765, 2.411538, 2.648631, 2.887200, 3.122530, 3.315405, 3.481416, 3.606874, 3.707057, 3.790646, 3.859587, 3.914333, 3.965661, 3.959863, 3.942019, 3.924423, 3.906013, 3.890912, 3.873904, 3.857030, 3.840039, 3.823683, 3.807513, 3.877471, 3.962663, 4.080201, 4.203912, 4.318040, 4.437007, 4.530163, 4.618888, 4.699617, 4.794527, 4.878572, 4.958257, 5.029533, 5.086798, 5.097729, 5.121166, 5.187648, 5.261549, 5.344804, 5.492621, 5.640026, 5.739690, 5.910142, 6.102830, 6.300497, 6.508085, 6.713445, 6.946118, 7.200432, 7.463347, 7.725676, 7.993171, 8.247654, 8.494470, 8.728402, 8.942646, 9.201919, 9.311165, 9.451309, 9.608141, 9.710953, 9.813930, 9.887554, 9.943253, 10.010067, 10.022072, 10.009068, 9.996713, 9.983070, 9.966432, 9.875032, 9.742728, 9.568993, 9.404751, 9.203811, 8.940523, 8.784314, 8.635403, 8.471066, 8.354457, 8.196382, 8.038030, 7.930114, 7.761970, 7.604365, 7.438403, 7.324613, 7.196350, 7.062904, 6.851581, 6.700169, 6.461480, 6.288860, 5.944850, 5.770425, 5.417373, 5.142743, 4.953233, 4.561767, 4.235324, 3.858356, 3.427870, 2.958088, 2.595415, 1.826255, 1.203765, 0.564552, 0.093666, 0.764431, 1.418602, 2.033627, 2.624854, 3.204271, 3.738777, 4.218438, 4.650113, 5.027689, 5.360563, 5.630009, 5.844856, 6.006753, 6.132252, 6.219805, 6.256176, 6.261792, 6.267548, 6.250151, 6.158108, 6.007750, 5.795895, 5.538649, 5.223932, 4.867280, 4.470407, 4.086237, 3.689276, 3.313531, 2.919664, 2.543211, 2.168627, 1.783944, 1.394005, 1.013683, 0.631038, 0.193249, 0.208313, 0.603812, 0.986914, 1.364532, 1.859363, 2.071839, 2.417315, 2.739304, 3.047798, 3.320023, 3.546018, 3.733487, 3.885455, 4.015521, 4.103829, 4.139133, 4.147165, 4.111368, 4.002763, 3.894416, 3.742792, 3.612661, 3.410282, 3.198288, 2.976599, 2.751596, 2.522066, 2.312632, 2.133511, 1.961174, 1.797827, 1.636167, 1.512824, 1.389448, 1.237372, 1.114608, 0.999881, 0.880081, 0.763893, 0.671688, 0.594031, 0.520506, 0.426948, 0.347646, 0.265501, 0.160854, 0.034939, 0.050113, 0.154672, 0.250017, 0.350629, 0.442759, 0.546628, 0.677417, 0.807798, 0.939877, 1.072033, 1.205171, 1.339880, 1.476046, 1.596166, 1.714647, 1.722008, 1.763129, 1.837125, 1.868762, 1.847843, 1.901078, 1.907489, 1.874069, 1.928971, 1.883011, 1.869300, 1.848234, 1.761302, 1.664720, 1.651104, 1.397302, 1.230357, 1.018995, 0.814571, 0.603720, 0.389223, 0.175424, 0.031807, 0.252816, 0.446871, 0.626413, 0.790425, 0.945232, 1.068058, 1.187776, 1.239872, 1.283637, 1.295670, 1.310750, 1.307196, 1.274296, 1.309578, 1.313948, 1.332330, 1.358507, 1.397546, 1.435719, 1.479453, 1.529005, 1.592165, 1.633949, 1.694171, 1.756716, 1.838042, 1.902759, 1.932466, 1.968078, 2.001777, 2.012988, 2.033125, 2.006365, 1.968999, 1.934221, 1.887882, 1.824568, 1.766714, 1.725629, 1.692863, 1.677966, 1.677958, 1.685360, 1.692254, 1.725664, 1.763261, 1.811407, 1.853188, 1.889556, 1.927534, 1.968627, 2.011526, 2.062739, 2.126308, 2.193034, 2.295983, 2.395973, 2.503433, 2.632772, 2.755103, 2.899578, 3.047569, 3.211324, 3.387463, 3.557856, 3.727802, 3.914722, 4.216625, 4.245172, 4.424481, 4.570915, 4.728734, 5.000793, 5.061596, 5.261168, 5.465241, 5.670935, 5.884637, 6.065918, 6.259180, 6.436765, 6.684636, 6.841827, 6.939810, 6.931076, 7.121072, 7.088585, 7.153823, 7.342985, 7.308901, 7.387304, 7.596694, 7.579168, 7.789826, 7.901907, 7.905358, 8.107336, 8.288075, 8.395265, 8.509950, 8.488198, 8.558089, 8.692661, 8.619741, 8.701714, 8.648566, 8.514261, 8.467677, 8.324741, 8.105040, 7.837093, 7.529942, 7.125768, 6.653027, 6.142327, 5.582935, 4.998633, 4.396231, 3.772531, 3.157217, 2.562933, 1.969415, 1.417161, 0.884208, 0.374958, 0.105878, 0.535921, 0.947043, 1.290328, 1.621320, 1.913956, 2.223733, 2.560534, 2.907057, 3.261056, 3.578896, 3.873124, 4.192375, 4.474481, 4.650283, 4.802925, 4.919022, 5.025774, 5.122192, 5.182876, 5.221386, 5.230478, 5.222004, 5.185969, 5.107945, 5.009123, 4.894202, 4.747329, 4.585442, 4.390410, 4.173965, 3.944424, 3.732396, 3.513653, 3.272646, 3.043257, 2.822812, 2.599271, 2.384591, 2.179106, 1.988114, 1.816618, 1.651856, 1.507738, 1.402226, 1.330456, 1.163811, 1.179989, 0.939729, 0.961243, 0.816643, 0.653802, 0.493046, 0.302897, 0.109751, 0.090473, 0.288481, 0.482531, 0.807670, 0.868074, 1.077366, 1.282085, 1.477695, 1.777213, 1.860114, 2.045027, 2.210865, 2.365713, 2.493427, 2.592263, 2.668340, 2.722356, 2.744371, 2.831428, 2.693754, 2.617133, 2.560169, 2.365512, 2.193374, 1.949269, 1.661664, 1.349783, 1.039861, 0.706794, 0.346007, 0.031241, 0.434817, 0.806142, 1.205912, 1.567956, 1.935753, 2.299062, 2.631270, 2.937952, 3.245320, 3.548174, 3.833957, 4.067827, 4.265704, 4.441306, 4.583462, 4.720120, 4.839662, 4.935886, 5.023468, 5.112994, 5.201920, 5.277029, 5.358068, 5.445878, 5.533389, 5.587076, 5.639901, 5.709486, 5.714266, 5.717725, 5.716316, 5.722648, 5.717687, 5.703702, 5.709677, 5.658285, 5.621546, 5.596219, 5.570574, 5.546432, 5.526530, 5.510262, 5.509966, 5.516500, 5.512517, 5.515994, 5.533696, 5.541994, 5.560813, 5.588129, 5.612880, 5.622432, 5.654977, 5.615428, 5.724650, 5.743132, 5.765671, 5.783442, 5.785439, 5.771432, 5.733427, 5.692975, 5.614634, 5.507518, 5.358814, 5.176056, 4.947171, 4.696537, 4.245439, 4.137193, 3.848085, 3.545428, 3.240738, 2.918375, 2.607566, 2.298641, 2.012590, 1.747039, 1.491635, 1.229696, 0.984935, 0.771824, 0.560996, 0.240821, 0.228980, 0.094489, 0.010448, 0.100696, 0.165502, 0.229273, 0.265526, 0.377689, 0.323496, 0.322973, 0.377873, 0.283937, 0.224420, 0.212217, 0.147523, 0.031403, 0.007030, 0.092887, 0.054020, 0.005161, 0.041365, 0.093677, 0.112405, 0.226726, 0.292460, 0.361424, 0.409984, 0.436585, 0.461475, 0.473642, 0.477893, 0.491228, 0.498957, 0.510375, 0.524563, 0.543361, 0.569480, 0.610680, 0.647844, 0.712400, 0.781500, 0.855455, 0.932572, 1.023872, 1.146157, 1.280902, 1.445041, 1.645677, 1.860456, 2.102897, 2.360103, 2.641911, 2.966655, 3.324792, 3.699330, 4.097095, 4.503505, 4.921662, 5.353303, 5.879597, 6.186239, 6.592389, 6.982613, 7.368029, 7.724464, 8.051180, 8.376213, 8.676039, 8.917418, 9.135483, 9.305568, 9.383507, 9.387140, 9.242586, 9.143981, 8.912454, 8.604040, 8.235506, 7.802602, 7.326259, 6.804506, 6.264230, 5.724319, 5.204326, 4.688152, 4.186032, 3.706243, 3.255072, 2.834451, 2.457978, 1.964039, 1.844138, 1.608993, 1.457038, 1.364199, 1.348966, 1.405513, 1.568061, 1.762464, 1.977305, 2.263583, 2.626174, 3.042585, 3.496038, 4.002630, 4.673419, 5.142180, 5.771047, 6.418224, 7.080770, 7.744216, 8.390501, 9.070482, 9.750333, 10.439048, 11.109003, 11.771806, 12.419696, 13.068358, 13.748819, 14.611503, 15.175513, 15.897367, 16.782576, 17.510312, 18.041979, 18.897575, 19.443173, 20.279334, 20.946488, 21.481485, 22.312950, 22.994362, 23.480127, 24.199509, 24.750699, 25.240767, 25.636013, 25.946944, 26.189992, 26.367170, 26.535755, 26.554998, 26.581616, 26.655730, 26.494522, 26.399148, 26.271561, 26.107608, 25.905399, 25.677354, 25.467150, 25.023530, 24.485223, 24.255839, 23.776879, 23.515770, 23.018412, 22.500117, 21.964821, 21.404691, 20.786677, 20.116357, 19.400725, 18.662221, 17.932265, 17.151587, 16.390408, 15.607794, 14.795281, 13.964701, 13.152234, 12.387826, 11.654888, 10.944378, 10.266156, 9.611516, 8.994570, 8.404729, 7.831113, 7.275572, 6.750787, 6.252008, 5.791184, 5.360965, 4.947763, 4.552122, 4.177240, 3.803221, 3.461686, 3.111833, 2.755511, 2.399172, 2.021243, 1.623921, 1.231500, 0.841540, 0.444149, 0.026558, 0.383672, 0.788169, 1.159451, 1.454993, 1.756448, 1.953441, 2.060667, 2.062313, 1.990467, 1.810392, 1.513979, 1.141104, 0.540702, 0.039398, 0.557862, 1.212563, 1.784861, 2.380043, 2.972935, 3.481426, 3.955716, 4.395557, 4.845120, 5.117942, 5.450384, 5.790562, 6.093703, 6.296623, 6.541775, 6.710063, 6.832065, 6.915469, 6.963754, 6.991675, 6.943983, 6.864660, 6.758092, 6.618617, 6.441475, 6.239571, 6.033386, 5.805159, 5.399516, 5.385438, 5.187275, 4.979580, 4.797006, 4.458060, 4.464064, 4.298699, 3.992975, 4.029618, 3.924501, 3.684580, 3.744708, 3.537613, 3.609753, 3.547607, 3.366046, 3.442637, 3.394131, 3.225567, 3.212648, 3.193125, 3.145879, 3.102826, 3.072827, 3.032258, 2.950033, 2.839552, 2.692281, 2.490083, 2.264363, 2.015707, 1.741690, 1.464182, 1.166136, 0.871518, 0.588200, 0.300965, 0.022939, 0.242526, 0.499653, 0.736626, 0.989311, 1.231325, 1.454927, 1.672167, 1.873601, 2.059269, 2.222821, 2.362661, 2.446923, 2.509203, 2.552224, 2.562151, 2.537449, 2.497195, 2.416061, 2.297145, 2.149223, 1.974660, 1.785883, 1.552344, 1.349454, 1.129439, 0.903095, 0.687128, 0.468246, 0.273637, 0.095735, 0.094390, 0.208740, 0.325502, 0.439530, 0.533593, 0.595460, 0.656532, 0.696979, 0.722967, 0.740366, 0.731770, 0.726375, 0.657947, 0.603811, 0.534635, 0.471982, 0.404299, 0.304300, 0.293469, 0.250067, 0.216157, 0.100969, 0.170239, 0.155237, 0.154839, 0.143478, 0.149226, 0.145187, 0.175987, 0.218687, 0.261805, 0.333701, 0.375723, 0.408451, 0.420430, 0.401632, 0.235857, 0.243317, 0.092159, 0.100623, 0.323288, 0.584302, 0.858520, 1.349479, 1.498422, 1.834658, 2.369038, 2.543429, 2.901628, 3.414007, 3.717548, 4.035045, 4.391455, 4.752517, 5.120495, 5.497792, 5.897151, 6.303825, 6.694360, 7.072958, 7.414825, 7.722905, 7.975629, 8.186863, 8.346824, 8.451696, 8.517971, 8.541134, 8.521259, 8.450235, 8.312234, 8.202872, 8.040800, 7.850751, 7.660597, 7.469984, 7.280669, 7.055470, 6.792934, 6.476164, 6.198343, 5.906802, 5.596867, 5.279674, 4.968452, 4.648136, 4.326860, 4.004550, 3.694263, 3.376732, 3.097517, 2.818570, 2.591586, 2.385943, 2.211374, 2.038255, 1.873236, 1.705486, 1.537976, 1.373416, 1.303229, 1.256718, 1.227467, 1.203697, 1.185571, 1.203339, 1.185391, 1.199586, 1.225639, 1.246240, 1.287980, 1.326515, 1.364888, 1.404154, 1.445676, 1.486508, 1.528976, 1.557317, 1.579419, 1.592337, 1.591054, 1.591286, 1.588126, 1.583920, 1.584518, 1.572888, 1.580917, 1.586982, 1.594118, 1.602257, 1.610132, 1.662397, 1.691449, 1.678214, 1.662189, 1.623985, 1.571175, 1.496793, 1.409818, 1.309271, 1.187118, 1.021269, 0.853222, 0.725894, 0.576862, 0.435071, 0.296563, 0.166199, 0.054253, 0.029034, 0.102901, 0.166318, 0.244283, 0.314678, 0.418733, 0.503206, 0.578491, 0.647520, 0.680543, 0.758781, 0.804831, 0.814608, 0.804051, 0.800811, 0.796089, 0.794824, 0.772260, 0.711463, 0.765655, 0.781913, 0.753426, 0.826167, 0.823872, 0.866489, 0.945367, 0.967976, 1.036268, 1.136375, 1.158608, 1.213428, 1.305610, 1.331232, 1.377551, 1.417245, 1.472227, 1.526979, 1.577553, 1.641674, 1.714926, 1.789285, 1.872425, 1.957437, 2.069987, 2.149270, 2.238182, 2.343756, 2.517520, 2.697648, 2.829818, 2.906920, 3.004567, 3.075040, 3.136481, 3.189307, 3.216679, 3.216978, 3.192878, 3.134619, 3.066717, 2.982693, 2.858854, 2.706025, 2.483156, 2.198584, 1.844697, 1.398534, 0.891932, 0.320888, 0.300724, 0.987179, 1.668710, 2.357094, 3.046414, 3.721157, 4.333526, 4.924158, 5.438697, 5.898751, 6.294271, 6.625780, 6.859199, 7.013770, 7.110891, 7.139686, 7.111978, 7.038368, 6.914579, 6.788847, 6.613827, 6.433448, 6.228826, 5.957035, 5.639256, 5.263188, 4.848232, 4.388587, 3.885615, 3.373533, 2.826893, 2.275414, 1.695333, 1.122910, 0.564793, 0.067892, 0.376411, 0.785646, 1.158295, 1.487669, 1.782138, 1.981850, 2.165517, 2.348624, 2.532528, 2.644245, 2.664173, 2.746175, 2.735877, 2.694415, 2.631691, 2.537419, 2.415161, 2.278585, 2.129960, 1.987014, 1.841261, 1.687640, 1.535779, 1.382815, 1.244733, 1.002711, 0.993180, 0.886746, 0.787168, 0.714178, 0.636569, 0.532938, 0.586217, 0.584554, 0.551505, 0.640848, 0.690894, 0.715672, 0.818073, 0.834834, 0.883669, 0.977145, 0.956901, 0.975524, 1.038160, 0.958706, 0.946552, 0.897661, 0.818115, 0.729810, 0.607754, 0.501093, 0.354710, 0.243613, 0.121725, 0.008419, 0.121125, 0.242242, 0.365702, 0.485529, 0.628026, 0.774555, 0.929479, 1.093148, 1.264654, 1.422149, 1.557694, 1.670878, 1.814298, 1.930481, 2.032947, 2.093533, 2.147513, 2.190498, 2.206843, 2.229305, 2.274283, 2.333051, 2.396408, 2.475757, 2.566105, 2.671234, 2.785882, 2.931304, 3.086981, 3.262816, 3.523468, 3.625961, 3.816170, 4.010136, 4.237217, 4.467129, 4.698952, 4.921945, 5.149756, 5.368535, 5.580773, 5.780246, 5.975380, 6.146833, 6.376674, 6.380963, 6.447104, 6.472377, 6.429216, 6.350849, 6.177437, 5.993192, 5.808930, 5.558086, 5.274617, 4.975546, 4.669747, 4.363139, 4.030192, 3.658976, 3.400183, 3.117118, 2.844566, 2.645537, 2.443937, 2.269119, 2.094244, 1.947349, 1.879550, 1.859758, 1.880189, 1.959741, 2.083694, 2.271413, 2.631800, 2.754344, 3.064878, 3.628487, 3.868298, 4.329092, 4.822959, 5.335530, 6.091830, 6.649730, 6.981390, 7.831103, 8.441941, 8.805318, 9.731890, 10.380651, 10.743296, 11.590528, 12.148914, 12.684928, 13.192011, 13.664805, 14.080388, 14.440890, 14.731487, 14.933645, 15.038858, 15.041467, 14.941381, 14.762863, 14.440293, 14.047581, 13.560576, 12.979631, 12.304964, 11.567590, 10.795086, 10.013788, 9.246107, 8.454637, 7.701865, 7.013427, 6.367697, 5.774146, 5.203271, 4.687512, 4.230030, 3.813788, 3.465595, 3.183684, 2.972627, 2.896178, 2.865438, 2.895704, 3.021066, 3.169750, 3.342220, 3.543754, 3.733777, 3.943008, 4.148961, 4.367075, 4.580503, 4.796153, 4.967319, 5.122558, 5.259632, 5.402704, 5.521789, 5.646109, 5.718052, 5.739976, 5.740903, 5.724572, 5.694485, 5.670065, 5.616994, 5.534481, 5.458249, 5.367743, 5.224075, 5.061246, 4.856787, 4.642094, 4.389674, 4.139411, 3.886727, 3.615770, 3.339791, 3.048602, 2.740739, 2.260275, 2.105267, 1.792493, 1.477710, 1.198348, 0.932056, 0.692358, 0.473346, 0.276070, 0.097596, 0.061058, 0.185926, 0.301610, 0.401370, 0.465037, 0.573311, 0.532793, 0.550613, 0.560057, 0.613097, 0.555250, 0.548843, 0.587706, 0.515708, 0.469301, 0.446283, 0.361687, 0.280607, 0.161497, 0.039413, 0.096138, 0.255855, 0.418569, 0.549060, 0.708750, 0.868358, 1.027539, 1.206299, 1.354218, 1.520399, 1.678591, 1.840491, 1.951543, 2.044350, 2.104880, 2.158746, 2.165548, 2.138176, 2.092821, 2.047914, 1.897206, 1.756388, 1.570787, 1.361076, 1.128281, 0.856849, 0.557861, 0.237281, 0.079069, 0.395042, 0.706494, 1.022264, 1.330546, 1.637496, 1.927857, 2.201159, 2.462856, 2.715167, 2.934916, 3.104033, 3.261010, 3.373050, 3.456666, 3.512037, 3.559364, 3.577588, 3.562323, 3.533217, 3.489523, 3.425085, 3.332675, 3.199859, 3.034206, 2.877051, 2.697475, 2.549411, 2.398966, 2.284331, 2.192834, 2.116290, 2.026547, 1.915046, 1.852875, 1.737179, 1.621101, 1.515993, 1.436444, 1.390041, 1.361320, 1.397099, 1.470217, 1.611419, 1.790215, 1.994810, 2.252726, 2.677572, 2.868723, 3.367998, 3.608040, 4.020182, 4.447115, 4.893861, 5.366190, 5.987760, 6.469351, 6.824087, 7.327165, 7.864590, 8.390428, 8.912677, 9.532728, 9.957693, 10.509650, 11.050420, 11.658028, 12.046790, 12.529356, 12.857306, 13.115708, 13.346690, 13.463295, 13.512918, 13.480304, 13.344875, 13.283096, 12.823445, 12.450916, 12.030419, 11.584485, 11.098488, 10.565638, 9.995770, 9.425775, 8.845140, 8.301905, 7.806941, 7.397704, 7.087334, 6.874366, 6.776920, 6.795814, 6.929983, 7.171132, 7.494906, 7.897223, 8.350663, 8.827771, 9.327050, 9.823992, 10.338032, 10.844399, 11.311466, 11.760296, 12.078049, 12.487317, 12.864355, 13.166604, 13.415634, 13.645479, 13.757561, 13.804659, 13.764440, 13.683340, 13.451780, 13.187459, 12.833687, 12.416828, 11.973150, 11.465258, 10.898468, 10.295839, 9.673327, 9.043674, 8.425764, 7.799569, 7.198372, 6.590446, 6.021159, 5.477718, 4.972325, 4.515862, 4.100411, 3.746676, 3.450514, 3.206166, 3.003585, 2.832107, 2.704809, 2.599204, 2.546559, 2.516604, 2.523177, 2.532279, 2.575225, 2.630843, 2.701758, 2.785547, 2.865561, 2.938091, 2.956155, 2.974953, 2.958928, 2.921771, 2.869730, 2.796171, 2.721621, 2.634200, 2.549641, 2.471371, 2.348515, 2.246322, 2.140703, 2.045230, 1.947538, 1.851099, 1.747968, 1.521308, 1.545338, 1.439791, 1.346885, 1.249967, 1.174278, 1.114035, 1.058542, 1.016185, 0.987579, 0.969350, 0.972458, 0.989929, 0.909068, 1.025709, 1.085160, 1.293078, 1.435707, 1.561707, 1.690786, 1.808605, 1.854995, 2.004423, 2.070039, 2.075232, 2.185127, 2.180996, 2.083660, 2.102809, 1.949086, 1.847099, 1.792581, 1.570527, 1.400565, 1.269315, 0.956838, 0.692331, 0.393847, 0.081406, 0.258071, 0.657768, 1.097113, 1.553656, 2.047099, 2.562944, 3.089368, 3.637688, 4.175070, 4.712799, 5.247690, 5.731225, 6.204891, 6.616105, 7.003332, 7.377162, 7.659233, 7.902890, 8.075913, 8.187510, 8.242522, 8.227558, 8.143366, 7.985998, 7.785170, 7.605972, 7.285692, 6.954643, 6.602397, 6.220731, 5.835366, 
,,,0.013365, 0.050964, 0.072052, 0.097843, 0.116125, 0.131940, 0.145435, 0.157480, 0.170599, 0.184056, 0.197360, 0.209419, 0.222660, 0.235987, 0.249002, 0.263780, 0.280400, 0.297176, 0.313777, 0.331735, 0.346781, 0.363389, 0.380076, 0.396798, 0.413430, 0.430086, 0.446896, 0.464610, 0.480847, 0.497040, 0.513533, 0.530167, 0.546981, 0.563510, 0.581715, 0.596872, 0.613575, 0.630362, 0.646936, 0.663551, 0.680341, 0.698487, 0.713905, 0.730798, 0.747100, 0.763703, 0.780440, 0.798936, 0.825144, 0.838557, 0.850236, 0.863772, 0.880522, 0.897170, 0.915549, 0.930568, 0.947335, 0.964106, 0.981176, 0.997338, 1.013991, 1.030690, 1.047306, 1.064031, 1.081013, 1.099516, 1.114648, 1.131327, 1.148093, 1.164732, 1.181488, 1.198147, 1.215371, 1.232004, 1.248176, 1.264837, 1.281618, 1.301818, 1.314844, 1.331617, 1.349508, 1.365157, 1.381812, 1.398470, 1.416180, 1.432159, 1.449177, 1.465411, 1.482422, 1.498637, 1.515410, 1.532010, 1.548738, 1.565435, 1.582059, 1.600553, 1.615481, 1.632047, 1.648710, 1.665473, 1.682127, 1.699282, 1.715501, 1.732269, 1.750430, 1.765567, 1.782207, 1.798923, 1.816335, 1.832394, 1.852661, 1.865828, 1.882327, 1.899010, 1.916597, 1.932585, 1.949728, 1.965893, 1.982523, 1.999188, 2.015865, 2.036450, 2.049699, 2.065880, 2.082523, 2.099194, 2.117598, 2.132550, 2.149210, 2.165873, 2.182517, 2.199777, 2.215906, 2.232602, 2.249254, 2.266013, 2.282629, 2.299351, 2.315977, 2.332680, 2.349374, 2.368244, 2.382768, 2.399345, 2.416216, 2.433727, 2.450185, 2.467002, 2.482999, 2.499665, 2.516465, 2.532988, 2.549735, 2.566382, 2.584541, 2.599810, 2.617597, 2.633102, 2.649928, 2.668342, 2.683749, 2.700349, 2.716707, 2.733265, 2.749956, 2.770488, 2.783529, 2.799888, 2.816518, 2.833231, 2.849871, 2.868516, 2.883259, 2.900007, 2.916703, 2.933305, 2.950518, 2.967103, 2.983407, 3.000021, 3.016615, 3.033391, 3.050045, 3.066767, 3.083333, 3.100114, 3.118516, 3.133355, 3.150098, 3.166738, 3.184451, 3.200529, 3.216635, 3.233306, 3.249999, 3.267313, 3.283442, 3.300093, 3.316692, 3.333397, 3.350081, 3.369260, 3.383659, 3.403237, 3.417552, 3.433924, 3.451114, 3.467338, 3.485396, 3.500615, 3.517253, 3.534745, 3.550793, 3.568372, 3.584011, 3.600649, 3.618642, 3.633990, 3.650763, 3.667307, 3.684013, 3.701019, 3.717220, 3.734685, 3.750778, 3.767323, 3.783968, 3.800665, 3.817303, 3.834007, 3.850699, 3.868572, 3.884191, 3.900735, 3.917487, 3.934845, 3.951519, 3.967414, 3.984174, 4.000909, 4.017499, 4.034261, 4.050894, 4.067649, 4.084449, 4.102366, 4.120572, 4.135257, 4.150968, 4.168418, 4.184309, 4.201105, 4.217681, 4.234450, 4.250961, 4.267690, 4.284332, 4.301156, 4.317701, 4.334338, 4.351065, 4.367712, 4.387209, 4.401200, 4.418355, 4.435051, 4.451201, 4.467814, 4.485250, 4.501288, 4.519949, 4.534598, 4.551210, 4.568731, 4.584777, 4.601299, 4.617927, 4.636608, 4.651407, 4.668523, 4.684674, 4.701244, 4.717964, 4.734656, 4.751191, 4.767901, 4.784598, 4.801307, 4.817863, 4.834536, 4.851237, 4.867925, 4.886437, 4.901362, 4.918421, 4.935102, 4.952716, 4.968007, 4.984649, 5.001327, 5.018036, 5.034609, 5.051349, 5.069552, 5.084787, 5.102050, 5.118174, 5.136468, 5.151573, 5.168721, 5.184848, 5.202188, 5.218370, 5.235053, 5.255652, 5.270630, 5.285039, 5.301682, 5.318220, 5.334933, 5.351547, 5.368135, 5.386370, 5.401392, 5.418527, 5.434577, 5.451319, 5.467942, 5.484604, 5.501309, 5.517934, 5.534572, 5.551272, 5.567842, 5.584654, 5.601314, 5.619237, 5.636591, 5.652206, 5.668847, 5.684951, 5.701575, 5.719057, 5.735136, 5.752383, 5.768620, 5.785086, 5.801970, 5.818554, 5.835045, 5.851753, 5.868492, 5.886575, 5.901867, 5.919069, 5.935075, 5.951836, 5.968343, 5.985097, 6.003330, 6.018442, 6.035178, 6.051790, 6.068413, 6.085229, 6.101804, 6.118556, 6.139482, 6.152022, 6.169137, 6.185284, 6.201983, 6.218746, 6.235299, 6.252042, 6.268693, 6.285345, 6.302128, 6.318705, 6.335435, 6.352109, 6.368785, 6.385571, 6.404401, 6.420110, 6.435637, 6.452251, 6.469018, 6.490296, 6.502878, 6.519053, 6.535750, 6.552387, 6.569026, 6.585726, 6.602396, 6.619177, 6.635674, 6.654413, 6.669523, 6.685786, 6.702470, 6.719265, 6.736045, 6.753402, 6.769590, 6.786202, 6.803015, 6.820189, 6.836504, 6.853105, 6.870006, 6.887136, 6.905551, 6.920094, 6.936692, 6.954835, 6.970892, 6.986746, 7.003369, 7.021626, 7.036643, 7.053355, 7.070110, 7.086796, 7.103359, 7.120192, 7.136755, 7.155378, 7.170745, 7.186896, 7.203382, 7.224008, 7.236864, 7.253525, 7.270228, 7.286931, 7.303619, 7.320280, 7.336977, 7.353640, 7.370260, 7.386952, 7.403505, 7.422408, 7.436854, 7.453626, 7.470199, 7.488746, 7.503855, 7.520293, 7.536972, 7.555329, 7.570542, 7.587196, 7.604182, 7.620520, 7.637941, 7.653901, 7.672376, 7.687112, 7.703882, 7.720535, 7.737246, 7.753945, 7.770546, 7.787232, 7.804685, 7.821476, 7.837543, 7.854156, 7.870750, 7.887979, 7.904062, 7.922451, 7.937460, 7.954141, 7.970794, 7.987467, 8.004310, 8.020699, 8.037475, 8.054073, 8.070683, 8.087216, 8.103914, 8.120565, 8.138013, 8.154157, 8.170644, 8.189438, 8.203969, 8.220749, 8.237473, 8.254646, 8.270779, 8.287412, 8.304130, 8.320718, 8.337327, 8.354054, 8.370848, 8.387130, 8.408077, 8.420903, 8.437217, 8.455490, 8.470623, 8.487162, 8.503883, 8.520569, 8.537314, 8.553947, 8.570518, 8.587379, 8.603895, 8.620537, 8.637643, 8.653853, 8.670493, 8.687115, 8.705284, 8.720456, 8.737127, 8.753836, 8.770494, 8.787176, 8.803880, 8.820554, 8.837226, 8.853914, 8.871051, 8.887207, 8.903879, 8.920563, 8.937281, 8.955201, 8.971295, 8.987379, 9.003935, 9.021342, 9.037495, 9.054066, 9.070687, 9.087484, 9.104153, 9.120763, 9.137921, 9.154087, 9.170842, 9.187388, 9.207461, 9.220771, 9.237448, 9.254141, 9.270762, 9.287467, 9.304100, 9.320764, 9.337494, 9.354257, 9.370839, 9.387556, 9.405824, 9.420842, 9.437513, 9.454233, 9.473022, 9.487835, 9.504362, 9.521057, 9.537731, 9.555080, 9.571273, 9.587869, 9.604807, 9.621214, 9.637919, 9.654448, 9.671196, 9.687841, 9.704565, 9.723060, 9.737966, 9.758520, 9.771070, 9.787773, 9.804589, 9.821222, 9.837917, 9.855441, 9.871242, 9.887911, 9.904616, 9.921209, 9.937927, 9.954624, 9.973348, 9.987987, 10.004621, 10.021348, 10.038014, 10.054683, 10.071394, 10.088039, 10.105253, 10.121826, 10.138127, 10.154762, 10.171462, 10.188834, 10.204966, 10.223368, 10.238143, 10.254846, 10.271588, 10.288307, 10.305123, 10.321842, 10.338681, 10.355489, 10.371862, 10.388553, 10.405109, 10.422041, 10.438464, 10.455200, 10.473254, 10.488503, 10.505093, 10.521900, 10.538514, 10.555281, 10.571922, 10.589371, 10.606743, 10.622487, 10.638777, 10.655447, 10.672165, 10.688765, 10.705426, 10.723349, 10.738828, 10.755423, 10.772952, 10.791042, 10.805757, 10.822288, 10.838942, 10.855623, 10.872152, 10.888864, 10.905509, 10.922893, 10.939023, 10.957186, 10.975341, 10.992251, 11.005902, 11.022342, 11.039001, 11.055707, 11.072402, 11.088998, 11.106291, 11.122335, 11.138990, 11.155588, 11.172338, 11.191113, 11.205812, 11.222334, 11.241188, 11.255726, 11.272397, 11.289079, 11.305819, 11.322559, 11.339174, 11.356055, 11.372394, 11.389182, 11.405773, 11.422570, 11.439152, 11.455880, 11.472574, 11.491225, 11.506582, 11.522595, 11.539381, 11.555998, 11.572688, 11.589387, 11.607333, 11.623558, 11.639713, 11.656125, 11.672909, 11.689394, 11.706037, 11.722659, 11.739191, 11.757281, 11.772728, 11.789241, 11.806057, 11.822779, 11.839351, 11.856044, 11.872631, 11.889395, 11.906080, 11.922782, 11.939469, 11.956177, 11.972778, 11.989475, 12.008207, 12.023629, 12.039865, 12.056471, 12.073225, 12.090385, 12.106494, 12.123095, 12.139815, 12.156466, 12.173227, 12.189872, 12.206500, 12.223231, 12.240509, 12.258347, 12.273749, 12.290921, 12.306594, 12.323136, 12.339735, 12.356475, 12.373069, 12.390542, 12.406752, 12.424715, 12.439877, 12.456549, 12.473236, 12.490568, 12.508491, 12.523286, 12.539929, 12.556592, 12.573381, 12.591060, 12.606701, 12.623228, 12.639860, 12.656448, 12.673155, 12.689816, 12.708004, 12.723135, 12.739792, 12.758863, 12.773337, 12.790146, 12.806634, 12.823293, 12.839903, 12.856544, 12.873261, 12.889972, 12.906526, 12.923262, 12.939858, 12.956544, 12.973183, 12.989800, 13.008092, 13.023210, 13.044413, 13.056453, 13.073275, 13.089806, 13.106470, 13.123891, 13.140004, 13.156542, 13.173244, 13.189958, 13.206613, 13.223952, 13.240110, 13.258244, 13.273388, 13.290315, 13.306801, 13.323685, 13.340072, 13.356680, 13.373339, 13.389972, 13.406653, 13.423300, 13.439968, 13.456637, 13.473319, 13.489941, 13.508981, 13.523513, 13.540050, 13.556780, 13.573911, 13.590102, 13.606789, 13.623430, 13.640114, 13.656797, 13.673479, 13.690141, 13.706811, 13.723498, 13.740189, 13.758146, 13.773519, 13.790533, 13.806914, 13.824131, 13.840295, 13.856912, 13.873613, 13.890316, 13.906914, 13.923673, 13.940361, 13.957015, 13.973724, 13.990388, 14.009925, 14.023874, 14.040512, 14.057250, 14.074246, 14.090475, 14.107927, 14.124063, 14.140643, 14.158026, 14.174149, 14.190763, 14.207418, 14.224936, 14.241077, 14.259410, 14.274524, 14.291275, 14.307915, 14.325075, 14.341253, 14.357843, 14.374502, 14.391912, 14.408689, 14.424723, 14.441332, 14.457960, 14.475881, 14.491621, 14.509349, 14.524877, 14.541539, 14.558305, 14.574887, 14.591410, 14.608161, 14.624714, 14.641356, 14.658021, 14.674633, 14.691189, 14.707975, 14.725257, 14.741223, 14.759171, 14.775325, 14.792410, 14.808070, 14.825378, 14.841489, 14.858107, 14.874768, 14.891438, 14.908085, 14.924737, 14.941454, 14.958806, 14.974872, 14.991471, 15.010220, 15.025569, 15.041694, 15.058175, 15.074847, 15.091480, 15.109697, 15.124869, 15.141550, 15.158202, 15.174848, 15.191554, 15.208238, 15.224893, 15.241594, 15.260214, 15.275133, 15.292136, 15.308458, 15.325249, 15.341905, 15.358580, 15.376802, 15.391955, 15.408675, 15.425447, 15.442303, 15.458833, 15.475669, 15.492225, 15.510242, 15.525717, 15.542498, 15.558936, 15.576307, 15.592493, 15.609085, 15.625710, 15.642402, 15.659093, 15.675808, 15.696376, 15.709131, 15.725835, 15.742480, 15.761161, 15.775843, 15.793176, 15.809168, 15.825909, 15.842510, 15.859207, 15.875903, 15.892533, 15.909190, 15.925889, 15.942547, 15.959210, 15.975972, 15.992570, 16.011103, 16.026180, 16.043931, 16.059505, 16.076080, 16.092770, 16.109454, 16.126098, 16.142749, 16.159386, 16.176128, 16.192759, 16.209499, 16.226137, 16.242889, 16.261071, 16.276290, 16.293197, 16.309584, 16.326228, 16.343876, 16.360717, 16.376249, 16.392923, 16.409710, 16.426244, 16.442955, 16.459694, 16.477012, 16.493247, 16.511200, 16.526927, 16.543123, 16.559735, 16.576499, 16.593194, 16.610154, 16.626823, 16.643430, 16.660099, 16.676827, 16.693475, 16.710154, 16.726833, 16.743579, 16.762011, 16.777358, 16.794010, 16.810293, 16.827676, 16.843874, 16.860435, 16.877143, 16.893869, 16.912193, 16.927310, 16.944042, 16.960741, 16.977377, 16.994258, 17.013800, 17.029184, 17.044246, 17.060949, 17.077568, 17.094219, 17.110813, 17.127563, 17.144339, 17.161002, 17.177675, 17.194377, 17.210999, 17.227751, 17.244322, 17.263073, 17.277700, 17.294370, 17.311063, 17.327727, 17.349018, 17.361850, 17.377815, 17.394446, 17.411103, 17.428195, 17.444578, 17.461959, 17.478147, 17.494794, 17.513173, 17.527945, 17.544534, 17.561259, 17.577844, 17.594507, 17.611119, 17.627857, 17.644402, 17.661185, 17.677776, 17.694336, 17.711785, 17.727935, 17.744403, 17.762278, 17.780215, 17.794423, 17.811100, 17.827763, 17.844449, 17.861197, 17.878508, 17.894679, 17.911246, 17.927850, 17.944581, 17.961194, 17.979487, 17.994759, 18.011950, 18.030204, 18.044645, 18.061282, 18.077888, 18.094618, 18.111270, 18.127923, 18.144563, 18.161240, 18.179458, 18.194620, 18.211345, 18.228039, 18.244706, 18.262532, 18.278173, 18.296044, 18.311337, 18.328145, 18.344759, 18.361406, 18.378095, 18.394732, 18.411409, 18.428137, 18.449292, 18.461552, 18.478257, 18.495325, 18.511477, 18.528202, 18.546968, 18.561557, 18.578231, 18.594911, 18.611537, 18.628198, 18.644883, 18.661548, 18.679024, 18.695196, 18.712000, 18.729474, 18.745295, 18.762466, 18.778683, 18.797044, 18.812223, 18.828782, 18.845459, 18.862187, 18.878804, 18.896186, 18.912316, 18.929004, 18.946452, 18.962425, 18.979150, 18.995750, 19.012862, 19.029098, 19.047088, 19.062436, 19.079025, 19.095751, 19.113123, 19.129209, 19.145803, 19.162465, 19.179085, 19.195930, 19.212474, 19.229342, 19.247456, 19.263013, 19.279458, 19.298059, 19.314345, 19.329531, 19.346312, 19.362958, 19.383425, 19.396237, 19.412823, 19.429437, 19.446157, 19.462909, 19.480059, 19.496178, 19.513627, 19.529731, 19.548061, 19.562945, 19.579681, 19.597020, 19.613172, 19.629775, 19.646483, 19.663091, 19.680511, 19.696737, 19.713518, 19.730647, 19.747253, 19.763605, 19.780212, 19.799047, 19.814950, 19.830240, 19.846895, 19.863636, 19.882584, 19.897050, 19.913736, 19.930384, 19.947146, 19.964192, 19.980487, 19.997144, 20.013741, 20.030394, 20.049723, 20.063910, 20.081176, 20.097204, 20.113782, 20.130497, 20.147134, 20.163811, 20.180656, 20.197181, 20.213847, 20.231798, 20.247808, 20.264019, 20.280670, 20.299039, 20.314681, 20.330908, 20.347403, 20.364065, 20.380575, 20.397185, 20.413848, 20.430801, 20.447346, 20.464387, 20.480964, 20.496999, 20.513752, 20.530399, 20.547026, 20.566617, 20.580611, 20.597152, 20.613761, 20.630540, 20.647135, 20.663820, 20.684791, 20.697376, 20.714093, 20.731122, 20.747255, 20.764033, 20.780595, 20.797362, 20.815961, 20.830548, 20.847324, 20.864687, 20.880828, 20.897450, 20.914079, 20.930874, 20.947473, 20.964113, 20.981323, 20.997491, 21.014296, 21.030947, 21.049141, 21.066639, 21.081099, 21.097741, 21.114454, 21.132851, 21.147939, 21.164725, 21.181627, 21.198172, 21.214789, 21.231976, 21.248074, 21.264712, 21.281452, 21.298241, 21.316864, 21.331418, 21.348186, 21.364861, 21.381510, 21.398191, 21.415066, 21.431529, 21.448612, 21.465348, 21.481845, 21.498162, 21.514896, 21.531441, 21.548037, 21.564570, 21.582856, 21.597916, 21.615299, 21.631476, 21.648110, 21.664849, 21.681458, 21.698485, 21.715389, 21.731569, 21.748126, 21.764771, 21.781436, 21.798141, 21.814710, 21.832762, 21.847864, 21.864558, 21.881188, 21.897826, 21.914569, 21.931367, 21.948381, 21.964603, 21.981339, 21.997964, 22.018211, 22.031357, 22.047961, 22.064699, 22.083547, 22.098226, 22.114795, 22.131565, 22.149487, 22.165414, 22.181933, 22.199105, 22.215891, 22.232011, 22.248634, 22.265249, 22.281934, 22.298631, 22.315269, 22.333921, 22.348745, 22.365260, 22.381992, 22.398730, 22.415527, 22.432078, 22.449920, 22.465784, 22.482052, 22.500321, 22.515295, 22.532096, 22.548480, 22.565839, 22.581985, 22.599980, 22.615237, 22.633567, 22.648616, 22.666108, 22.682124, 22.699249, 22.715354, 22.732156, 22.748822, 22.765454, 22.786040, 22.798881, 22.815479, 22.832054, 22.851080, 22.865679, 22.882311, 22.898984, 22.915657, 22.932361, 22.949012, 22.965633, 22.983115, 22.999003, 23.015721, 23.032495, 23.049070, 23.065656, 23.082250, 23.100929, 23.115627, 23.132336, 23.149010, 23.165747, 23.182375, 23.199575, 23.215659, 23.232373, 23.249018, 23.265750, 23.282343, 23.299098, 23.315875, 23.332457, 23.350848, 23.365764, 23.382539, 23.399166, 23.415983, 23.432473, 23.450403, 23.465967, 23.482546, 23.499310, 23.515913, 23.532596, 23.549245, 23.565935, 23.582638, 23.600830, 23.616058, 23.632717, 23.649302, 23.666929, 23.683251, 23.699734, 23.717480, 23.732764, 23.749435, 23.766168, 23.782927, 23.799796, 23.817923, 23.833768, 23.852090, 23.866506, 23.883174, 23.899977, 23.916647, 23.933244, 23.950133, 23.966333, 23.983037, 24.000266, 24.016535, 24.033016, 24.050373, 24.066458, 24.083086, 24.099667, 24.118679, 24.133324, 24.149866, 24.169934, 24.183703, 24.200188, 24.216334, 24.233060, 24.249676, 24.267128, 24.283254, 24.299945, 24.316543, 24.333294, 24.349897, 24.367969, 24.383263, 24.399874, 24.416580, 24.433254, 24.449703, 24.466434, 24.482970, 24.499617, 24.516293, 24.533040, 24.549792, 24.566502, 24.583585, 24.599809, 24.618824, 24.633195, 24.649981, 24.667168, 24.683304, 24.699950, 24.716572, 24.733213, 24.749757, 24.766609, 24.783188, 24.799830, 24.816462, 24.833229, 24.849986, 24.869420, 24.885187, 24.900233, 24.916994, 24.933454, 24.950799, 24.967648, 24.983517, 25.000082, 25.016809, 25.034701, 25.050351, 25.066973, 25.085170, 25.100245, 25.118951, 25.133698, 25.150276, 25.167495, 25.183713, 25.201247, 25.217343, 25.233943, 25.250579, 25.270875, 25.283976, 25.300664, 25.317294, 25.334004, 25.350601, 25.368830, 25.384098, 25.400680, 25.417905, 25.434512, 25.450868, 25.467636, 25.484320, 25.501060, 25.517793, 25.534407, 25.551059, 25.567726, 25.585116, 25.601307, 25.620544, 25.635410, 25.651929, 25.668066, 25.685338, 25.701418, 25.718092, 25.734780, 25.751318, 25.768080, 25.784719, 25.801388, 25.818003, 25.834667, 25.851236, 25.869786, 25.884661, 25.902514, 25.918671, 25.936270, 25.951490, 25.967952, 25.984724, 26.001302, 26.017960, 26.036162, 26.051288, 26.067952, 26.084712, 26.105720, 26.119740, 26.134795, 26.151446, 26.168447, 26.184690, 26.201261, 26.217928, 26.234547, 26.251137, 26.267849, 26.284529, 26.301275, 26.317826, 26.334629, 26.351242, 26.369733, 26.384616, 26.401860, 26.418454, 26.434651, 26.451452, 26.468042, 26.484663, 26.501346, 26.518067, 26.534654, 26.551404, 26.568796, 26.584977, 26.601432, 26.619770, 26.634920, 26.651632, 26.668762, 26.684909, 26.701552, 26.718275, 26.734987, 26.751626, 26.768264, 26.785792, 26.801688, 26.818284, 26.835047, 26.851722, 26.869748, 26.885045, 26.901822, 26.918496, 26.935189, 26.953240, 26.968456, 26.985101, 27.002533, 27.018699, 27.035939, 27.052037, 27.069340, 27.086187, 27.104457, 27.121069, 27.136165, 27.152253, 27.168947, 27.185632, 27.202427, 27.219007, 27.235493, 27.252203, 27.268855, 27.285496, 27.302319, 27.318791, 27.335515, 27.352252, 27.370721, 27.386000, 27.402676, 27.418909, 27.439165, 27.452168, 27.469053, 27.485621, 27.502427, 27.519000, 27.535753, 27.552327, 27.569017, 27.585796, 27.602665, 27.620676, 27.635590, 27.652589, 27.668858, 27.685610, 27.702151, 27.718851, 27.735550, 27.752357, 27.769014, 27.785898, 27.803249, 27.819381, 27.835967, 27.852682, 27.870717, 27.887221, 27.903233, 27.919293, 27.936762, 27.952825, 27.969434, 27.986035, 28.002698, 28.019471, 28.035945, 28.052757, 28.069377, 28.086106, 28.104417, 28.121746, 28.136229, 28.152776, 28.169374, 28.186141, 28.202731, 28.219397, 28.237631, 28.252838, 28.269489, 28.286130, 28.302817, 28.319484, 28.336311, 28.352987, 28.371696, 28.386792, 28.402987, 28.419575, 28.436308, 28.453013, 28.469838, 28.486287, 28.503033, 28.519615, 28.536414, 28.553188, 28.569763, 28.590702, 28.603689, 28.621731, 28.636934, 28.653263, 28.670014, 28.686667, 28.703299, 28.720037, 28.736712, 28.753448, 28.769968, 28.786688, 28.803434, 28.820043, 28.836867, 28.853466, 28.872355, 28.887373, 28.903456, 28.920162, 28.936846, 28.953515, 28.970906, 28.987001, 29.004421, 29.021052, 29.037287, 29.053626, 29.070426, 29.087100, 29.103861, 29.121781, 29.137536, 29.153761, 29.170526, 29.187038, 29.205229, 29.220412, 29.237061, 29.253745, 29.270330, 29.287098, 29.303779, 29.320653, 29.338608, 29.354343, 29.372637, 29.387168, 29.403979, 29.420509, 29.437172, 29.453889, 29.471223, 29.487330, 29.503988, 29.521349, 29.537468, 29.554022, 29.570861, 29.587596, 29.604515, 29.620710, 29.638720, 29.654140, 29.670791, 29.692034, 29.704984, 29.720799, 29.737547, 29.754243, 29.771669, 29.787833, 29.804461, 29.821277, 29.837886, 29.855091, 29.872441, 29.889894, 29.904655, 29.921215, 29.937845, 29.954625, 29.972078, 29.988057, 30.004666, 30.021391, 30.038009, 30.054827, 30.071290, 30.087956, 30.104990, 30.121095, 30.137675, 30.155684, 30.171104, 30.187849, 30.204364, 30.222620, 30.237861, 30.254350, 30.271073, 30.287842, 30.304455, 30.321299, 30.337861, 30.355113, 30.371200, 30.389373, 30.406619, 30.421203, 30.437895, 30.454527, 30.471414, 30.487919, 30.504559, 30.521241, 30.538609, 30.554757, 30.571446, 30.588050, 30.605312, 30.621444, 30.638843, 30.656814, 30.671537, 30.688233, 30.704981, 30.722249, 30.738389, 30.754937, 30.771602, 30.792874, 30.806088, 30.822419, 30.840463, 30.855533, 30.871618, 30.888253, 30.906610, 30.921637, 30.938303, 30.954953, 30.971642, 30.988281, 31.004998, 31.021639, 31.038240, 31.055701, 31.071882, 31.088393, 31.105575, 31.121662, 31.138308, 31.156589, 31.171683, 31.188395, 31.205032, 31.221685, 31.238326, 31.255726, 31.271711, 31.288230, 31.304814, 31.321551, 31.338623, 31.355961, 31.371555, 31.388106, 31.404789, 31.423579, 31.438135, 31.455398, 31.471553, 31.488136, 31.504790, 31.521507, 31.538178, 31.554940, 31.571601, 31.588250, 31.605062, 31.621630, 31.638247, 31.654887, 31.673520, 31.688258, 31.704938, 31.723133, 31.738321, 31.754961, 31.771654, 31.788254, 31.805067, 31.822540, 31.838995, 31.855207, 31.871765, 31.888447, 31.905120, 31.923511, 31.938448, 31.956719, 31.971838, 31.988450, 32.005165, 32.021841, 32.038582, 32.055218, 32.071964, 32.088562, 32.105305, 32.121912, 32.138643, 32.155337, 32.173488, 32.189279, 32.205360, 32.222819, 32.238957, 32.255828, 32.272412, 32.289485, 32.305668, 32.322410, 32.339029, 32.355706, 32.372309, 32.392878, 32.406412, 32.424583, 32.439014, 32.455685, 32.473124, 32.489285, 32.505861, 32.522508, 32.539275, 32.555885, 32.573599, 32.591037, 32.609126, 32.624883, 32.641847, 32.658504, 32.675586, 32.690800, 32.706340, 32.723256, 32.739943, 32.756676, 32.773298, 32.790393, 32.806669, 32.823976, 32.839927, 32.856637, 32.873417, 32.890689, 32.906841, 32.923364, 32.941548, 32.957516, 32.973446, 32.990201, 33.007132, 33.023619, 33.040278, 33.057772, 33.074051, 33.090347, 33.107012, 33.123548, 33.140329, 33.156958, 33.173709, 33.191529, 33.206984, 33.223718, 33.241803, 33.257021, 33.273727, 33.290698, 33.307475, 33.323957, 33.340374, 33.357020, 33.373696, 33.391875, 33.407173, 33.423774, 33.442458, 33.457283, 33.473891, 33.490613, 33.507310, 33.524027, 33.540755, 33.557815, 33.574813, 33.591724, 33.608509, 33.624333, 33.640736, 33.657327, 33.678006, 33.693476, 33.707487, 33.724114, 33.740795, 33.757409, 33.774201, 33.790847, 33.807695, 33.824747, 33.840840, 33.857618, 33.874198, 33.890967, 33.907606, 33.924250, 33.940853, 33.959468, 33.974212, 33.990992, 34.007789, 34.024431, 34.041080, 34.058442, 34.075965, 34.093536, 34.110868, 34.128141, 34.146002, 34.164900, 34.191743, 34.212635, 34.232056, 34.257947, 34.279422, 34.300927, 34.326199, 34.343478, 34.359924, 34.375651, 34.391216, 34.406860, 34.421857, 34.436916, 34.451112, 34.467466, 34.480665, 34.493230, 34.506276, 34.518822, 34.532282, 34.545562, 34.558610, 34.574855, 34.591679, 34.608337, 34.625054, 34.641645, 34.658990, 34.675180, 34.691728, 34.709234, 34.726775, 34.741873, 34.759192, 34.775321, 34.796363, 34.808991, 34.825901, 34.842024, 34.858533, 34.875231, 34.891883, 34.908552, 34.925181, 34.941865, 34.958623, 34.976518, 34.992800, 35.009478, 35.026146, 35.042550, 35.059198, 35.075337, 35.092027, 35.108706, 35.125386, 35.142075, 35.158780, 35.176187, 35.192154, 35.208779, 35.227611, 35.242219, 35.258811, 35.276047, 35.292766, 35.310301, 35.325406, 35.342147, 35.358758, 35.375432, 35.392103, 35.408789, 35.426970, 35.442147, 35.458695, 35.477521, 35.491855, 35.508615, 35.529703, 35.542568, 35.559376, 35.575466, 35.591955, 35.608602, 35.625253, 35.642569, 35.658703, 35.675299, 35.692007, 35.708632, 35.725383, 35.743537, 35.759516, 35.775556, 35.792839, 35.808768, 35.825532, 35.842079, 35.858808, 35.876188, 35.892283, 35.908941, 35.925579, 35.942245, 35.959639, 35.975736, 35.993754, 36.009075, 36.026200, 36.042936, 36.059032, 36.075729, 36.093024, 36.109143, 36.126526, 36.142584, 36.159193, 36.175816, 36.192464, 36.209153, 36.225836, 36.244534, 36.259310, 36.275929, 36.293174, 36.309137, 36.325799, 36.342493, 36.359080, 36.375795, 36.392449, 36.409154, 36.425862, 36.442545, 36.459278, 36.475934, 36.495108, 36.509522, 36.525943, 36.543152, 36.559386, 36.576660, 36.592817, 36.610153, 36.626848, 36.642939, 36.659529, 36.677674, 36.692909, 36.709514, 36.726208, 36.744497, 36.759634, 36.776273, 36.793142, 36.810295, 36.826333, 36.842941, 36.861087, 36.876335, 36.893703, 36.909872, 36.926348, 36.943093, 36.959726, 36.976438, 36.994465, 37.009833, 37.026927, 37.043077, 37.059731, 37.079999, 37.093121, 37.109802, 37.126420, 37.143078, 37.159791, 37.176478, 37.193059, 37.209824, 37.226439, 37.245360, 37.259862, 37.276986, 37.293197, 37.309897, 37.326547, 37.343332, 37.359964, 37.376863, 37.393518, 37.410220, 37.426830, 37.443573, 37.460217, 37.476904, 37.495320, 37.510747, 37.527392, 37.543581, 37.560185, 37.576882, 37.593558, 37.610189, 37.626915, 37.643581, 37.660283, 37.676942, 37.694296, 37.710556, 37.727096, 37.745384, 37.760521, 37.777772, 37.793836, 37.810519, 37.827196, 37.844540, 37.860718, 37.877251, 37.894002, 37.910607, 37.927218, 37.943970, 37.961378, 37.977517, 37.995470, 38.011344, 38.027519, 38.044246, 38.060870, 38.079842, 38.094424, 38.110979, 38.127654, 38.144316, 38.161018, 38.177622, 38.194249, 38.210986, 38.229477, 38.247116, 38.261744, 38.277698, 38.294385, 38.311005, 38.327750, 38.344401, 38.361101, 38.377704, 38.394422, 38.410951, 38.428501, 38.445327, 38.461248, 38.481326, 38.496388, 38.511439, 38.527460, 38.544110, 38.560861, 38.577555, 38.594121, 38.610883, 38.627498, 38.644119, 38.661538, 38.677778, 38.694301, 38.711027, 38.727710, 38.746359, 38.761407, 38.777676, 38.794319, 38.810964, 38.827692, 38.844390, 38.861025, 38.877605, 38.894329, 38.910977, 38.927712, 38.944338, 38.961091, 38.977768, 38.997005, 39.011940, 39.027985, 39.044564, 39.061251, 39.077896, 39.094585, 39.111309, 39.127951, 39.144626, 39.161236, 39.177989, 39.194584, 39.211341, 39.227940, 39.244605, 39.263264, 39.277943, 39.294634, 39.311252, 39.327934, 39.344636, 39.361300, 39.377962, 39.394684, 39.411381, 39.428293, 39.444698, 39.461539, 39.478166, 39.495432, 39.513245, 39.528160, 39.544805, 39.561482, 39.578141, 39.594851, 39.611475, 39.628195, 39.644840, 39.661526, 39.678257, 39.694990, 39.711879, 39.730369, 39.745732, 39.763450, 39.778413, 39.795115, 39.811871, 39.828530, 39.845155, 39.861876, 39.878567, 39.895176, 39.912089, 39.930371, 39.945469, 39.962874, 39.979548, 39.995800, 40.017367, 40.029587, 40.046509, 40.062478, 40.079791, 40.096629, 40.112561, 40.129249, 40.145811, 40.163234, 40.179596, 40.196063, 40.212919, 40.230144, 40.246288, 40.262918, 40.281395, 40.296230, 40.312927, 40.329511, 40.346291, 40.362939, 40.380367, 40.396420, 40.413055, 40.429683, 40.446485, 40.463422, 40.480257, 40.496321, 40.512998, 40.531296, 40.546335, 40.563102, 40.579689, 40.596396, 40.613085, 40.629707, 40.647136, 40.663254, 40.679818, 40.696549, 40.713292, 40.730256, 40.746495, 40.763106, 40.781245, 40.796926, 40.813190, 40.829897, 40.848065, 40.863207, 40.879855, 40.896510, 40.913283, 40.930040, 40.946668, 40.965348, 40.980486, 40.996646, 41.013449, 41.031219, 41.046704, 41.063354, 41.080150, 41.096661, 41.113452, 41.130141, 41.146876, 41.163684, 41.180495, 41.197347, 41.213792, 41.230891, 41.247140, 41.263808, 41.282267, 41.297224, 41.313795, 41.330542, 41.347117, 41.363779, 41.380449, 41.397090, 41.413988, 41.430500, 41.447211, 41.463922, 41.480801, 41.497114, 41.513828, 41.532155, 41.547141, 41.563867, 41.580585, 41.597284, 41.613953, 41.630656, 41.647336, 41.663996, 41.680759, 41.697864, 41.714102, 41.730659, 41.747369, 41.764868, 41.782369, 41.797562, 41.814224, 41.830954, 41.848387, 41.864534, 41.881069, 41.898489, 41.914664, 41.931148, 41.948213, 41.964500, 41.981048, 41.997660, 42.014383, 42.032311, 42.047595, 42.064535, 42.081795, 42.098014, 42.115316, 42.132004, 42.148134, 42.169052, 42.182008, 42.199294, 42.214953, 42.231515, 42.248878, 42.265096, 42.283442, 42.298505, 42.315087, 42.331668, 42.348329, 42.365057, 42.381695, 42.398357, 42.415196, 42.431716, 42.448810, 42.466343, 42.482519, 42.498498, 42.515012, 42.533327, 42.548269, 42.564955, 42.581617, 42.598297, 42.614946, 42.631652, 42.649057, 42.665335, 42.681793, 42.698816, 42.715326, 42.731666, 42.748324, 42.765056, 42.785362, 42.798839, 42.815043, 42.831664, 42.848326, 42.866198, 42.881844, 42.898398, 42.917074, 42.932336, 42.948955, 42.965067, 42.981732, 42.998421, 43.019037, 43.031992, 43.050237, 43.065161, 43.081825, 43.098526, 43.115295, 43.131912, 43.148677, 43.165407, 43.181959, 43.199087, 43.215296, 43.231936, 43.248470, 43.265138, 43.281748, 43.300214, 43.315048, 43.331762, 43.348449, 43.365858, 43.382710, 43.398713, 43.415498, 43.433260, 43.449974, 43.465529, 43.482142, 43.498753, 43.515470, 43.532853, 43.550522, 43.565560, 43.582232, 43.598859, 43.615538, 43.632194, 43.648986, 43.665541, 43.682212, 43.699307, 43.715559, 43.732219, 43.748853, 43.765575, 43.782218, 43.800181, 43.815592, 43.832378, 43.849094, 43.867268, 43.882403, 43.899161, 43.915759, 43.932460, 43.949259, 43.965629, 43.982417, 44.000573, 44.015687, 44.032382, 44.050133, 44.065616, 44.082192, 44.098927, 44.115412, 44.132096, 44.148740, 44.166075, 44.182182, 44.198903, 44.215501, 44.232136, 44.249556, 44.265709, 44.282313, 44.301070, 44.319931, 44.341153, 44.360751, 44.374512, 44.388063, 44.401264, 44.416430, 44.432880, 44.449474, 44.466296, 44.482751, 44.499350, 44.516022, 44.532704, 44.551798, 44.566181, 44.582802, 44.599443, 44.616063, 44.632797, 44.649472, 44.666522, 44.682860, 44.699450, 44.716172, 44.732938, 44.749488, 44.766070, 44.782742, 44.799275, 44.818090, 44.832655, 44.849194, 44.865788, 44.882431, 44.899113, 44.916250, 44.932413, 44.949049, 44.965791, 44.982425, 44.999076, 45.015809, 45.032465, 45.049812, 45.068044, 45.082536, 45.099272, 45.115862, 45.132637, 45.149412, 45.168070, 45.182774, 45.199999, 45.216078, 45.232741, 45.249451, 45.266324, 45.282974, 45.300435, 45.318325, 45.333215, 45.349782, 45.368131, 45.383292, 45.400652, 45.417241, 45.433304, 45.450060, 45.466789, 45.487897, 45.500470, 45.516669, 45.533325, 45.550079, 45.568201, 45.583334, 45.600023, 45.616760, 45.633441, 45.650007, 45.667198, 45.683326, 45.699998, 45.716738, 45.734492, 45.750246, 45.766781, 45.783491, 45.800265, 45.818194, 45.833432, 45.850866, 45.867053, 45.883711, 45.900188, 45.916852, 45.933459, 45.950843, 45.966841, 45.984632, 46.000386, 46.016789, 46.033445, 46.050015, 46.068102, 46.083356, 46.099978, 46.116664, 46.133421, 46.150103, 46.167125, 46.183285, 46.199996, 46.216607, 46.233336, 46.249970, 46.266663, 46.283319, 46.300143, 46.318035, 46.333338, 46.350005, 46.366785, 46.384148, 46.400307, 46.417290, 46.434309, 46.450421, 46.467084, 46.483777, 46.501062, 46.517201, 46.533767, 46.550278, 46.569174, 46.583520, 46.600239, 46.616976, 46.633717, 46.650863, 46.667321, 46.683763, 46.700288, 46.717025, 46.733618, 46.750259, 46.767001, 46.783738, 46.800381, 46.819000, 46.833774, 46.850427, 46.867132, 46.883760, 46.900962, 46.917171, 46.933890, 46.950547, 46.969067, 46.984086, 47.000827, 47.017578, 47.034153, 47.050903, 47.068997, 47.084227, 47.100995, 47.118400, 47.135053, 47.152716, 47.167836, 47.184528, 47.201215, 47.217787, 47.234518, 47.255203, 47.267882, 47.284587, 47.302032, 47.320294, 47.334606, 47.351326, 47.367959, 47.385313, 47.401906, 47.418281, 47.434792, 47.451430, 47.468147, 47.484831, 47.502203, 47.518410, 47.534961, 47.551641, 47.570199, 47.585095, 47.602022, 47.618478, 47.635605, 47.651777, 47.668415, 47.685115, 47.701717, 47.718368, 47.735123, 47.751704, 47.768516, 47.785995, 47.802800, 47.820982, 47.835654, 47.852234, 47.868899, 47.886182, 47.902225, 47.918908, 47.935528, 47.952973, 47.969124, 47.985616, 48.002220, 48.018876, 48.035520, 48.052133, 48.071093, 48.086318, 48.102436, 48.118994, 48.136311, 48.152365, 48.168978, 48.185657, 48.202407, 48.219703, 48.235843, 48.252449, 48.269045, 48.287188, 48.302387, 48.321253, 48.335668, 48.352486, 48.369051, 48.386177, 48.402458, 48.419031, 48.435749, 48.453748, 48.469022, 48.485470, 48.502094, 48.518754, 48.535453, 48.552127, 48.568719, 48.586964, 48.602279, 48.619131, 48.635158, 48.651854, 48.668373, 48.685065, 48.701725, 48.722319, 48.735061, 48.751743, 48.768394, 48.785095, 48.801818, 48.818467, 48.835142, 48.853930, 48.868502, 48.885940, 48.902037, 48.918609, 48.935288, 48.952692, 48.968769, 48.985359, 49.002018, 49.018709, 49.036181, 49.052268, 49.068865, 49.085562, 49.104064, 49.118966, 49.135533, 49.153519, 49.169109, 49.185617, 49.202363, 49.218953, 49.235607, 49.252297, 49.268923, 49.285575, 49.302366, 49.319866, 49.335910, 49.354100, 49.369078, 49.385772, 49.402392, 49.419130, 49.435778, 49.452455, 49.469175, 49.485833, 49.502517, 49.519121, 49.535878, 49.552613, 49.569334, 49.585992, 49.604968, 49.619338, 49.636081, 49.652680, 49.669339, 49.686003, 49.702844, 49.719442, 49.736069, 49.752820, 49.769405, 49.786100, 49.803585, 49.819676, 49.836301, 49.854997, 49.869611, 49.886311, 49.902979, 49.919632, 49.936325, 49.952999, 49.969632, 49.986383, 50.002991, 50.019642, 50.036275, 50.054541, 50.069808, 50.086402, 50.104903, 50.119859, 50.136552, 50.153261, 50.169908, 50.186551, 50.203252, 50.219969, 50.236647, 50.253278, 50.271555, 50.287463, 50.303596, 50.320347, 50.336907, 50.355931, 50.370427, 50.387576, 50.403776, 50.420388, 50.436977, 50.453673, 50.470373, 50.487108, 50.503677, 50.520383, 50.537034, 50.553623, 50.570267, 50.586946, 50.605883, 50.620197, 50.636797, 50.653371, 50.670010, 50.687313, 50.705744, 50.720090, 50.736710, 50.753391, 50.770059, 50.786669, 50.803376, 50.820091, 50.836726, 50.854577, 50.872099, 50.886793, 50.903468, 50.920123, 50.938145, 50.953766, 50.970286, 50.987694, 51.003758, 51.020392, 51.037084, 51.053706, 51.070381, 51.087214, 51.104271, 51.122660, 51.138004, 51.153995, 51.170491, 51.187229, 51.204590, 51.220690, 51.237296, 51.254107, 51.270820, 51.287527, 51.304293, 51.321074, 51.337558, 51.354671, 51.372018, 51.387491, 51.404162, 51.420754, 51.437412, 51.454132, 51.470860, 51.487474, 51.504162, 51.520872, 51.537474, 51.554896, 51.571045, 51.587518, 51.605161, 51.623800, 51.637757, 51.654310, 51.671044, 51.687735, 51.704370, 51.721056, 51.737674, 51.754386, 51.771070, 51.787656, 51.804489, 51.821092, 51.837652, 51.854379, 51.872850, 51.887652, 51.904376, 51.921003, 51.938331, 51.954494, 51.971062, 51.988375, 52.005114, 52.021226, 52.037793, 52.056048, 52.071311, 52.087876, 52.104592, 52.123689, 52.138070, 52.154652, 52.171301, 52.187971, 52.204691, 52.222056, 52.238172, 52.254789, 52.271476, 52.288422, 52.304855, 52.323498, 52.338668, 52.354802, 52.372907, 52.388225, 52.404813, 52.421455, 52.438095, 52.454791, 52.471455, 52.488154, 52.504821, 52.521522, 52.538223, 52.554929, 52.571661, 52.588156, 52.604868, 52.622773, 52.642153, 52.654881, 52.671542, 52.688240, 52.704954, 52.721598, 52.738286, 52.754972, 52.772330, 52.788830, 52.805205, 52.822280, 52.838769, 52.855872, 52.874043, 52.888426, 52.905122, 52.921758, 52.938423, 52.955102, 52.971788, 52.988507, 53.005318, 53.022104, 53.038991, 53.055755, 53.073474, 53.089181, 53.105769, 53.124606, 53.139214, 53.155774, 53.172478, 53.189136, 53.205883, 53.222536, 53.239900, 53.255989, 53.272689, 53.289629, 53.306000, 53.322838, 53.339344, 53.356054, 53.373871, 53.389389, 53.406050, 53.422775, 53.439263, 53.455944, 53.472646, 53.489432, 53.506120, 53.522921, 53.539550, 53.556108, 53.573228, 53.589398, 53.606158, 53.624785, 53.639411, 53.656159, 53.672742, 53.689417, 53.706112, 53.722792, 53.739433, 53.756089, 53.772882, 53.790541, 53.806359, 53.823339, 53.839572, 53.856259, 53.875904, 53.889620, 53.906290, 53.922984, 53.939669, 53.956299, 53.972949, 53.989691, 54.007727, 54.024513, 54.040264, 54.056740, 54.075134, 54.090236, 54.106983, 54.124346, 54.142107, 54.156999, 54.173775, 54.190419, 54.210999, 54.224406, 54.240402, 54.257076, 54.273704, 54.290795, 54.307617, 54.323666, 54.340360, 54.357035, 54.373679, 54.391811, 54.407022, 54.423965, 54.440352, 54.457045, 54.473756, 54.490349, 54.507107, 54.523837, 54.540947, 54.557162, 54.573736, 54.590502, 54.607194, 54.623886, 54.641737, 54.657137, 54.673957, 54.690555, 54.707286, 54.723982, 54.740513, 54.757352, 54.774080, 54.791244, 54.807857, 54.823981, 54.840676, 54.857484, 54.874078, 54.892770, 54.907356, 54.924190, 54.940775, 54.958178, 54.974305, 54.990820, 55.007643, 55.025088, 55.041603, 55.057685, 55.074307, 55.091052, 55.107724, 55.124381, 55.143584, 55.157790, 55.174478, 55.191111, 55.207835, 55.224432, 55.241102, 55.257891, 55.274563, 55.291485, 55.307876, 55.327095, 55.341439, 55.357907, 55.374559, 55.392842, 55.407892, 55.424615, 55.441322, 55.457976, 55.474687, 55.491365, 55.509728, 55.524698, 55.541814, 55.558727, 55.574691, 55.591227, 55.607978, 55.624544, 55.642703, 55.657938, 55.674597, 55.691371, 55.711939, 55.724719, 55.741492, 55.758097, 55.774802, 55.791789, 55.808147, 55.824828, 55.841425, 55.858946, 55.875043, 55.892760, 55.908281, 55.924912, 55.941625, 55.958307, 55.974972, 55.991746, 56.008231, 56.024926, 56.041998, 56.058175, 56.074805, 56.091484, 56.108203, 56.124922, 56.143689, 56.158475, 56.175129, 56.191802, 56.208566, 56.225208, 56.242644, 56.259470, 56.276093, 56.292671, 56.308768, 56.325442, 56.342109, 56.358862, 56.375466, 56.393841, 56.408948, 56.426364, 56.442177, 56.459675, 56.475641, 56.492337, 56.508853, 56.526127, 56.542253, 56.558913, 56.575493, 56.592226, 56.609051, 56.625546, 56.643744, 56.658989, 56.677211, 56.692349, 56.709061, 56.726504, 56.743380, 56.759901, 56.776791, 56.794459, 56.809629, 56.827063, 56.843041, 56.859601, 56.876306, 56.894918, 56.909637, 56.926369, 56.942925, 56.959705, 56.976407, 56.993415, 57.010749, 57.027320, 57.043555, 57.060141, 57.076731, 57.093372, 57.110044, 57.126498, 57.144733, 57.159728, 57.176449, 57.193019, 57.209922, 57.226525, 57.243155, 57.260377, 57.276478, 57.293240, 57.309843, 57.326469, 57.343087, 57.359814, 57.377282, 57.394729, 57.409924, 57.426587, 57.443252, 57.460179, 57.477459, 57.494236, 57.510394, 57.526764, 57.543401, 57.560068, 57.577545, 57.593481, 57.610910, 57.626751, 57.644826, 57.660248, 57.676892, 57.694724, 57.710630, 57.727079, 57.743660, 57.763228, 57.776961, 57.793689, 57.810212, 57.826628, 57.843345, 57.859865, 57.876515, 57.893177, 57.911725, 57.926335, 57.943109, 57.959695, 57.976598, 57.993167, 58.010320, 58.026510, 58.043109, 58.059773, 58.076467, 58.093166, 58.109860, 58.126578, 58.143205, 58.161652, 58.176665, 58.193397, 58.210095, 58.226947, 58.244802, 58.260264, 58.277576, 58.293768, 58.311065, 58.327159, 58.343772, 58.361905, 58.377092, 58.393799, 58.411766, 58.427142, 58.443822, 58.460504, 58.477200, 58.494535, 58.511061, 58.528613, 58.543900, 58.560516, 58.577235, 58.593884, 58.611232, 58.627434, 58.643913, 58.662784, 58.677959, 58.694050, 58.710601, 58.727283, 58.743946, 58.761297, 58.777272, 58.795240, 58.811495, 58.827450, 58.844080, 58.860598, 58.878169, 58.894018, 58.912792, 58.931900, 58.944581, 58.960755, 58.977471, 58.994105, 59.010832, 59.027232, 59.043991, 59.060630, 59.077247, 59.093959, 59.110665, 59.127285, 59.143983, 59.162656, 59.178043, 59.194244, 59.210789, 59.227496, 59.244128, 59.260761, 59.277381, 59.294148, 59.310723, 59.327486, 59.344927, 59.361056, 59.377799, 59.395196, 59.412840, 59.427974, 59.444644, 59.461250, 59.478450, 59.494711, 59.511223, 59.527951, 59.544655, 59.561201, 59.577892, 59.594549, 59.611261, 59.627950, 59.644829, 59.663623, 59.678274, 59.695044, 59.711711, 59.731129, 59.745297, 59.761841, 59.778526, 59.795268, 59.811917, 
12, 10, 2, 4.192626, 4.168002, 4.152165, 4.156086, 4.122784, 4.075609, 4.016379, 3.940848, 3.852650, 3.726876, 3.607764, 3.477701, 3.327641, 3.168474, 2.970974, 2.710068, 2.412242, 2.106085, 1.753795, 1.364898, 0.928600, 0.475257, 0.002440, 0.680183, 1.045616, 1.640968, 2.088357, 2.629071, 3.108222, 3.613295, 4.072150, 4.458302, 4.840284, 5.225477, 5.546055, 5.839963, 6.095441, 6.307810, 6.472091, 6.584021, 6.630001, 6.484268, 6.561482, 6.474671, 6.373547, 6.232887, 6.072789, 5.754476, 5.731287, 5.579935, 5.475082, 5.390067, 5.325858, 5.274742, 5.212555, 5.160023, 4.946549, 4.883227, 4.890795, 4.619216, 4.445952, 4.425615, 4.058923, 4.041733, 3.679751, 3.490105, 3.299754, 3.104986, 2.907238, 2.694982, 2.479270, 2.235309, 1.963147, 1.705727, 1.454069, 1.214119, 0.995372, 0.834254, 0.644263, 0.543389, 0.478514, 0.459904, 0.468098, 0.513738, 0.583979, 0.699296, 0.841314, 0.959207, 1.093934, 1.246524, 1.358891, 1.471618, 1.571089, 1.644071, 1.720000, 1.763147, 1.791223, 1.803692, 1.811642, 1.813737, 1.818790, 1.816091, 1.834498, 1.841276, 1.860958, 1.854481, 1.850308, 1.830362, 1.816093, 1.797338, 1.780408, 1.757249, 1.772482, 1.737221, 1.731078, 1.729185, 1.733308, 1.728444, 1.729698, 1.728955, 1.713141, 1.711455, 1.728411, 1.687234, 1.642764, 1.611030, 1.575812, 1.534517, 1.487210, 1.437809, 1.374808, 1.204100, 1.228446, 1.155984, 1.101165, 1.032854, 0.990503, 0.956023, 0.903482, 0.824548, 0.749763, 0.652009, 0.529371, 0.331149, 0.244851, 0.094491, 0.162475, 0.177797, 0.289111, 0.376796, 0.450847, 0.497673, 0.535936, 0.565128, 0.590558, 0.586711, 0.610516, 0.632126, 0.643687, 0.648212, 0.640676, 0.683092, 0.617389, 0.621269, 0.617676, 0.621525, 0.629305, 0.653559, 0.663563, 0.667757, 0.681392, 0.699927, 0.720591, 0.742079, 0.824993, 0.773627, 0.853035, 0.850298, 0.838021, 0.772213, 0.797071, 0.715902, 0.700381, 0.614037, 0.500568, 0.364533, 0.264339, 0.117009, 0.003331, 0.106988, 0.225736, 0.318019, 0.418875, 0.490191, 0.559539, 0.621095, 0.675419, 0.711749, 0.743222, 0.776864, 0.804368, 0.823531, 0.856204, 0.867965, 0.879975, 0.885810, 0.866730, 0.836441, 0.797816, 0.751632, 0.691660, 0.636629, 0.576653, 0.507197, 0.452188, 0.404948, 0.346766, 0.299120, 0.252685, 0.201479, 0.156155, 0.097137, 0.048937, 0.015850, 0.080392, 0.155401, 0.269067, 0.294734, 0.359342, 0.410757, 0.450233, 0.489445, 0.513829, 0.511005, 0.495349, 0.478607, 0.483455, 0.419128, 0.389880, 0.371544, 0.344994, 0.333795, 0.314465, 0.301477, 0.291591, 0.277945, 0.268101, 0.269799, 0.262036, 0.249951, 0.249114, 0.282272, 0.233421, 0.238509, 0.221763, 0.202895, 0.186298, 0.165492, 0.165672, 0.172850, 0.185594, 0.241931, 0.216746, 0.230277, 0.251482, 0.248613, 0.265877, 0.231914, 0.178904, 0.145651, 0.109249, 0.064490, 0.020248, 0.029065, 0.074567, 0.114285, 0.153801, 0.190672, 0.230848, 0.299079, 0.388498, 0.449841, 0.507141, 0.575194, 0.644855, 0.731554, 0.817956, 0.904039, 0.990527, 1.075176, 1.141308, 1.197747, 1.254689, 1.330514, 1.363391, 1.415475, 1.468633, 1.520193, 1.574874, 1.642691, 1.697916, 1.754578, 1.810654, 1.870774, 1.949443, 2.027460, 2.105088, 2.182629, 2.219921, 2.313867, 2.419284, 2.539251, 2.654606, 2.764911, 2.883683, 3.008270, 3.151628, 3.269326, 3.410507, 3.570978, 3.729768, 3.883249, 4.054909, 4.199368, 4.361297, 4.533118, 4.685953, 4.845371, 5.011163, 5.163845, 5.284014, 5.374278, 5.460263, 5.541975, 5.609495, 5.682789, 5.729626, 5.793328, 5.798332, 5.839994, 5.848531, 5.843551, 5.844542, 5.808305, 5.764958, 5.704688, 5.626145, 5.525791, 5.405222, 5.274299, 5.149440, 5.017816, 4.866693, 4.697439, 4.531972, 4.378703, 4.111416, 3.935469, 3.730084, 3.522967, 3.320044, 3.082402, 2.846478, 2.603712, 2.372864, 2.279942, 2.077566, 1.912934, 1.788836, 1.625292, 1.548842, 1.477039, 1.423250, 1.369180, 1.400162, 1.312489, 1.366454, 1.365111, 1.361021, 1.337870, 1.283063, 1.191539, 1.065261, 0.920457, 0.617823, 0.431456, 0.247571, 0.036394, 0.158800, 0.343386, 0.522742, 0.667015, 0.804058, 0.943843, 1.056055, 1.159275, 1.348676, 1.413591, 1.458700, 1.482971, 1.518865, 1.623284, 1.674728, 1.698960, 1.752371, 1.787026, 1.859935, 1.956110, 2.151064, 2.285241, 2.317400, 2.496397, 2.627855, 2.699857, 2.798923, 2.906064, 2.917592, 3.027764, 3.153331, 3.153774, 3.237004, 3.298303, 3.288261, 3.301180, 3.278087, 3.238201, 3.175744, 3.099090, 3.008595, 2.910001, 2.782738, 2.658123, 2.522342, 2.398955, 2.268059, 2.139471, 2.014586, 1.881550, 1.765015, 1.655350, 1.540136, 1.420641, 1.312375, 1.207280, 1.099330, 0.982730, 0.882651, 0.788084, 0.716215, 0.629810, 0.562621, 0.507693, 0.468214, 0.453093, 0.460122, 0.456140, 0.468819, 0.479244, 0.493992, 0.511412, 0.516613, 0.513740, 0.498587, 0.467174, 0.433212, 0.378614, 0.375711, 0.233358, 0.190145, 0.127214, 0.060691, 0.002549, 0.062585, 0.123312, 0.173456, 0.241020, 0.316177, 0.358503, 0.442446, 0.543050, 0.632192, 0.658664, 0.785129, 0.838196, 0.884970, 0.909466, 0.914156, 0.909191, 0.909206, 0.895504, 0.882612, 0.837902, 0.863786, 0.820988, 0.766913, 0.686194, 0.464005, 0.471842, 0.358574, 0.230726, 0.103041, 0.007404, 0.112254, 0.207293, 0.376098, 0.331026, 0.379745, 0.513032, 0.446671, 0.537228, 0.542880, 0.543421, 0.535534, 0.515573, 0.419365, 0.450001, 0.325533, 0.256657, 0.217682, 0.125589, 0.035902, 0.083045, 0.246821, 0.340282, 0.471802, 0.631152, 0.677715, 0.754128, 0.818278, 0.868122, 0.896064, 0.902951, 0.861937, 0.790313, 0.677268, 0.538896, 0.395288, 0.255188, 0.129442, 0.021244, 0.062713, 0.136798, 0.178881, 0.204948, 0.203329, 0.186915, 0.155172, 0.119727, 0.054755, 0.014774, 0.080040, 0.149358, 0.241604, 0.326948, 0.418966, 0.524829, 0.641330, 0.757476, 0.889416, 1.006144, 1.135370, 1.255872, 1.369419, 1.477121, 1.556067, 1.613408, 1.656781, 1.684577, 1.702882, 1.706319, 1.695335, 1.685148, 1.620905, 1.560770, 1.490744, 1.396605, 1.280726, 1.160075, 1.035171, 0.888683, 0.750714, 0.615950, 0.480755, 0.358202, 0.248184, 0.140796, 0.071429, 0.060756, 0.050585, 0.066912, 0.096033, 0.114697, 0.159611, 0.216482, 0.303790, 0.389788, 0.592016, 0.749151, 0.912918, 1.073416, 1.250014, 1.436122, 1.631165, 1.971520, 2.055122, 2.273759, 2.582967, 2.809214, 2.910048, 3.123109, 3.322527, 3.480478, 3.609936, 3.703078, 3.754146, 3.750923, 3.707410, 3.620709, 3.504502, 3.344237, 3.183354, 2.953829, 2.696464, 2.427961, 2.173469, 1.934268, 1.680880, 1.426612, 1.206544, 0.971915, 0.755715, 0.580427, 0.410232, 0.212596, 0.040591, 0.132073, 0.302645, 0.383081, 0.467464, 0.578676, 0.648045, 0.641948, 0.701788, 0.790014, 0.791229, 0.842911, 0.908690, 0.978607, 1.044354, 1.122697, 1.208683, 1.293039, 1.352907, 1.402583, 1.450957, 1.472882, 1.465516, 1.446521, 1.404417, 1.348726, 1.278937, 1.191817, 1.092221, 0.988471, 0.908222, 0.832248, 0.774621, 0.736113, 0.701220, 0.692725, 0.689913, 0.699943, 0.718184, 0.740112, 0.753153, 0.758276, 0.727365, 0.691191, 0.645038, 0.590880, 0.514339, 0.437818, 0.346352, 0.250865, 0.173524, 0.117125, 0.079213, 0.065980, 0.064285, 0.075233, 0.108203, 0.149910, 0.207241, 0.267388, 0.318673, 0.384522, 0.437620, 0.484600, 0.533776, 0.585054, 0.619827, 0.644110, 0.649412, 0.730273, 0.792000, 0.838774, 0.886385, 0.965517, 1.001922, 1.138807, 1.237062, 1.357640, 1.474565, 1.609634, 1.722226, 1.869438, 1.995224, 2.128645, 2.264645, 2.416200, 2.579735, 2.763666, 2.959394, 3.135839, 3.389452, 3.561134, 3.740777, 3.940197, 4.108813, 4.268962, 4.405955, 4.511404, 4.537132, 4.658489, 4.662779, 4.549243, 4.594066, 4.394534, 4.295662, 4.310271, 4.110360, 4.037124, 4.080168, 3.944571, 3.927330, 3.917422, 3.915970, 3.913472, 3.901183, 3.879444, 3.829436, 3.744563, 3.630560, 3.478405, 3.299580, 3.124686, 2.945405, 2.735868, 2.512832, 2.317306, 2.124031, 1.931919, 1.751373, 1.577555, 1.405008, 1.244203, 1.062194, 0.903600, 0.732617, 0.537624, 0.332214, 0.098735, 0.143139, 0.376198, 0.607671, 0.833534, 1.060545, 1.280634, 1.484670, 1.665481, 1.830963, 1.965092, 2.117284, 2.229545, 2.321958, 2.409205, 2.472254, 2.535066, 2.617255, 2.701670, 2.791156, 2.875773, 2.983539, 3.101385, 3.240466, 3.390164, 3.524262, 3.729612, 3.909816, 4.099779, 4.297118, 4.496024, 4.697155, 4.885933, 5.070288, 5.239757, 5.379764, 5.519328, 5.646912, 5.802063, 5.830330, 5.889889, 5.932561, 5.941837, 5.924090, 5.878429, 5.821361, 5.743212, 5.644366, 5.526561, 5.386995, 5.251368, 5.123379, 4.983584, 4.845165, 4.703069, 4.584789, 4.495875, 4.402147, 4.386674, 4.258679, 4.221559, 4.190802, 4.164284, 4.166251, 4.170733, 4.175041, 4.190103, 4.194592, 4.207917, 4.216838, 4.200246, 4.194965, 4.194207, 4.300771, 4.223066, 4.258217, 4.300770, 4.348260, 4.407910, 4.471269, 4.543018, 4.624777, 4.698538, 4.774262, 4.834066, 4.910050, 4.975813, 5.028576, 5.192514, 5.162264, 5.250781, 5.340938, 5.559982, 5.553881, 5.667008, 5.925182, 5.991528, 6.001015, 6.137301, 6.017522, 6.021646, 6.133863, 6.006032, 6.099696, 6.062372, 5.925380, 5.991752, 5.951731, 5.810678, 5.854635, 5.778438, 5.712532, 5.638403, 5.574128, 5.516087, 5.462196, 5.398013, 5.342277, 5.268196, 5.234705, 5.213181, 5.197575, 5.191321, 5.233607, 5.305027, 5.397501, 5.523292, 5.664271, 5.827349, 6.018139, 6.242013, 6.500807, 6.803553, 7.153143, 7.508424, 7.894752, 8.310920, 8.763504, 9.248040, 9.732792, 10.185349, 10.624628, 11.073854, 11.449200, 11.711337, 11.864265, 11.886784, 11.794757, 11.634892, 11.379366, 11.092972, 10.750267, 10.379703, 9.983891, 9.593646, 9.223222, 8.892337, 8.603860, 8.362708, 8.191675, 8.097638, 8.054679, 8.056655, 8.109264, 8.099591, 8.355271, 8.540010, 8.765327, 8.979730, 9.225386, 9.484883, 9.751311, 10.028866, 10.297412, 10.571254, 10.870647, 11.167910, 11.487479, 11.800254, 12.111295, 12.507660, 12.882695, 13.262008, 13.667358, 14.044361, 14.486611, 14.892777, 15.302708, 15.736700, 16.184051, 16.643566, 17.074050, 17.527029, 17.977211, 18.438922, 18.899538, 19.357124, 19.856303, 20.272901, 20.727808, 21.180670, 21.655838, 22.141271, 22.593963, 23.040505, 23.440786, 23.778400, 24.050218, 24.153541, 24.199691, 24.305101, 24.074560, 23.884557, 23.599410, 23.217553, 22.743418, 22.187076, 21.579848, 20.945417, 20.228411, 19.521048, 18.805089, 18.098013, 17.382864, 16.708786, 16.034216, 15.395931, 14.766300, 14.156644, 13.554623, 12.953247, 12.341436, 11.735822, 11.153343, 10.557603, 9.973114, 9.376290, 8.785835, 8.197911, 7.636175, 7.102478, 6.525452, 6.218193, 5.900267, 5.607278, 5.432876, 5.372943, 5.441627, 5.618315, 5.908288, 6.297466, 6.758266, 7.308868, 7.888798, 8.487338, 9.110204, 9.747083, 10.373434, 11.023991, 11.672424, 12.315597, 12.954375, 13.568435, 14.146286, 14.702957, 15.234726, 15.733630, 16.201527, 16.601354, 17.210593, 17.292496, 17.573407, 17.803292, 17.962904, 18.045403, 18.042576, 17.957602, 17.771051, 17.506660, 17.159081, 16.743115, 16.316591, 15.835442, 15.298038, 14.745088, 14.133310, 13.620176, 13.037474, 12.453328, 11.872176, 11.299848, 10.706048, 10.117092, 9.522306, 8.951227, 8.367151, 7.834445, 7.305567, 6.846660, 6.429486, 6.006239, 5.510386, 5.111484, 4.697937, 4.257812, 3.804156, 3.296288, 2.692513, 2.149938, 1.511172, 0.662333, 0.180070, 1.171902, 2.273450, 3.538528, 4.799957, 6.157807, 7.566150, 9.017309, 10.508542, 12.033790, 13.584674, 15.129739, 16.632112, 18.110168, 19.533399, 20.875838, 22.150667, 23.354176, 24.482494, 25.522486, 26.499383, 27.391120, 28.229418, 29.012283, 29.727169, 30.388130, 31.118814, 31.630200, 32.194469, 32.761019, 33.294218, 33.794183, 34.220688, 34.585784, 34.947164, 35.306055, 35.644600, 35.941899, 36.213491, 36.453683, 36.689124, 36.900763, 37.096577, 37.267617, 37.388843, 37.469248, 37.505349, 37.473812, 37.373639, 37.191022, 36.951935, 36.632491, 36.277478, 35.863694, 35.419157, 34.939800, 34.436857, 33.913330, 33.389372, 32.838249, 32.309660, 31.819950, 31.407569, 31.101866, 30.914685, 30.862490, 30.999255, 31.277216, 31.683187, 32.208931, 32.834184, 33.523772, 34.272814, 35.021156, 35.744628, 36.396069, 36.969301, 37.465524, 37.888459, 38.175680, 38.358255, 38.509787, 38.483534, 38.301212, 37.983049, 37.512573, 36.920618, 36.210337, 35.428622, 34.567057, 33.659005, 32.743262, 31.797472, 30.885277, 30.011206, 28.901423, 28.535118, 27.943597, 27.461901, 26.951269, 26.873743, 26.764608, 26.780549, 26.910395, 27.139590, 27.500012, 27.955520, 28.490882, 29.072996, 29.695354, 30.346031, 31.152054, 31.672035, 32.317203, 33.026899, 33.456249, 33.914125, 34.328523, 34.599552, 34.831496, 35.048020, 35.173143, 35.202087, 35.245585, 35.325384, 35.302409, 35.319209, 35.383300, 35.327433, 35.334232, 35.348264, 35.358517, 35.376982, 35.394856, 35.443331, 35.442291, 35.469429, 35.508201, 35.559568, 35.605573, 35.653550, 35.719786, 35.772618, 35.827979, 35.867449, 35.925042, 35.976959, 36.027770, 36.067407, 36.114182, 36.143341, 36.167187, 36.187842, 36.211256, 36.226497, 36.216671, 36.220463, 36.200454, 36.165002, 36.099315, 36.006774, 35.870951, 35.698621, 35.450025, 35.283130, 35.114155, 34.951584, 34.808138, 34.677466, 34.565522, 34.475367, 34.403412, 34.343275, 34.298565, 34.265892, 34.244165, 34.246763, 34.281350, 34.356846, 34.434738, 34.526344, 34.656380, 34.824349, 35.055395, 35.362840, 35.808706, 36.523853, 37.112271, 38.021659, 39.091461, 40.348964, 41.765005, 43.311223, 45.010685, 46.834212, 48.749235, 50.730723, 52.729928, 54.748398, 56.753714, 58.724257, 60.631215, 62.486118, 64.259011, 65.951404, 67.565977, 69.092650, 70.522963, 71.859901, 73.119611, 74.277491, 75.371029, 76.409095, 77.399436, 78.301651, 79.168110, 80.114849, 80.713518, 81.484318, 81.984440, 82.487592, 82.879504, 83.146669, 83.284412, 83.179766, 83.215909, 83.035564, 82.569765, 82.459620, 81.852542, 81.482746, 81.371264, 80.816905, 80.500358, 80.397499, 79.780711, 79.369762, 78.889396, 78.348387, 77.768745, 77.112777, 76.401295, 76.041654, 74.904492, 74.167458, 73.802386, 72.754052, 72.082283, 71.441895, 70.846352, 70.308222, 69.845773, 69.411185, 69.060044, 68.775601, 68.535067, 68.368555, 68.244719, 68.155892, 68.107764, 68.089564, 68.083998, 68.109339, 68.115757, 68.133089, 68.136544, 68.146518, 68.128282, 68.104283, 68.068966, 68.015336, 67.985730, 67.952485, 67.920008, 67.899253, 67.915029, 67.964002, 68.042903, 68.158139, 68.281202, 68.466304, 68.615517, 68.836602, 69.084868, 69.360163, 69.646318, 69.983231, 70.370834, 70.771387, 71.171704, 71.571485, 71.970801, 72.369441, 72.767037, 73.165404, 73.570875, 74.030894, 74.527169, 75.071488, 75.640957, 76.250781, 76.879049, 77.553857, 78.284723, 79.049897, 79.855138, 80.691615, 81.555460, 82.434133, 83.565964, 84.277109, 85.245774, 86.218917, 87.192623, 88.129493, 89.029757, 89.894118, 90.726035, 91.545122, 92.353922, 93.166437, 93.991271, 94.853922, 95.904123, 96.649753, 97.614046, 98.605603, 99.640674, 100.723388, 101.847516, 103.006994, 104.216865, 105.454855, 106.723502, 108.031132, 109.774969, 110.716910, 112.056972, 113.753923, 115.111986, 116.112006, 117.430503, 119.003706, 119.925112, 121.088330, 122.436570, 123.465705, 124.459437, 125.387819, 126.272370, 127.107567, 127.869433, 128.559332, 129.208386, 129.804852, 130.331766, 130.798022, 131.201025, 131.520853, 131.839518, 132.092786, 132.292191, 132.446910, 132.548898, 132.609341, 132.624626, 132.598125, 132.537080, 132.447735, 132.358448, 132.217542, 132.096789, 131.951734, 131.788402, 131.586520, 131.341449, 131.066816, 130.731558, 130.369718, 129.965357, 129.541193, 129.087780, 128.605800, 128.101902, 127.602447, 127.074616, 126.575550, 126.084399, 125.625547, 125.198742, 124.810407, 124.467862, 124.180151, 123.977775, 123.892610, 123.899843, 124.021577, 124.257079, 124.592645, 125.040853, 125.535759, 126.103201, 126.729285, 127.396874, 128.104066, 128.822781, 129.538053, 130.258733, 130.975273, 131.718867, 132.457396, 133.208155, 133.984674, 134.805574, 135.696980, 136.603404, 137.536814, 138.514141, 139.518405, 140.545295, 141.558109, 142.564510, 143.576121, 144.582468, 145.580630, 146.563388, 147.530017, 148.490384, 149.407728, 150.285807, 151.120949, 151.929792, 152.708395, 153.443256, 154.127943, 154.776454, 155.397268, 155.999099, 156.549065, 157.120229, 157.706173, 158.306800, 158.870203, 159.503485, 159.928952, 160.408202, 160.902877, 161.248298, 161.628852, 161.983868, 162.247683, 162.510085, 162.769666, 163.026663, 163.283102, 163.542929, 163.802140, 164.061510, 164.330054, 164.581351, 164.844266, 165.104429, 165.366460, 165.629896, 165.891853, 166.154625, 166.440733, 166.682145, 166.948423, 167.213422, 167.480026, 167.758048, 168.051481, 168.401141, 168.689937, 169.033286, 169.393748, 169.791232, 170.198912, 170.602078, 171.032305, 171.461737, 171.954222, 172.387448, 172.859099, 173.341155, 173.843630, 174.338039, 174.844090, 175.335062, 175.825533, 176.286943, 176.742010, 177.169813, 177.579844, 177.962132, 178.257927, 178.568653, 178.840219, 179.088072, 179.280069, 179.422608, 179.564742, 179.661928, 179.751512, 179.807723, 179.864040, 179.909597, 179.942120, 179.993778, 179.917170, 179.811664, 179.698562, 179.541800, 179.314897, 179.058965, 178.777715, 178.408766, 177.938913, 177.520148, 176.994145, 176.437430, 175.832636, 175.211268, 174.593878, 173.978817, 173.379972, 172.799555, 172.243881, 171.713351, 171.221992, 170.747564, 170.283856, 169.924425, 169.596227, 169.305421, 169.012320, 168.743116, 168.454121, 168.234977, 168.099419, 168.014989, 167.961326, 167.933842, 167.942118, 167.964345, 168.036232, 168.202191, 168.294948, 168.402317, 168.400752, 168.686771, 168.696643, 168.869846, 169.213218, 169.300984, 169.729561, 169.994410, 170.264701, 170.560934, 170.858774, 171.166324, 171.478526, 171.780457, 172.043804, 172.354431, 172.622897, 172.861530, 173.094458, 173.149719, 173.471828, 173.637289, 173.658000, 173.929083, 174.050491, 174.164971, 174.289022, 174.408443, 174.545903, 174.670809, 174.803822, 174.925561, 175.040188, 175.115142, 175.269455, 175.366003, 175.446705, 175.518605, 175.585828, 175.651461, 175.712133, 175.772069, 175.837690, 175.913184, 175.975029, 176.037904, 176.098549, 176.156841, 176.225700, 176.303249, 176.343233, 176.397332, 176.478023, 176.572014, 176.672298, 176.800795, 176.965780, 177.159389, 177.398083, 177.673970, 177.999085, 178.358984, 178.768860, 179.206758, 179.676603, 179.830676, 179.322774, 178.813358, 178.288067, 177.754514, 177.224890, 176.695199, 176.154374, 175.619058, 175.095973, 174.560564, 174.025774, 173.473602, 172.916106, 172.349644, 171.778751, 171.215080, 170.654481, 170.087471, 169.517874, 168.941579, 168.368318, 167.801343, 167.216406, 166.496929, 166.015372, 165.391801, 164.752769, 164.099505, 163.435742, 162.767668, 162.068891, 161.358231, 160.625783, 159.870095, 159.102312, 158.336103, 157.577097, 156.833768, 155.920072, 155.328922, 154.566947, 153.807244, 153.043087, 152.270940, 151.513866, 150.756491, 149.984313, 149.190042, 148.414417, 147.423151, 146.628875, 146.008472, 145.190573, 144.175431, 143.534698, 142.671336, 141.819356, 140.951567, 139.857535, 139.183368, 138.279886, 137.154652, 136.459053, 135.554660, 134.411654, 133.720675, 132.799327, 131.652374, 130.704526, 129.743372, 128.768001, 127.769962, 126.749377, 125.728325, 124.680904, 123.625903, 122.542047, 121.443310, 120.331992, 119.231121, 118.125554, 117.005233, 115.955197, 114.928097, 113.960706, 113.059481, 112.243595, 111.530205, 110.897287, 110.330747, 109.834826, 109.396435, 109.045596, 108.762923, 108.466519, 108.214207, 107.931600, 107.579689, 107.211621, 106.813401, 106.362001, 105.868003, 105.346067, 104.766873, 104.164812, 103.515326, 102.833474, 102.128484, 101.382664, 100.603593, 99.810661, 98.996235, 98.165029, 97.315507, 96.453276, 95.587838, 94.717615, 93.615211, 93.030639, 92.207714, 91.389535, 90.587940, 89.824815, 89.076423, 88.342879, 87.656357, 87.005499, 86.376362, 85.699507, 85.239702, 84.713453, 84.233106, 83.753888, 83.269806, 82.775022, 82.269617, 81.774244, 81.273097, 80.754252, 80.247561, 79.705039, 79.162525, 78.623760, 78.013177, 77.572831, 77.062461, 76.557544, 76.069022, 75.590791, 75.105289, 74.602231, 74.106114, 73.569972, 73.155091, 72.679255, 72.182422, 71.696926, 71.189845, 70.606933, 70.167180, 69.556903, 69.118942, 68.600632, 67.996166, 67.565455, 67.029058, 66.422262, 65.894236, 65.350480, 64.782311, 64.294397, 63.571961, 63.066565, 62.310069, 61.666433, 61.007487, 60.343909, 59.677348, 58.988961, 58.311224, 57.594101, 56.864295, 56.106819, 55.334536, 54.533503, 53.674391, 52.804309, 51.872968, 50.919509, 49.935201, 48.920018, 47.870209, 46.790984, 45.677825, 44.504976, 43.306766, 42.089315, 40.851447, 39.679539, 38.444100, 37.220646, 35.984503, 34.750354, 33.104377, 32.230972, 30.987273, 29.772638, 28.570223, 27.385132, 26.221924, 25.079062, 23.963348, 22.898904, 21.872703, 20.890775, 19.939842, 19.026221, 18.136293, 17.265412, 16.431051, 15.626519, 14.876485, 14.189636, 13.567516, 13.003861, 12.496572, 12.007746, 11.554052, 11.114449, 10.685065, 10.245311, 9.808883, 9.356699, 8.882662, 8.321460, 7.954518, 7.467088, 6.961308, 6.446671, 5.939316, 5.439520, 4.963852, 4.540711, 4.160628, 3.850666, 3.636212, 3.462043, 3.401102, 3.451244, 3.693075, 3.795090, 4.106488, 4.527704, 5.030150, 5.591243, 6.213706, 6.916451, 7.657147, 8.748625, 9.261600, 10.100490, 10.925514, 11.731707, 12.534956, 13.643471, 14.082363, 14.801362, 15.725203, 16.070681, 16.599192, 17.203957, 17.500179, 17.582474, 17.800991, 17.810374, 17.706011, 17.551831, 17.331399, 16.999266, 16.586638, 16.089392, 15.542818, 14.914030, 14.221669, 13.481254, 12.693674, 11.900394, 11.038269, 10.265883, 9.432627, 8.622040, 7.831676, 7.051130, 6.310376, 5.590478, 4.916961, 4.289248, 3.731587, 3.247011, 2.861483, 2.555634, 2.296687, 2.134570, 2.039829, 1.966601, 1.890620, 1.800887, 1.671156, 1.523592, 1.283970, 1.027419, 0.755398, 0.429193, 0.068352, 0.308783, 0.676767, 0.994404, 1.322891, 1.643301, 1.925392, 2.223476, 2.470216, 2.640361, 2.641684, 2.660809, 2.679084, 2.680477, 2.660923, 2.578979, 2.487454, 2.364869, 2.191018, 2.002945, 1.794926, 1.574545, 1.368722, 1.090924, 0.831352, 0.589350, 0.184863, 0.126435, 0.066070, 0.232416, 0.390238, 0.494669, 0.582438, 0.671518, 0.747007, 0.817042, 0.876316, 0.930180, 0.986179, 1.032991, 1.070270, 1.113626, 1.069699, 1.085119, 1.066862, 1.032756, 1.005313, 0.947279, 0.918853, 0.858013, 0.781915, 0.708195, 0.642500, 0.579380, 0.530816, 0.491120, 0.464116, 0.539639, 0.470726, 0.494916, 0.528273, 0.557236, 0.651569, 0.594620, 0.686435, 0.609129, 0.612756, 0.701748, 0.623968, 0.627047, 0.707736, 0.704572, 0.702434, 0.695763, 0.690897, 0.681693, 0.663832, 0.644696, 0.627079, 0.617137, 0.607556, 0.587608, 0.564350, 0.512039, 0.499523, 0.467435, 0.410460, 0.372905, 0.310525, 0.262048, 0.213839, 0.159080, 0.150573, 0.113905, 0.090571, 0.073702, 0.057096, 0.037576, 0.034505, 0.033118, 0.030297, 0.028253, 0.045298, 0.063212, 0.096248, 0.145546, 0.187677, 0.245269, 0.305653, 0.384213, 0.516263, 0.553170, 0.647683, 0.713562, 0.776622, 0.820544, 0.870737, 0.916045, 0.952842, 0.990770, 1.028618, 1.075240, 1.145100, 1.186228, 1.241496, 1.289327, 1.323734, 1.350069, 1.368057, 1.371944, 1.371459, 1.380341, 1.364822, 1.346910, 1.330261, 1.311387, 1.292113, 1.289813, 1.290838, 1.269812, 1.258572, 1.244437, 1.218521, 1.212595, 1.203152, 1.204565, 1.193629, 1.241422, 1.211390, 1.163648, 1.165624, 1.180844, 1.187982, 1.189531, 1.193335, 1.203903, 1.244590, 1.216948, 1.235174, 1.261443, 1.292698, 1.314933, 1.421892, 1.397383, 1.443579, 1.500240, 1.579115, 1.649383, 1.717210, 1.788160, 1.868042, 1.924981, 2.000192, 2.067653, 2.185564, 2.173214, 2.252613, 2.305681, 2.297005, 2.236760, 2.228054, 2.178110, 2.086981, 2.056839, 1.953571, 1.868649, 1.774137, 1.674467, 1.548782, 1.419708, 1.268407, 1.145116, 0.998408, 0.848402, 0.699024, 0.525642, 0.334586, 0.132440, 0.086826, 0.326321, 0.481867, 0.674314, 0.874563, 1.083207, 1.277677, 1.464405, 1.677548, 1.871547, 2.055410, 2.251573, 2.424614, 2.561668, 2.698034, 2.860730, 3.034151, 3.160468, 3.294706, 3.428037, 3.560439, 3.681976, 3.800185, 3.867875, 3.941752, 4.013264, 4.050361, 4.073869, 4.075239, 4.061779, 4.031769, 3.983517, 3.906997, 3.836238, 3.741054, 3.644341, 3.531435, 3.394041, 3.269410, 3.149318, 3.001588, 2.831683, 2.672370, 2.488866, 2.318323, 2.132819, 1.949529, 1.765131, 1.571868, 1.376267, 1.196014, 1.036297, 0.883060, 0.739375, 0.623334, 0.520435, 0.452196, 0.381930, 0.342051, 0.301383, 0.292085, 0.293787, 0.308226, 0.314850, 0.335476, 0.352527, 0.320772, 0.331996, 0.351120, 0.378622, 0.401512, 0.403662, 0.417446, 0.418796, 0.396561, 0.367515, 0.299556, 0.224672, 0.116360, 0.027020, 0.170245, 0.320707, 0.499113, 0.651281, 0.800951, 0.991292, 1.034579, 1.110653, 1.169374, 1.218540, 1.250353, 1.262594, 1.287850, 1.260107, 1.221063, 1.182724, 1.137342, 1.120489, 1.091846, 1.037603, 0.978222, 0.923139, 0.837949, 0.764382, 0.703234, 0.635651, 0.556522, 0.466968, 0.377278, 0.270544, 0.200137, 0.111789, 0.023742, 0.063892, 0.150524, 0.239598, 0.323664, 0.409491, 0.494996, 0.580157, 0.665068, 0.749522, 0.833529, 0.917221, 1.000907, 1.083902, 1.166531, 1.248869, 1.331176, 1.409057, 1.466878, 1.512085, 1.551132, 1.583955, 1.612016, 1.629499, 1.634931, 1.629298, 1.620013, 1.645684, 1.670234, 1.669473, 1.687720, 1.691448, 1.727009, 1.749780, 1.766212, 1.792055, 1.823406, 1.846317, 1.859839, 1.873986, 1.897502, 1.909314, 1.924499, 1.935836, 1.945505, 1.956427, 1.990382, 1.967116, 1.925428, 1.896469, 1.846639, 1.783522, 1.725078, 1.637688, 1.533281, 1.414487, 1.264005, 1.094631, 0.917969, 0.744208, 0.549311, 0.324069, 0.109398, 0.284868, 0.425431, 0.693340, 0.973550, 1.275604, 1.599928, 1.931213, 2.281537, 2.633976, 2.991616, 3.485942, 3.716431, 4.061342, 4.399979, 4.721537, 5.035274, 5.380115, 5.584111, 5.834207, 6.064119, 6.291024, 6.471833, 6.648074, 6.801722, 6.943527, 7.087672, 7.210507, 7.309896, 7.401388, 7.457179, 7.489070, 7.447088, 7.464681, 7.397350, 7.276542, 7.096834, 6.837026, 6.329480, 6.087736, 5.618349, 4.942550, 4.438584, 4.126182, 3.417406, 3.124182, 2.656457, 2.043199, 1.799786, 1.242031, 0.893262, 0.581012, 0.301964, 0.049900, 0.164213, 0.347050, 0.484962, 0.589697, 0.676041, 0.706651, 0.697952, 0.645265, 0.584014, 0.475577, 0.367646, 0.258055, 0.149298, 0.038395, 0.077018, 0.236031, 0.392198, 0.542379, 0.698551, 0.832199, 0.953200, 1.098902, 1.246033, 1.388211, 1.513819, 1.629220, 1.745057, 1.857266, 1.897540, 1.946637, 1.955257, 1.952886, 1.949376, 1.936433, 1.919060, 1.894000, 1.868426, 1.869653, 1.839390, 1.870206, 1.854232, 1.864771, 1.880976, 1.894453, 1.906396, 1.928161, 1.925987, 1.937760, 1.948469, 1.967839, 1.979485, 1.965077, 1.967728, 1.958556, 1.892996, 1.917270, 1.866602, 1.819735, 1.772846, 1.724132, 1.665680, 1.609678, 1.552092, 1.491726, 1.414662, 1.348400, 1.294690, 1.237111, 1.172549, 1.059345, 1.072099, 1.048633, 1.011724, 0.993303, 0.973082, 0.967806, 0.949425, 0.945191, 0.937316, 0.934512, 0.930017, 0.934191, 0.942513, 0.951012, 0.907937, 0.960384, 0.921580, 0.975713, 0.960041, 0.897734, 0.934592, 0.897039, 0.795129, 0.753915, 0.714779, 0.662884, 0.680211, 0.563666, 0.519096, 0.468196, 0.414116, 0.359565, 0.318106, 0.269573, 0.233806, 0.199072, 0.154853, 0.102862, 0.077716, 0.049095, 0.042366, 0.016568, 0.013872, 0.003797, 0.008037, 0.002746, 0.013503, 0.029803, 0.036729, 0.068104, 0.112580, 0.178094, 0.240342, 0.305530, 0.383050, 0.459896, 0.544897, 0.620417, 0.661306, 0.680658, 0.702209, 0.700607, 0.683687, 0.658401, 0.618381, 0.572069, 0.525933, 0.487633, 0.447223, 0.401497, 0.350007, 0.302615, 0.293116, 0.283012, 0.287165, 0.295033, 0.307738, 0.307313, 0.327915, 0.354410, 0.381114, 0.407689, 0.430709, 0.439861, 0.439507, 0.443972, 0.440843, 0.432534, 0.398193, 0.318927, 0.373208, 0.342762, 0.308180, 0.262460, 0.224679, 0.194055, 0.152151, 0.134573, 0.104054, 0.087213, 0.081925, 0.080910, 0.089265, 0.105303, 0.064655, 0.132027, 0.120189, 0.084782, 0.042576, 0.000108, 0.018175, 0.033090, 0.020369, 0.011211, 0.102473, 0.159391, 0.338458, 0.459319, 0.570748, 0.673231, 0.803072, 0.817608, 0.915754, 0.955687, 0.906902, 0.955217, 0.841293, 0.773037, 0.690539, 0.590679, 0.459971, 0.449060, 0.208178, 0.118274, 0.080157, 0.014584, 0.029051, 0.080477, 0.143141, 0.275912, 0.365647, 0.506810, 0.678889, 0.799504, 0.911906, 1.026117, 1.107092, 1.159133, 1.203840, 1.245889, 1.282333, 1.290169, 1.283599, 1.264077, 1.248050, 1.210240, 1.231985, 1.133914, 1.081428, 1.019026, 0.964825, 0.927383, 0.892054, 0.881266, 0.888258, 0.917715, 0.983749, 1.058907, 1.144544, 1.237800, 1.339420, 1.427673, 1.495674, 1.556918, 1.605614, 1.649434, 1.673066, 1.698964, 1.712644, 1.717169, 1.713827, 1.728893, 1.708699, 1.689724, 1.667687, 1.626263, 1.593377, 1.559008, 1.523569, 1.509241, 1.504645, 1.531449, 1.577999, 1.663513, 1.767075, 1.825826, 1.972689, 2.100905, 2.234340, 2.405589, 2.584191, 2.774778, 2.991397, 3.239497, 3.448679, 3.679094, 3.911608, 4.142376, 4.324143, 4.502888, 4.591800, 4.743350, 4.830362, 4.914138, 4.987582, 5.058579, 5.108251, 5.144609, 5.149959, 5.126905, 5.104129, 5.051215, 4.974282, 4.898968, 4.809992, 4.603115, 4.609206, 4.502997, 4.413236, 4.318575, 4.225318, 4.070422, 4.036957, 3.927555, 3.822559, 3.717863, 3.617980, 3.509649, 3.381952, 3.263225, 3.156802, 2.932080, 2.933773, 2.818431, 2.704311, 2.583088, 2.445900, 2.306541, 2.178059, 2.038130, 1.908507, 1.795150, 1.545403, 1.425320, 1.419631, 1.130682, 0.952919, 0.903734, 0.541052, 0.304482, 0.219666, 0.187382, 0.434511, 0.656628, 0.852922, 1.019373, 1.174679, 1.290283, 1.389234, 1.452817, 1.494580, 1.507978, 1.488875, 1.460986, 1.428786, 1.371940, 1.312159, 1.252531, 1.175597, 1.098328, 1.012781, 0.909508, 0.817341, 0.698750, 0.616998, 0.517953, 0.424699, 0.310382, 0.201901, 0.095137, 0.027491, 0.136077, 0.241417, 0.352778, 0.408479, 0.472981, 0.520790, 0.560274, 0.587080, 0.601854, 0.613872, 0.618315, 0.628922, 0.634127, 0.653696, 0.675563, 0.698312, 0.688824, 0.721312, 0.730960, 0.718454, 0.698744, 0.665785, 0.643848, 0.629320, 0.603746, 0.521126, 0.567170, 0.563113, 0.537486, 0.510455, 0.476451, 0.441028, 0.408152, 0.375917, 0.354723, 0.328238, 0.316667, 0.301973, 0.303673, 0.296364, 0.211296, 0.247587, 0.201352, 0.148119, 0.071447, 0.010526, 0.064309, 0.148467, 0.225662, 0.287441, 0.408083, 0.383333, 0.481110, 0.433635, 0.448636, 0.505613, 0.495146, 0.452950, 0.555730, 0.516722, 0.665579, 0.737876, 0.825180, 0.928788, 1.060560, 1.170638, 1.235767, 1.358347, 1.355457, 1.499998, 1.514242, 1.492738, 1.448360, 1.364753, 1.257433, 1.119773, 0.946372, 0.770537, 0.597216, 0.423909, 0.252563, 0.062783, 0.135959, 0.317084, 0.479608, 0.640009, 0.653769, 0.820764, 0.983528, 1.083971, 1.142917, 1.175017, 1.174502, 1.146534, 1.075765, 0.966386, 0.835270, 0.673150, 0.496652, 0.280766, 0.055958, 0.171727, 0.423990, 0.711905, 1.026291, 1.356165, 1.712444, 2.102139, 2.496806, 2.909325, 3.309315, 3.701517, 4.081085, 4.439013, 4.789335, 5.071545, 5.311163, 5.538599, 5.734587, 5.854115, 5.932346, 5.961201, 5.885503, 5.905311, 5.817590, 5.717556, 5.573325, 5.377791, 5.176941, 4.943202, 4.547114, 4.420605, 4.155495, 3.885228, 3.609593, 3.332867, 3.056900, 2.812999, 2.558659, 2.334705, 2.136722, 1.962854, 1.796261, 1.552229, 1.525733, 1.321921, 1.226167, 1.154476, 1.139057, 1.041393, 0.899106, 0.813534, 0.775326, 0.800587, 0.693200, 0.667303, 0.716680, 0.640011, 0.639967, 0.711557, 0.634337, 0.637502, 0.630001, 0.626617, 0.607870, 0.578220, 0.545758, 0.520749, 0.502953, 0.484473, 0.463042, 0.420166, 0.391209, 0.349465, 0.325678, 0.297381, 0.280521, 0.254736, 0.238400, 0.209300, 0.203928, 0.200814, 0.198759, 0.200870, 0.212762, 0.213194, 0.223647, 0.213960, 0.215964, 0.226764, 0.237208, 0.260127, 0.274003, 0.281013, 0.271146, 0.253099, 0.233925, 0.212340, 0.181001, 0.149840, 0.123623, 0.085962, 0.045038, 0.011584, 0.039626, 0.070567, 0.101930, 0.128809, 0.145669, 0.154151, 0.150254, 0.130930, 0.113776, 0.093165, 0.062143, 0.035755, 0.010052, 0.056325, 0.091351, 0.124863, 0.169345, 0.207898, 0.242867, 0.277537, 0.310151, 0.350451, 0.366326, 0.398241, 0.431019, 0.456056, 0.485309, 0.492342, 0.509149, 0.535824, 0.547573, 0.549614, 0.558594, 0.543025, 0.535407, 0.519446, 0.495574, 0.470326, 0.428992, 0.384937, 0.343247, 0.288193, 0.231755, 0.158959, 0.085649, 0.019370, 0.049243, 0.243131, 0.306119, 0.313098, 0.439868, 0.459377, 0.535536, 0.614681, 0.709052, 0.796715, 0.892169, 0.995866, 1.105540, 1.218976, 1.326011, 1.415808, 1.490725, 1.654987, 1.607443, 1.627461, 1.628349, 1.603228, 1.565628, 1.518783, 1.443040, 1.352794, 1.247546, 1.117210, 0.944259, 0.758115, 0.576683, 0.377474, 0.160063, 0.061121, 0.298020, 0.548937, 0.788383, 1.029754, 1.272066, 1.515351, 1.759158, 2.003697, 2.248696, 2.493319, 2.625436, 2.798090, 2.844740, 2.896466, 2.916197, 2.935868, 2.938549, 2.918187, 2.895850, 2.858403, 2.775978, 2.678046, 2.563880, 2.420179, 2.269260, 2.133852, 1.991220, 1.870312, 1.748672, 1.671766, 1.608278, 1.590737, 1.544675, 1.553229, 1.577878, 1.628183, 1.697369, 1.776296, 1.865138, 1.940574, 2.017794, 2.071466, 2.124483, 2.141572, 2.150389, 2.144776, 2.134509, 2.114249, 2.065708, 2.076224, 2.098636, 2.106604, 2.108418, 2.099298, 2.067286, 2.011563, 1.954627, 1.870282, 1.733801, 1.620893, 1.507951, 1.410686, 1.320393, 1.246776, 1.201248, 1.178085, 1.177343, 1.243005, 1.327152, 1.389732, 1.469107, 1.561967, 1.642491, 1.686141, 1.700339, 1.687469, 1.636289, 1.531945, 1.397275, 1.261094, 1.123683, 0.985113, 0.845588, 0.704789, 0.562538, 0.419940, 0.275458, 0.129457, 0.005355, 0.123045, 0.159530, 0.175671, 0.166795, 0.151983, 0.108392, 0.044578, 0.033033, 0.128660, 0.221108, 0.303072, 0.402350, 0.495492, 0.593463, 0.788815, 0.788037, 0.880085, 0.983186, 1.148447, 1.147159, 1.195386, 1.219915, 1.207264, 1.175006, 1.104378, 1.010885, 0.893980, 0.693419, 0.512670, 0.325123, 0.124479, 0.083935, 0.320804, 0.591120, 0.858901, 1.074389, 1.298360, 1.552503, 1.794892, 2.033965, 2.260907, 2.500050, 2.725518, 3.012906, 3.199873, 3.441961, 3.685196, 3.932378, 4.182874, 4.435644, 4.692129, 4.951152, 5.213371, 5.478795, 5.747948, 6.019709, 6.295264, 6.572587, 6.854778, 7.139813, 7.430086, 7.723326, 8.018975, 8.318186, 8.620218, 8.927309, 9.239951, 9.596056, 10.091012, 10.707694, 11.449769, 12.306145, 13.219973, 14.216267, 15.253120, 16.328288, 17.410750, 18.494759, 19.239461, 20.216318, 21.116233, 21.922693, 22.622656, 23.213830, 23.716936, 24.107613, 24.401225, 24.585078, 24.671195, 24.680433, 24.562790, 24.355564, 24.057074, 23.690945, 23.244154, 22.705046, 22.087912, 21.368480, 20.639629, 19.835709, 18.976825, 18.060458, 17.142630, 16.173925, 15.217775, 14.176754, 13.368108, 12.442755, 11.668563, 10.893778, 10.186840, 9.564713, 8.978644, 8.421155, 7.934742, 7.458574, 7.046017, 6.649587, 6.289981, 5.938176, 5.769772, 5.422550, 5.201339, 5.030952, 4.921034, 4.852909, 4.790184, 4.748471, 4.736093, 4.725407, 4.718027, 4.726567, 4.733688, 4.735071, 4.723463, 4.860475, 4.680321, 4.642836, 4.582342, 4.496870, 4.397509, 4.290495, 4.165792, 4.122704, 3.937020, 3.680849, 3.567957, 3.288966, 3.073182, 2.924270, 2.705060, 2.419770, 2.234697, 1.962561, 1.805102, 1.598526, 1.384132, 1.171100, 0.971874, 0.772297, 0.593114, 0.400415, 0.209155, 0.023963, 0.150525, 0.301187, 0.442473, 0.567209, 0.666729, 0.747287, 0.800461, 0.801567, 0.797932, 0.770464, 0.717133, 0.614489, 0.482928, 0.333613, 0.186456, 0.014270, 0.155839, 0.298968, 0.482109, 0.631606, 0.755276, 0.850309, 0.922755, 0.995589, 1.049278, 1.080987, 1.122744, 1.138808, 1.172528, 1.188928, 1.204565, 1.224720, 1.235755, 1.219290, 1.187144, 1.162321, 1.129266, 1.086999, 1.035645, 0.964078, 0.887484, 0.854719, 0.811828, 0.785554, 0.757417, 0.747216, 0.831438, 0.752980, 0.768639, 0.780871, 0.784973, 0.791488, 0.791331, 0.789974, 0.934837, 0.886869, 0.797242, 0.656442, 0.504478, 0.309902, 0.086599, 0.133126, 0.397346, 0.658505, 0.954757, 1.206668, 1.450472, 1.725543, 1.952128, 2.167488, 2.364125, 2.565076, 2.739870, 2.910493, 3.063842, 3.213887, 3.269427, 3.428704, 3.487322, 3.519800, 3.531646, 3.518502, 3.480516, 3.437425, 3.381937, 3.347760, 3.296638, 3.243343, 3.188379, 3.142701, 3.098822, 2.960253, 3.041565, 3.047083, 3.081646, 3.129874, 3.183534, 3.172880, 3.306693, 3.371625, 3.364289, 3.429117, 3.562795, 3.574102, 3.640820, 3.709636, 3.783335, 3.820836, 3.852927, 3.864033, 3.846132, 3.796738, 3.732867, 3.643805, 3.541556, 3.417217, 3.268748, 3.131236, 2.955471, 2.783548, 2.606509, 2.432273, 2.260765, 2.076307, 1.900921, 1.723226, 1.553189, 1.310800, 1.240906, 1.082354, 0.934216, 0.793124, 0.684417, 0.578617, 0.498848, 0.417416, 0.334885, 0.244240, 0.147416, 0.030725, 0.100902, 0.251592, 0.414675, 0.580387, 0.773055, 0.964150, 1.132016, 1.309731, 1.487807, 1.659422, 1.845643, 2.010326, 2.161588, 2.293725, 2.422408, 2.553355, 2.687124, 2.805693, 2.904080, 2.953101, 2.999547, 3.009523, 3.006878, 2.982040, 2.948712, 2.919854, 2.874480, 2.853710, 2.737627, 2.677863, 2.619599, 2.559846, 2.452723, 2.352174, 2.253079, 2.139416, 1.998186, 1.850002, 1.705443, 1.540131, 1.410439, 1.263817, 1.147331, 0.990646, 0.858032, 0.717298, 0.581186, 0.554387, 0.400515, 0.227638, 0.045772, 0.121162, 0.302400, 0.480429, 0.653945, 0.827698, 1.002450, 1.167945, 1.318063, 1.365609, 1.513014, 1.587246, 1.642845, 1.625330, 1.705483, 1.705364, 1.701059, 1.615263, 1.654871, 1.613323, 1.492600, 1.500025, 1.332004, 1.200538, 1.127224, 
,,,0.017903, 0.041606, 0.057148, 0.079836, 0.095553, 0.107644, 0.119461, 0.131199, 0.144732, 0.156641, 0.168232, 0.179700, 0.191760, 0.203607, 0.217308, 0.233894, 0.251666, 0.267353, 0.283894, 0.300195, 0.316859, 0.333525, 0.350213, 0.373079, 0.384679, 0.403396, 0.417025, 0.435334, 0.450678, 0.467802, 0.484601, 0.500818, 0.517502, 0.534654, 0.550950, 0.567671, 0.584210, 0.600932, 0.617656, 0.634256, 0.650980, 0.669270, 0.684236, 0.701167, 0.718536, 0.734699, 0.751191, 0.769598, 0.784766, 0.801381, 0.818103, 0.834751, 0.851441, 0.868176, 0.884906, 0.901553, 0.920290, 0.936567, 0.951597, 0.968885, 0.985402, 1.001609, 1.018463, 1.034953, 1.051730, 1.068398, 1.085120, 1.101685, 1.118439, 1.135104, 1.151844, 1.170203, 1.185607, 1.201977, 1.220549, 1.235791, 1.252265, 1.270807, 1.285629, 1.302222, 1.318866, 1.335599, 1.352291, 1.369005, 1.385646, 1.402266, 1.420335, 1.435571, 1.452207, 1.470236, 1.485787, 1.502306, 1.519037, 1.535650, 1.552302, 1.568999, 1.585661, 1.602392, 1.619065, 1.635773, 1.652478, 1.671250, 1.686206, 1.702578, 1.719662, 1.735753, 1.752317, 1.769085, 1.785555, 1.802254, 1.818884, 1.835567, 1.854657, 1.869129, 1.885705, 1.902331, 1.921155, 1.935792, 1.952428, 1.969654, 1.985740, 2.002444, 2.020650, 2.035793, 2.052516, 2.069086, 2.085827, 2.102492, 2.119104, 2.135826, 2.152417, 2.171160, 2.186139, 2.202384, 2.219597, 2.235533, 2.252201, 2.268949, 2.285602, 2.302226, 2.318905, 2.335594, 2.353062, 2.373127, 2.385761, 2.402465, 2.421146, 2.435820, 2.453023, 2.469628, 2.485849, 2.502540, 2.519157, 2.535852, 2.552555, 2.569222, 2.585872, 2.602576, 2.619223, 2.635912, 2.652604, 2.671160, 2.686174, 2.702664, 2.719630, 2.736092, 2.752851, 2.769461, 2.786174, 2.802828, 2.819561, 2.836222, 2.852913, 2.869621, 2.886301, 2.903668, 2.921321, 2.936505, 2.953157, 2.969765, 2.986429, 3.003054, 3.019802, 3.036468, 3.053135, 3.071102, 3.086719, 3.103240, 3.119884, 3.136531, 3.153237, 3.171207, 3.187201, 3.204537, 3.220267, 3.236749, 3.254162, 3.270224, 3.287540, 3.303602, 3.320190, 3.336922, 3.353523, 3.370230, 3.386896, 3.405058, 3.422264, 3.437122, 3.453748, 3.470457, 3.487113, 3.503880, 3.520464, 3.537107, 3.554562, 3.572106, 3.587245, 3.603875, 3.620605, 3.637270, 3.654788, 3.672281, 3.687938, 3.704024, 3.720634, 3.738052, 3.758171, 3.771900, 3.787545, 3.804381, 3.821117, 3.837822, 3.855165, 3.871325, 3.888005, 3.904713, 3.923276, 3.939248, 3.954823, 3.971398, 3.987985, 4.004585, 4.021347, 4.037845, 4.054558, 4.071162, 4.087886, 4.104614, 4.121138, 4.137869, 4.154629, 4.173136, 4.189298, 4.204781, 4.221361, 4.238043, 4.254717, 4.272179, 4.288237, 4.305510, 4.321877, 4.339692, 4.355563, 4.371775, 4.388352, 4.405044, 4.423306, 4.440154, 4.454888, 4.471583, 4.488048, 4.504831, 4.521175, 4.537851, 4.554525, 4.571210, 4.587926, 4.604491, 4.621251, 4.637978, 4.654598, 4.671735, 4.690880, 4.704756, 4.721361, 4.738003, 4.754722, 4.771433, 4.788301, 4.804919, 4.822514, 4.838561, 4.855255, 4.876339, 4.888934, 4.905758, 4.922612, 4.941129, 4.955386, 4.972035, 4.988728, 5.005394, 5.022099, 5.038653, 5.055387, 5.072047, 5.088731, 5.105442, 5.122965, 5.138985, 5.155525, 5.172568, 5.191104, 5.205468, 5.222206, 5.238946, 5.257074, 5.272204, 5.288871, 5.305511, 5.322133, 5.338891, 5.357100, 5.372264, 5.389623, 5.406213, 5.422007, 5.439569, 5.458221, 5.475793, 5.492555, 5.509633, 5.526199, 5.543717, 5.559443, 5.577239, 5.594442, 5.613914, 5.632134, 5.646723, 5.661745, 5.677103, 5.689733, 5.705442, 5.724128, 5.740106, 5.756658, 5.772829, 5.789343, 5.805986, 5.822446, 5.838739, 5.855413, 5.872120, 5.888856, 5.906845, 5.924665, 5.941978, 5.958883, 5.977135, 5.993924, 6.010785, 6.026601, 6.043081, 6.058305, 6.074441, 6.089903, 6.106081, 6.123939, 6.142140, 6.159523, 6.176293, 6.193007, 6.208057, 6.223220, 6.241168, 6.256216, 6.272685, 6.290096, 6.306234, 6.322955, 6.339879, 6.356399, 6.373029, 6.390381, 6.407139, 6.424854, 6.441186, 6.457520, 6.473116, 6.491077, 6.508322, 6.525914, 6.542870, 6.560654, 6.577951, 6.602550, 6.620161, 6.637376, 6.655085, 6.672724, 6.690040, 6.707131, 6.724639, 6.742830, 6.760477, 6.778452, 6.795852, 6.813632, 6.828799, 6.844216, 6.856965, 6.875665, 6.892089, 6.907914, 6.923077, 6.938279, 6.952396, 6.967418, 6.982096, 6.998202, 7.011057, 7.023133, 7.039783, 7.056427, 7.073127, 7.089805, 7.106512, 7.123194, 7.139764, 7.156871, 7.173113, 7.189841, 7.207216, 7.223346, 7.239963, 7.258063, 7.273254, 7.289908, 7.306600, 7.323287, 7.339955, 7.356800, 7.373437, 7.390101, 7.407859, 7.423442, 7.440063, 7.456736, 7.473423, 7.490117, 7.508060, 7.524260, 7.540257, 7.556836, 7.573533, 7.590968, 7.607111, 7.623639, 7.640235, 7.657007, 7.673543, 7.690297, 7.706935, 7.723608, 7.740252, 7.759055, 7.775189, 7.790294, 7.807066, 7.823647, 7.840329, 7.856993, 7.873735, 7.891178, 7.907251, 7.924536, 7.943348, 7.960166, 7.973735, 7.990504, 8.009035, 8.023899, 8.040514, 8.057205, 8.073895, 8.090602, 8.107257, 8.124786, 8.141273, 8.158062, 8.177648, 8.190725, 8.207407, 8.224116, 8.240781, 8.259102, 8.274121, 8.290789, 8.307486, 8.324173, 8.340866, 8.357582, 8.374280, 8.390888, 8.407474, 8.424173, 8.440962, 8.457475, 8.474234, 8.490876, 8.508967, 8.524217, 8.540872, 8.557408, 8.574114, 8.590627, 8.607566, 8.624490, 8.641919, 8.657396, 8.673998, 8.690592, 8.708039, 8.724077, 8.740613, 8.757337, 8.776050, 8.791419, 8.807525, 8.824091, 8.840768, 8.857552, 8.874601, 8.890766, 8.907413, 8.924019, 8.940697, 8.957372, 8.974053, 8.990728, 9.007340, 9.025919, 9.040692, 9.057372, 9.074059, 9.091565, 9.107532, 9.124639, 9.140836, 9.157436, 9.174109, 9.190921, 9.207479, 9.224186, 9.240839, 9.257513, 9.276692, 9.291005, 9.307526, 9.324243, 9.340956, 9.357787, 9.374806, 9.390919, 9.407586, 9.424261, 9.440978, 9.457525, 9.474249, 9.490840, 9.508995, 9.525912, 9.540811, 9.557539, 9.574223, 9.590861, 9.607625, 9.624379, 9.640879, 9.657639, 9.674330, 9.691874, 9.707874, 9.724498, 9.741195, 9.757869, 9.778083, 9.791222, 9.807848, 9.824606, 9.841290, 9.857941, 9.875159, 9.891267, 9.907893, 9.925391, 9.941176, 9.957813, 9.975286, 9.991404, 10.007843, 10.024520, 10.042986, 10.057848, 10.075452, 10.095528, 10.111230, 10.125119, 10.141415, 10.158124, 10.174745, 10.191413, 10.208090, 10.225463, 10.241559, 10.258193, 10.274820, 10.292992, 10.308137, 10.325757, 10.342466, 10.358951, 10.375151, 10.391734, 10.408391, 10.425067, 10.441672, 10.458335, 10.475006, 10.491719, 10.509122, 10.525207, 10.543866, 10.558539, 10.575243, 10.591854, 10.609091, 10.625908, 10.641918, 10.658631, 10.675338, 10.692011, 10.708572, 10.725289, 10.742655, 10.759378, 10.775389, 10.793035, 10.808682, 10.825393, 10.842086, 10.858640, 10.875307, 10.892013, 10.908746, 10.925398, 10.942259, 10.958945, 10.975655, 10.992223, 11.008923, 11.025650, 11.043915, 11.059014, 11.075651, 11.092407, 11.108977, 11.125658, 11.142376, 11.158992, 11.175665, 11.192477, 11.208997, 11.225759, 11.242474, 11.259207, 11.275890, 11.293856, 11.309616, 11.326362, 11.343441, 11.359974, 11.376362, 11.393082, 11.409698, 11.426351, 11.443810, 11.459912, 11.476481, 11.493129, 11.509903, 11.526490, 11.544838, 11.559998, 11.576587, 11.593459, 11.610092, 11.626594, 11.643274, 11.659778, 11.676501, 11.694801, 11.709834, 11.726576, 11.743302, 11.759832, 11.776632, 11.794890, 11.810014, 11.826715, 11.843870, 11.860075, 11.876661, 11.894959, 11.910079, 11.926811, 11.943468, 11.960145, 11.976832, 11.993412, 12.010166, 12.026834, 12.044858, 12.063685, 12.077424, 12.094115, 12.110144, 12.126891, 12.143606, 12.160219, 12.176917, 12.193718, 12.210317, 12.226919, 12.243698, 12.260286, 12.277020, 12.294838, 12.310613, 12.327202, 12.344118, 12.360386, 12.377102, 12.393758, 12.410444, 12.427149, 12.443839, 12.460417, 12.477890, 12.493987, 12.510544, 12.527285, 12.545826, 12.560856, 12.577663, 12.595353, 12.611068, 12.627601, 12.644372, 12.661026, 12.677680, 12.694236, 12.710966, 12.727599, 12.744285, 12.761751, 12.777781, 12.795889, 12.811834, 12.827988, 12.844482, 12.861123, 12.877801, 12.895161, 12.911364, 12.928624, 12.944676, 12.961069, 12.977745, 12.994155, 13.012393, 13.027486, 13.044161, 13.062896, 13.077506, 13.094111, 13.110782, 13.127435, 13.144067, 13.160757, 13.177235, 13.193928, 13.210454, 13.227158, 13.243771, 13.262098, 13.277184, 13.295150, 13.312916, 13.327335, 13.343983, 13.360751, 13.377408, 13.393996, 13.410670, 13.427385, 13.444034, 13.460673, 13.481369, 13.494008, 13.511491, 13.527497, 13.544127, 13.562858, 13.577425, 13.594086, 13.610807, 13.627469, 13.644111, 13.660794, 13.677502, 13.694238, 13.710810, 13.727435, 13.744125, 13.760834, 13.777468, 13.794082, 13.812806, 13.827673, 13.843964, 13.860579, 13.878044, 13.894138, 13.910644, 13.927410, 13.944087, 13.960713, 13.977435, 13.994110, 14.010676, 14.027394, 14.044166, 14.062818, 14.077449, 14.094168, 14.110826, 14.127499, 14.144150, 14.160817, 14.177478, 14.194254, 14.210866, 14.227579, 14.244240, 14.260943, 14.277649, 14.294354, 14.312771, 14.327664, 14.344362, 14.361037, 14.377757, 14.394362, 14.411799, 14.427932, 14.445261, 14.461218, 14.477914, 14.494563, 14.511296, 14.528015, 14.544670, 14.562841, 14.577983, 14.594662, 14.611316, 14.627963, 14.644558, 14.661293, 14.677918, 14.694616, 14.711281, 14.727989, 14.744608, 14.761357, 14.778786, 14.794878, 14.812750, 14.828117, 14.844772, 14.861460, 14.878105, 14.895532, 14.911655, 14.928227, 14.944877, 14.961584, 14.978264, 14.994914, 15.011581, 15.028343, 15.044969, 15.064545, 15.078465, 15.095055, 15.111649, 15.128350, 15.145750, 15.161831, 15.178432, 15.195143, 15.211806, 15.228424, 15.245864, 15.261998, 15.278550, 15.295940, 15.313981, 15.328614, 15.345253, 15.361925, 15.378557, 15.395969, 15.412040, 15.428649, 15.445308, 15.461957, 15.478640, 15.495283, 15.512189, 15.528764, 15.545328, 15.562055, 15.580787, 15.595294, 15.611962, 15.628629, 15.645409, 15.662111, 15.679075, 15.695678, 15.712325, 15.729091, 15.745707, 15.762527, 15.779154, 15.796351, 15.812511, 15.830721, 15.845757, 15.862542, 15.879235, 15.895922, 15.912535, 15.929243, 15.945943, 15.962611, 15.979229, 15.995944, 16.012738, 16.029334, 16.046434, 16.062668, 16.080689, 16.096030, 16.112668, 16.130941, 16.146056, 16.162753, 16.179384, 16.196146, 16.212794, 16.229443, 16.246889, 16.263072, 16.279761, 16.297563, 16.312906, 16.330742, 16.346317, 16.363045, 16.379664, 16.396217, 16.413025, 16.429691, 16.446317, 16.463035, 16.481358, 16.496722, 16.513301, 16.529938, 16.546909, 16.563483, 16.581664, 16.596838, 16.613463, 16.630210, 16.646842, 16.663592, 16.680343, 16.697854, 16.714026, 16.730697, 16.747325, 16.763964, 16.781103, 16.797304, 16.814031, 16.832678, 16.847449, 16.867987, 16.880789, 16.897416, 16.914030, 16.930803, 16.947489, 16.964094, 16.980782, 16.997514, 17.014139, 17.031359, 17.047556, 17.064204, 17.082609, 17.097652, 17.114244, 17.131057, 17.147831, 17.164423, 17.181018, 17.198448, 17.214310, 17.231087, 17.247634, 17.264342, 17.281442, 17.297576, 17.314361, 17.332677, 17.347565, 17.364302, 17.380984, 17.397404, 17.414839, 17.431547, 17.447512, 17.464117, 17.480853, 17.498545, 17.514438, 17.531357, 17.547603, 17.564342, 17.580924, 17.598861, 17.614247, 17.630981, 17.647677, 17.664506, 17.681193, 17.697914, 17.714593, 17.731291, 17.748013, 17.765272, 17.781389, 17.798029, 17.814656, 17.831357, 17.849664, 17.866971, 17.881528, 17.898116, 17.914832, 17.931384, 17.948111, 17.965643, 17.981698, 17.998356, 18.015021, 18.031656, 18.049134, 18.065211, 18.083517, 18.100735, 18.115333, 18.132099, 18.148742, 18.165378, 18.181966, 18.198789, 18.215554, 18.232786, 18.248989, 18.265977, 18.282096, 18.298952, 18.315707, 18.332068, 18.350645, 18.365314, 18.381683, 18.398379, 18.414841, 18.431489, 18.448226, 18.469279, 18.481590, 18.498468, 18.514898, 18.531581, 18.548264, 18.565005, 18.581696, 18.598375, 18.616589, 18.631759, 18.648453, 18.665085, 18.681852, 18.698498, 18.715177, 18.731838, 18.748626, 18.765112, 18.781895, 18.798506, 18.815209, 18.831922, 18.848547, 18.866555, 18.881807, 18.898435, 18.915159, 18.931799, 18.948482, 18.965149, 18.981910, 18.999088, 19.015195, 19.031932, 19.048627, 19.065176, 19.081882, 19.098612, 19.116538, 19.132805, 19.148860, 19.165448, 19.182033, 19.198762, 19.215425, 19.231965, 19.248799, 19.266119, 19.282917, 19.299702, 19.315658, 19.332228, 19.348905, 19.367820, 19.382280, 19.398961, 19.415630, 19.432348, 19.449048, 19.465648, 19.482327, 19.499508, 19.515627, 19.532318, 19.549029, 19.565746, 19.582563, 19.599225, 19.618370, 19.632696, 19.649338, 19.665993, 19.684616, 19.699209, 19.715812, 19.732464, 19.749525, 19.765688, 19.782375, 19.799041, 19.815761, 19.832447, 19.849073, 19.865717, 19.884336, 19.899290, 19.915865, 19.932550, 19.949253, 19.966012, 19.982664, 19.999678, 20.015931, 20.034144, 20.049244, 20.065917, 20.082581, 20.099201, 20.115871, 20.134527, 20.149171, 20.165994, 20.182653, 20.200188, 20.216207, 20.233098, 20.249561, 20.269620, 20.283998, 20.299609, 20.316184, 20.332809, 20.349517, 20.366235, 20.384635, 20.399523, 20.416242, 20.432915, 20.449617, 20.466248, 20.482884, 20.500289, 20.516290, 20.532931, 20.549524, 20.566337, 20.582916, 20.599638, 20.616227, 20.634542, 20.649615, 20.666342, 20.682980, 20.700503, 20.716565, 20.733161, 20.750593, 20.767213, 20.783303, 20.799838, 20.816571, 20.833268, 20.849921, 20.866549, 20.884606, 20.899959, 20.916571, 20.933245, 20.949975, 20.966724, 20.983262, 20.999934, 21.016630, 21.033347, 21.049988, 21.066655, 21.084147, 21.100226, 21.116796, 21.135627, 21.150096, 21.166830, 21.184655, 21.200465, 21.217803, 21.233717, 21.250375, 21.266844, 21.283472, 21.300112, 21.316828, 21.333448, 21.350291, 21.366907, 21.385443, 21.400013, 21.416440, 21.433136, 21.450616, 21.466806, 21.483469, 21.500007, 21.516801, 21.533602, 21.550592, 21.567293, 21.584159, 21.600839, 21.617540, 21.635540, 21.650830, 21.667598, 21.684413, 21.701023, 21.718913, 21.734361, 21.750994, 21.767708, 21.784214, 21.801646, 21.817769, 21.834278, 21.850883, 21.867596, 21.884163, 21.902657, 21.917572, 21.934237, 21.950859, 21.968002, 21.984232, 22.000854, 22.017509, 22.034053, 22.050659, 22.067288, 22.083834, 22.100518, 22.117117, 22.133792, 22.150416, 22.168476, 22.183945, 22.200522, 22.217623, 22.233729, 22.250480, 22.267204, 22.283809, 22.300396, 22.317108, 22.334558, 22.350623, 22.367990, 22.384038, 22.400715, 22.419634, 22.434351, 22.450935, 22.468090, 22.484292, 22.501016, 22.517696, 22.534357, 22.551043, 22.567708, 22.584365, 22.601057, 22.618528, 22.634597, 22.651137, 22.669627, 22.684872, 22.702913, 22.718099, 22.734582, 22.751241, 22.767922, 22.784616, 22.801306, 22.817943, 22.834587, 22.851282, 22.867967, 22.885382, 22.901489, 22.919542, 22.934835, 22.951452, 22.968119, 22.985471, 23.002292, 23.018214, 23.034734, 23.051383, 23.067925, 23.084613, 23.101249, 23.117910, 23.134575, 23.151277, 23.169478, 23.187021, 23.201423, 23.218108, 23.234781, 23.251446, 23.268104, 23.284831, 23.301443, 23.318107, 23.334821, 23.351591, 23.368290, 23.385008, 23.401790, 23.421180, 23.435479, 23.452509, 23.468719, 23.485403, 23.502049, 23.518722, 23.535379, 23.552064, 23.568776, 23.585399, 23.602079, 23.622751, 23.635502, 23.652145, 23.670460, 23.685840, 23.702869, 23.719399, 23.735688, 23.752261, 23.769709, 23.785804, 23.802410, 23.818989, 23.835718, 23.852418, 23.869081, 23.885736, 23.902442, 23.920492, 23.935957, 23.952696, 23.969764, 23.985870, 24.002452, 24.019138, 24.035801, 24.052442, 24.069168, 24.085879, 24.103267, 24.119407, 24.135967, 24.152638, 24.171519, 24.186534, 24.202637, 24.219352, 24.235978, 24.252700, 24.269329, 24.286030, 24.302680, 24.319291, 24.335989, 24.352655, 24.369363, 24.386026, 24.403489, 24.421503, 24.436643, 24.452790, 24.469469, 24.486112, 24.502895, 24.519621, 24.536430, 24.553130, 24.569729, 24.586335, 24.603099, 24.620366, 24.636477, 24.653157, 24.672134, 24.687270, 24.703219, 24.719910, 24.736597, 24.753208, 24.770726, 24.786719, 24.803263, 24.820057, 24.836720, 24.853352, 24.870052, 24.886913, 24.903518, 24.921432, 24.937372, 24.953595, 24.970198, 24.986914, 25.003470, 25.020241, 25.036868, 25.053385, 25.070101, 25.086660, 25.103196, 25.119934, 25.136652, 25.153348, 25.171195, 25.187069, 25.203318, 25.220000, 25.236677, 25.253389, 25.270049, 25.286745, 25.303425, 25.320327, 25.337598, 25.353467, 25.370191, 25.386970, 25.403588, 25.422406, 25.436908, 25.453562, 25.470271, 25.487653, 25.503730, 25.520336, 25.536976, 25.553681, 25.570383, 25.587033, 25.603739, 25.620438, 25.637099, 25.653742, 25.672353, 25.687107, 25.703796, 25.720384, 25.737069, 25.753813, 25.770410, 25.787118, 25.805377, 25.820598, 25.838099, 25.854186, 25.870837, 25.887634, 25.904309, 25.924116, 25.937719, 25.954295, 25.970923, 25.987650, 26.004317, 26.020935, 26.037687, 26.054306, 26.072571, 26.087770, 26.104360, 26.121129, 26.137889, 26.154451, 26.173338, 26.188008, 26.204656, 26.221439, 26.238087, 26.254737, 26.271399, 26.288123, 26.304761, 26.321519, 26.338144, 26.354810, 26.371580, 26.388241, 26.404997, 26.423265, 26.438221, 26.454920, 26.471628, 26.488279, 26.508949, 26.521611, 26.538289, 26.554949, 26.571628, 26.588358, 26.605039, 26.621933, 26.638647, 26.655802, 26.673331, 26.688721, 26.705327, 26.722142, 26.738817, 26.755486, 26.772172, 26.789590, 26.805713, 26.822340, 26.838972, 26.855627, 26.873189, 26.889964, 26.906584, 26.924474, 26.939872, 26.955968, 26.972570, 26.990519, 27.006203, 27.022726, 27.039393, 27.056043, 27.072665, 27.089324, 27.105986, 27.122860, 27.139306, 27.156530, 27.174455, 27.189407, 27.205914, 27.222648, 27.239228, 27.255924, 27.274158, 27.289236, 27.306640, 27.322688, 27.339382, 27.356064, 27.373519, 27.390052, 27.406162, 27.425149, 27.440817, 27.455943, 27.472433, 27.489050, 27.505619, 27.522222, 27.538953, 27.555528, 27.572243, 27.588872, 27.605677, 27.622152, 27.638734, 27.655612, 27.671973, 27.690339, 27.705368, 27.722017, 27.738718, 27.759218, 27.772067, 27.788764, 27.806115, 27.822209, 27.838840, 27.855512, 27.872973, 27.889177, 27.905668, 27.922356, 27.940421, 27.955638, 27.972343, 27.989015, 28.005682, 28.023090, 28.039016, 28.055696, 28.072388, 28.088939, 28.105727, 28.122420, 28.139059, 28.155735, 28.172391, 28.191314, 28.205858, 28.222559, 28.239133, 28.255838, 28.272410, 28.289030, 28.305556, 28.322278, 28.338946, 28.356618, 28.372637, 28.389175, 28.406468, 28.422554, 28.441262, 28.455860, 28.472515, 28.489230, 28.505871, 28.522560, 28.539229, 28.555973, 28.572541, 28.589252, 28.606743, 28.622775, 28.639276, 28.655949, 28.672568, 28.692103, 28.706081, 28.722701, 28.739405, 28.756036, 28.773466, 28.789594, 28.806128, 28.822829, 28.839667, 28.856268, 28.873661, 28.889876, 28.906609, 28.923169, 28.941344, 28.956496, 28.973260, 28.989836, 29.006550, 29.023253, 29.039852, 29.056750, 29.073438, 29.090363, 29.107103, 29.124245, 29.140398, 29.156967, 29.173548, 29.192299, 29.206743, 29.223476, 29.239925, 29.256607, 29.273316, 29.289969, 29.306662, 29.323416, 29.340134, 29.357176, 29.373893, 29.390036, 29.406773, 29.423474, 29.442194, 29.456869, 29.473593, 29.490208, 29.506851, 29.523563, 29.540391, 29.557166, 29.574102, 29.590723, 29.607357, 29.624268, 29.640672, 29.658866, 29.674174, 29.692212, 29.707395, 29.724867, 29.741005, 29.757659, 29.774149, 29.790928, 29.807629, 29.824430, 29.841153, 29.858079, 29.876660, 29.890910, 29.907506, 29.924094, 29.942217, 29.957334, 29.974054, 29.990715, 30.008150, 30.024362, 30.040944, 30.057611, 30.074324, 30.090925, 30.107552, 30.124448, 30.140960, 30.157698, 30.174330, 30.193318, 30.208465, 30.224480, 30.241044, 30.261728, 30.274505, 30.291132, 30.307889, 30.325491, 30.341544, 30.358069, 30.374794, 30.391467, 30.408102, 30.424730, 30.443302, 30.457971, 30.474793, 30.491460, 30.508085, 30.524904, 30.541479, 30.558220, 30.574870, 30.591499, 30.609081, 30.624933, 30.641568, 30.658301, 30.674928, 30.693266, 30.708203, 30.724935, 30.741599, 30.758287, 30.775043, 30.791660, 30.808407, 30.825794, 30.842243, 30.858358, 30.875142, 30.891823, 30.908495, 30.925162, 30.943994, 30.958572, 30.976000, 30.992009, 31.008637, 31.025395, 31.041949, 31.058718, 31.075349, 31.092504, 31.109064, 31.125296, 31.141817, 31.158485, 31.175077, 31.193213, 31.208469, 31.225159, 31.241822, 31.258463, 31.275216, 31.291876, 31.308730, 31.325378, 31.342372, 31.359107, 31.375290, 31.393410, 31.408628, 31.425307, 31.443168, 31.458646, 31.475269, 31.491921, 31.508677, 31.525310, 31.542013, 31.558774, 31.575461, 31.593387, 31.609936, 31.627215, 31.642689, 31.659426, 31.676048, 31.698286, 31.710118, 31.726136, 31.742757, 31.759413, 31.776096, 31.792827, 31.809448, 31.826597, 31.843356, 31.859493, 31.876304, 31.893068, 31.909714, 31.926386, 31.943079, 31.961132, 31.977107, 31.993165, 32.009806, 32.026553, 32.043378, 32.059948, 32.076592, 32.093845, 32.109904, 32.126718, 32.143306, 32.160814, 32.176816, 32.193426, 32.212271, 32.226804, 32.243523, 32.260152, 32.276931, 32.293498, 32.310415, 32.327253, 32.343867, 32.360269, 32.376832, 32.393538, 32.410185, 32.426847, 32.443575, 32.462192, 32.476959, 32.493603, 32.511071, 32.527856, 32.543832, 32.560990, 32.577161, 32.593899, 32.611982, 32.627081, 32.643675, 32.660201, 32.676940, 32.693698, 32.712190, 32.726989, 32.744397, 32.762062, 32.777113, 32.793755, 32.810589, 32.827192, 32.843775, 32.860601, 32.877251, 32.893962, 32.910645, 32.927290, 32.943928, 32.962162, 32.977980, 32.994020, 33.010594, 33.027369, 33.043973, 33.061166, 33.077637, 33.097540, 33.110587, 33.127318, 33.143979, 33.160660, 33.177298, 33.193980, 33.212081, 33.228146, 33.244240, 33.260755, 33.277546, 33.294203, 33.310928, 33.327480, 33.344143, 33.361658, 33.377684, 33.394283, 33.410939, 33.427685, 33.444255, 33.462162, 33.477711, 33.494306, 33.511076, 33.527736, 33.544500, 33.561511, 33.578896, 33.594523, 33.611022, 33.628502, 33.644490, 33.661134, 33.677720, 33.695880, 33.713345, 33.727960, 33.744697, 33.762910, 33.778122, 33.794740, 33.811822, 33.828093, 33.844682, 33.861427, 33.878028, 33.896298, 33.911314, 33.927973, 33.944798, 33.963136, 33.978064, 33.994679, 34.011637, 34.028156, 34.045335, 34.062065, 34.078160, 34.095715, 34.111711, 34.128337, 34.145670, 34.161750, 34.178276, 34.195047, 34.217247, 34.229784, 34.244905, 34.261628, 34.278343, 34.295669, 34.312248, 34.328257, 34.344981, 34.361630, 34.378329, 34.394906, 34.411608, 34.428296, 34.444872, 34.461583, 34.481406, 34.496137, 34.511936, 34.528479, 34.545120, 34.562327, 34.578405, 34.595186, 34.611767, 34.628459, 34.645198, 34.661839, 34.678574, 34.695439, 34.712020, 34.730126, 34.745403, 34.762055, 34.778853, 34.795366, 34.812415, 34.829480, 34.845521, 34.862143, 34.878768, 34.895505, 34.913606, 34.928802, 34.946249, 34.962292, 34.980165, 34.995649, 35.012338, 35.029582, 35.047756, 35.062538, 35.079102, 35.095720, 35.112529, 35.129130, 35.145718, 35.162353, 35.179104, 35.195820, 35.212420, 35.231043, 35.245747, 35.262564, 35.279070, 35.296287, 35.312601, 35.329120, 35.345785, 35.366490, 35.379171, 35.395868, 35.412516, 35.429206, 35.445920, 35.462596, 35.481882, 35.496194, 35.512762, 35.529838, 35.546587, 35.562838, 35.579397, 35.596119, 35.612724, 35.629463, 35.646131, 35.662812, 35.679479, 35.696207, 35.712797, 35.731041, 35.746199, 35.762903, 35.779496, 35.797491, 35.813084, 35.829553, 35.846336, 35.862956, 35.879628, 35.896333, 35.912985, 35.929659, 35.946407, 35.962978, 35.981143, 35.998107, 36.013009, 36.030296, 36.046506, 36.063204, 36.081016, 36.096690, 36.113229, 36.131431, 36.147321, 36.163447, 36.180058, 36.196849, 36.213362, 36.232179, 36.247605, 36.263602, 36.280618, 36.296791, 36.314294, 36.330248, 36.346839, 36.363481, 36.380922, 36.396978, 36.413525, 36.430299, 36.446898, 36.467779, 36.482134, 36.497401, 36.513814, 36.530969, 36.547085, 36.563692, 36.580371, 36.597113, 36.613738, 36.631165, 36.647193, 36.664693, 36.680638, 36.697321, 36.713852, 36.732119, 36.747394, 36.764788, 36.781197, 36.797333, 36.814811, 36.833002, 36.852690, 36.865751, 36.880880, 36.897344, 36.914011, 36.930605, 36.947278, 36.965557, 36.982118, 36.997328, 37.014907, 37.030808, 37.047339, 37.064762, 37.080749, 37.098848, 37.114099, 37.130729, 37.147395, 37.164041, 37.180827, 37.201376, 37.214081, 37.232054, 37.247601, 37.264127, 37.280791, 37.297450, 37.314177, 37.330726, 37.347438, 37.364165, 37.380816, 37.397418, 37.414124, 37.430815, 37.447344, 37.464027, 37.481795, 37.497270, 37.514369, 37.530582, 37.547274, 37.563981, 37.580604, 37.597283, 37.614005, 37.631451, 37.647520, 37.664075, 37.680734, 37.697366, 37.714012, 37.731990, 37.747563, 37.764158, 37.780864, 37.797624, 37.814432, 37.831039, 37.847728, 37.865209, 37.884382, 37.902662, 37.921295, 37.939154, 37.957058, 37.974477, 37.993178, 38.008582, 38.023049, 38.036984, 38.048875, 38.064772, 38.081413, 38.098840, 38.114864, 38.131402, 38.148141, 38.164805, 38.181387, 38.199133, 38.214916, 38.231379, 38.250033, 38.264729, 38.281418, 38.298776, 38.314868, 38.331399, 38.348120, 38.366314, 38.381452, 38.398151, 38.414806, 38.432282, 38.448389, 38.465071, 38.481526, 38.501068, 38.514989, 38.531604, 38.548337, 38.564983, 38.581693, 38.598293, 38.615011, 38.631675, 38.651877, 38.664980, 38.681667, 38.698376, 38.715159, 38.731692, 38.750927, 38.765105, 38.781819, 38.798415, 38.815066, 38.831770, 38.848441, 38.865100, 38.881753, 38.898465, 38.915178, 38.931807, 38.949259, 38.965412, 38.981937, 39.000937, 39.015259, 39.031931, 39.048595, 39.065280, 39.081915, 39.098600, 39.115284, 39.131923, 39.148617, 39.165268, 39.181928, 39.198734, 39.216757, 39.232254, 39.251009, 39.265530, 39.282145, 39.299584, 39.315678, 39.332238, 39.348950, 39.365616, 39.382286, 39.398962, 39.416372, 39.433217, 39.449953, 39.466065, 39.484564, 39.501121, 39.515724, 39.532420, 39.549077, 39.565747, 39.582440, 39.599169, 39.615774, 39.633935, 39.649094, 39.666517, 39.682545, 39.699304, 39.715922, 39.732568, 39.751863, 39.765774, 39.783303, 39.799315, 39.815854, 39.832573, 39.849284, 39.865865, 39.882566, 39.899222, 39.919628, 39.932642, 39.949362, 39.966115, 39.982616, 39.999320, 40.017933, 40.032552, 40.049198, 40.065835, 40.082530, 40.098992, 40.115672, 40.132389, 40.149027, 40.165731, 40.182436, 40.199132, 40.215827, 40.232489, 40.249143, 40.268610, 40.282621, 40.299210, 40.316073, 40.332535, 40.349203, 40.366084, 40.382673, 40.399477, 40.416118, 40.432858, 40.449393, 40.466832, 40.482826, 40.499219, 40.517919, 40.532751, 40.549667, 40.566408, 40.583208, 40.599877, 40.616543, 40.633397, 40.649905, 40.666631, 40.683655, 40.700012, 40.716864, 40.733810, 40.750811, 40.769006, 40.783461, 40.800084, 40.816823, 40.833350, 40.850178, 40.866509, 40.883217, 40.899894, 40.917327, 40.933545, 40.950173, 40.967135, 40.983354, 41.000026, 41.018832, 41.033323, 41.050006, 41.066678, 41.083283, 41.099974, 41.116537, 41.133299, 41.149868, 41.168249, 41.183537, 41.199988, 41.217140, 41.233509, 41.250073, 41.270863, 41.285473, 41.300342, 41.317022, 41.333691, 41.350396, 41.367985, 41.385502, 41.400560, 41.417233, 41.434077, 41.450598, 41.467794, 41.487854, 41.500877, 41.517329, 41.535923, 41.550649, 41.567377, 41.584766, 41.600863, 41.617528, 41.634212, 41.650743, 41.667655, 41.684475, 41.700897, 41.718145, 41.734285, 41.751040, 41.767623, 41.785897, 41.800945, 41.817660, 41.834341, 41.851106, 41.867781, 41.884428, 41.901193, 41.917837, 41.934618, 41.951974, 41.968518, 41.984624, 42.001284, 42.018025, 42.035885, 42.051259, 42.067990, 42.084567, 42.101360, 42.117958, 42.134652, 42.152136, 42.168166, 42.185236, 42.201445, 42.218613, 42.234673, 42.251492, 42.268101, 42.286831, 42.301514, 42.318120, 42.334860, 42.351545, 42.368356, 42.385184, 42.401909, 42.418540, 42.435750, 42.451901, 42.470833, 42.486132, 42.503417, 42.518694, 42.536879, 42.552094, 42.568710, 42.586888, 42.602114, 42.618758, 42.635475, 42.652158, 42.668751, 42.686634, 42.702626, 42.718764, 42.735437, 42.752085, 42.768917, 42.786825, 42.802108, 42.818869, 42.835452, 42.852145, 42.868842, 42.885538, 42.902330, 42.918906, 42.936025, 42.952205, 42.968894, 42.985576, 43.002433, 43.018959, 43.037780, 43.052354, 43.069009, 43.085665, 43.102316, 43.119023, 43.135708, 43.152508, 43.169475, 43.186534, 43.203007, 43.219256, 43.236035, 43.252686, 43.269332, 43.287781, 43.302626, 43.319366, 43.335994, 43.352649, 43.369499, 43.386238, 43.402807, 43.420011, 43.436705, 43.452845, 43.469418, 43.486163, 43.502829, 43.519517, 43.538510, 43.553066, 43.569575, 43.586361, 43.603024, 43.619645, 43.637177, 43.653190, 43.673882, 43.687172, 43.703101, 43.719846, 43.736470, 43.753170, 43.769827, 43.788539, 43.803353, 43.819939, 43.836595, 43.853225, 43.869983, 43.886631, 43.903407, 43.920623, 43.936915, 43.953312, 43.969946, 43.986607, 44.003380, 44.019883, 44.039856, 44.053211, 44.069772, 44.086468, 44.102955, 44.119581, 44.136306, 44.153036, 44.171220, 44.187014, 44.202985, 44.220399, 44.236481, 44.253092, 44.269757, 44.286445, 44.305503, 44.319986, 44.336482, 44.353220, 44.369890, 44.386722, 44.407751, 44.420445, 44.437164, 44.453367, 44.470056, 44.487477, 44.503600, 44.520110, 44.536758, 44.555614, 44.570289, 44.586849, 44.603517, 44.620253, 44.636801, 44.653621, 44.670780, 44.687112, 44.704313, 44.720356, 44.736926, 44.753665, 44.770315, 44.786964, 44.805810, 44.821594, 44.837034, 44.853750, 44.870410, 44.887257, 44.903774, 44.920910, 44.937058, 44.953702, 44.970346, 44.986986, 45.003805, 45.021201, 45.037160, 45.055781, 45.070384, 45.087068, 45.103768, 45.120466, 45.137153, 45.155126, 45.170730, 45.188745, 45.203917, 45.220556, 45.237248, 45.254677, 45.270720, 45.287354, 45.306602, 45.323233, 45.338270, 45.354682, 45.370972, 45.387728, 45.404249, 45.421362, 45.438296, 45.455089, 45.471057, 45.487575, 45.504260, 45.520922, 45.537539, 45.555880, 45.570866, 45.587350, 45.604075, 45.620600, 45.637216, 45.659103, 45.671363, 45.687308, 45.703916, 45.720619, 45.737222, 45.753915, 45.770586, 45.787257, 45.803957, 45.821825, 45.837290, 45.853987, 45.870581, 45.887216, 45.903934, 45.920465, 45.937151, 45.953826, 45.970575, 45.987275, 46.003945, 46.021342, 46.037431, 46.054056, 46.073528, 46.087525, 46.104128, 46.120906, 46.137538, 46.154723, 46.170859, 46.187560, 46.204238, 46.220907, 46.237531, 46.254861, 46.271665, 46.287663, 46.304193, 46.322712, 46.337583, 46.354263, 46.371815, 46.387870, 46.404864, 46.421062, 46.437743, 46.454362, 46.471048, 46.487738, 46.504383, 46.522714, 46.537932, 46.554696, 46.572716, 46.588082, 46.604804, 46.621482, 46.638593, 46.654745, 46.671463, 46.689572, 46.704824, 46.721536, 46.738164, 46.754862, 46.771488, 46.788237, 46.804904, 46.823682, 46.838280, 46.855037, 46.872478, 46.888613, 46.905585, 46.925721, 46.938785, 46.955151, 46.971813, 46.988509, 47.005203, 47.021866, 47.038583, 47.055164, 47.073785, 47.088497, 47.105242, 47.122041, 47.139493, 47.155392, 47.172075, 47.188806, 47.205392, 47.222092, 47.238813, 47.255475, 47.272243, 47.288862, 47.305515, 47.323782, 47.338860, 47.355748, 47.372391, 47.389003, 47.405693, 47.422462, 47.439174, 47.455982, 47.472856, 47.489684, 47.506070, 47.522786, 47.539309, 47.556819, 47.574868, 47.591064, 47.606159, 47.623434, 47.639478, 47.656244, 47.672836, 47.689589, 47.707646, 47.722903, 47.739580, 47.760118, 47.772937, 47.790203, 47.806362, 47.824727, 47.839691, 47.856308, 47.873866, 47.889847, 47.906403, 47.923023, 47.939774, 47.956424, 47.973140, 47.989727, 48.006401, 48.023071, 48.039740, 48.056453, 48.074680, 48.090694, 48.106512, 48.123780, 48.139838, 48.156513, 48.173124, 48.189947, 48.206486, 48.223242, 48.239824, 48.256524, 48.273251, 48.289854, 48.306520, 48.324607, 48.340006, 48.356584, 48.373833, 48.390441, 48.406670, 48.423384, 48.440089, 48.456958, 48.475046, 48.490451, 48.507005, 48.523715, 48.540386, 48.558621, 48.575602, 48.590236, 48.607329, 48.623985, 48.644126, 48.659554, 48.676504, 48.692703, 48.708103, 48.723613, 48.740370, 48.757070, 48.773788, 48.790490, 48.807229, 48.826407, 48.840900, 48.857515, 48.874787, 48.890907, 48.907714, 48.924327, 48.941018, 48.957776, 48.974420, 48.991125, 49.007880, 49.024686, 49.041540, 49.058281, 49.076619, 49.092030, 49.109711, 49.125159, 49.141423, 49.159483, 49.174749, 49.192514, 49.208336, 49.225812, 49.242170, 49.258454, 49.275223, 49.291784, 49.308494, 49.326742, 49.342174, 49.359689, 49.375525, 49.391728, 49.408410, 49.425121, 49.441715, 49.458390, 49.475105, 49.491734, 49.508386, 49.525105, 49.541716, 49.558289, 49.576613, 49.592193, 49.608442, 49.625217, 49.641571, 49.658319, 49.677174, 49.691897, 49.708312, 49.724961, 49.741599, 49.758389, 49.774953, 49.792577, 49.809349, 49.826746, 49.842310, 49.858730, 49.875496, 49.891958, 49.908774, 49.925469, 49.942151, 49.959462, 49.975596, 49.992120, 50.008908, 50.025502, 50.042252, 50.058967, 50.078387, 50.093008, 50.109057, 50.125680, 50.142246, 50.159010, 50.175593, 50.192352, 50.208890, 50.225632, 50.242272, 50.259083, 50.275616, 50.292353, 50.309142, 50.327562, 50.342948, 50.359290, 50.375820, 50.392310, 50.409841, 50.426020, 50.442521, 50.459029, 50.475718, 50.493079, 50.508879, 50.525215, 50.541835, 50.558467, 50.575303, 50.593652, 50.608562, 50.625108, 50.641717, 50.658393, 50.675038, 50.691901, 50.708433, 50.725026, 50.741722, 50.759170, 50.775154, 50.792141, 50.809858, 50.827703, 50.844769, 50.860653, 50.874837, 50.895166, 50.908183, 50.924562, 50.941278, 50.957913, 50.974694, 50.991323, 51.008041, 51.024799, 51.041372, 51.058115, 51.074785, 51.091936, 51.109536, 51.124715, 51.141357, 51.158219, 51.174783, 51.191563, 51.208164, 51.224912, 51.241533, 51.258212, 51.274965, 51.291582, 51.308463, 51.325049, 51.342129, 51.360534, 51.374975, 51.392427, 51.408981, 51.425259, 51.442566, 51.458551, 51.475176, 51.491885, 51.508546, 51.525988, 51.542087, 51.558796, 51.575471, 51.592659, 51.610602, 51.625527, 51.642113, 51.658845, 51.675560, 51.692227, 51.708902, 51.725536, 51.742240, 51.758854, 51.775526, 51.792235, 51.808966, 51.825583, 51.842685, 51.860485, 51.875465, 51.892017, 51.910222, 51.925258, 51.941948, 51.958620, 51.975312, 51.991988, 52.008835, 52.025477, 52.042915, 52.059033, 52.076293, 52.092841, 52.110594, 52.125690, 52.142322, 52.159017, 52.175666, 52.193131, 52.208977, 52.225709, 52.242352, 52.258999, 52.275580, 52.292334, 52.309149, 52.326236, 52.344248, 52.360488, 52.375710, 52.392528, 52.409165, 52.425787, 52.442343, 52.459101, 52.475805, 52.492494, 52.509146, 52.525812, 52.542560, 52.559247, 52.575868, 52.592519, 52.610470, 52.625769, 52.642433, 52.658962, 52.675622, 52.692347, 52.708953, 52.725610, 52.742307, 52.758990, 52.775657, 52.792387, 52.809809, 52.825822, 52.842850, 52.861438, 52.875996, 52.892905, 52.909461, 52.926197, 52.942929, 52.959576, 52.976308, 52.992964, 53.009655, 53.027171, 53.043252, 53.060435, 53.076551, 53.093192, 53.112277, 53.126685, 53.143235, 53.159936, 53.178161, 53.193320, 53.210001, 53.227438, 53.243452, 53.260050, 53.276786, 53.293495, 53.310677, 53.328300, 53.343471, 53.361511, 53.376873, 53.393520, 53.410141, 53.427573, 53.443638, 53.460182, 53.476884, 53.493549, 53.510225, 53.527012, 53.543627, 53.560865, 53.576965, 53.597530, 53.612508, 53.627011, 53.643584, 53.660252, 53.676962, 53.693635, 53.710333, 53.726991, 53.743668, 53.760433, 53.777872, 53.793876, 53.810528, 53.827094, 53.843812, 53.862454, 53.877222, 53.894699, 53.910784, 53.927359, 53.944006, 53.960719, 53.977345, 53.994065, 54.010869, 54.027583, 54.044882, 54.061335, 54.077464, 54.094126, 54.112469, 54.127422, 54.144140, 54.160760, 54.178157, 54.194096, 54.210619, 54.227265, 54.243917, 54.260665, 54.277284, 54.294403, 54.311017, 54.327206, 54.343815, 54.360520, 54.378423, 54.393916, 54.410655, 54.427394, 54.444106, 54.460838, 54.477530, 54.495890, 54.511044, 54.527661, 54.544372, 54.561411, 54.577645, 54.594348, 54.611026, 54.629452, 54.644303, 54.662594, 54.677675, 54.694349, 54.710997, 54.727699, 54.744334, 54.761013, 54.777776, 54.795026, 54.811271, 54.827714, 54.844392, 54.865374, 54.879494, 54.894413, 54.911192, 54.927869, 54.944580, 54.961194, 54.977906, 54.994531, 55.011260, 55.027974, 55.045013, 55.061269, 55.077826, 55.094501, 55.111156, 55.129384, 55.144577, 55.161317, 55.178688, 55.194884, 55.211395, 55.228106, 55.244791, 55.262199, 55.278884, 55.294918, 55.311941, 55.328297, 55.345684, 55.361830, 55.380269, 55.395083, 55.412412, 55.428453, 55.445121, 55.461752, 55.478503, 55.495089, 55.511767, 55.528942, 55.545136, 55.561783, 55.578406, 55.595077, 55.611649, 55.630370, 55.645078, 55.661655, 55.678356, 55.695116, 55.711783, 55.728434, 55.745173, 55.761790, 55.779052, 55.795226, 55.811866, 55.828510, 55.845221, 55.861916, 55.880298, 55.896792, 55.912009, 55.928673, 55.945334, 55.961997, 55.978703, 55.995419, 56.012062, 56.030034, 56.045878, 56.063857, 56.079021, 56.095708, 56.112325, 56.130340, 56.145717, 56.162340, 56.179008, 56.196551, 56.212557, 56.230002, 56.246007, 56.263879, 56.281450, 56.296008, 56.312718, 56.329375, 56.346011, 56.362732, 56.381534, 56.396026, 56.413474, 56.429387, 56.446034, 56.462678, 56.479487, 56.496986, 56.513611, 56.530096, 56.546035, 56.562787, 56.579375, 56.596032, 56.612741, 56.631421, 56.646070, 56.662735, 56.679295, 56.696032, 56.712658, 56.729310, 56.746006, 56.763259, 56.779295, 56.796745, 56.812815, 56.829345, 56.846076, 56.862669, 56.881420, 56.896771, 56.912932, 56.929521, 56.946918, 56.963023, 56.979636, 56.996287, 57.012902, 57.030031, 57.046155, 57.062873, 57.079530, 57.096270, 57.112893, 57.131420, 57.146194, 57.162816, 57.179516, 57.196159, 57.212835, 57.229522, 57.246212, 57.262914, 57.279902, 57.296333, 57.313711, 57.329994, 57.346639, 57.363263, 57.381434, 57.396560, 57.413183, 57.429850, 57.446596, 57.463171, 57.479956, 57.496723, 57.513280, 57.529922, 57.546570, 57.564776, 57.580023, 57.596718, 57.613407, 57.631268, 57.646612, 57.663451, 57.680142, 57.696809, 57.713692, 57.734509, 57.747349, 57.764095, 57.780552, 57.797317, 57.814070, 57.830724, 57.847400, 57.863986, 57.882252, 57.897276, 57.914004, 57.930501, 57.947362, 57.963907, 57.980472, 57.997568, 58.014034, 58.030244, 58.046952, 58.064378, 58.080430, 58.098296, 58.113931, 58.130507, 58.149356, 58.163886, 58.180580, 58.197360, 58.214152, 58.231527, 58.247598, 58.264150, 58.280697, 58.297481, 58.313987, 58.330656, 58.347248, 58.363976, 58.380642, 58.399339, 58.414074, 58.430836, 58.447479, 58.466245, 58.480777, 58.498163, 58.514493, 58.530914, 58.547534, 58.564132, 58.580898, 58.599863, 58.614399, 58.630934, 58.649347, 58.664380, 58.681014, 58.697709, 58.714431, 58.732022, 58.747933, 58.764388, 58.781194, 58.797718, 58.814391, 58.830973, 58.847522, 58.864220, 58.880809, 58.899857, 58.919396, 58.931444, 58.947682, 58.964282, 58.980991, 58.998235, 59.014195, 59.030979, 59.047646, 59.064409, 59.080939, 59.097609, 59.114371, 59.130935, 59.149269, 59.164339, 59.180932, 
12, 34, 0, 1.443967, 1.423250, 1.380797, 1.347031, 1.332663, 1.382938, 1.433808, 1.496672, 1.572519, 1.677811, 1.818005, 2.039790, 2.289703, 2.560710, 2.806678, 3.093004, 3.370638, 3.707038, 4.075048, 4.484818, 4.904098, 5.356152, 5.792764, 6.220477, 6.661279, 7.027130, 7.397655, 7.727442, 8.055781, 8.400163, 8.723973, 8.953586, 9.114059, 9.205200, 9.256432, 9.242245, 9.044169, 9.074868, 8.942928, 8.764072, 8.580884, 8.418075, 8.254831, 8.107396, 7.963644, 7.865222, 7.734307, 7.657952, 7.587410, 7.551284, 7.513706, 7.379375, 7.455589, 7.418981, 7.369926, 7.309030, 7.243733, 7.167296, 6.984197, 6.994135, 6.888772, 6.764310, 6.642865, 6.498441, 6.231121, 6.131646, 5.737955, 5.652240, 5.388315, 4.888052, 4.737080, 4.163233, 3.774232, 3.591484, 2.965750, 2.522643, 2.312801, 1.622724, 1.172519, 0.960483, 0.320875, 0.083682, 0.468640, 0.784634, 1.067692, 1.323372, 1.533893, 1.706736, 1.833036, 1.923562, 1.990405, 2.051750, 2.101225, 2.150870, 2.203478, 2.252705, 2.293879, 2.326102, 2.364859, 2.392667, 2.406187, 2.410247, 2.428642, 2.390301, 2.319624, 2.229206, 2.136447, 2.026961, 1.878495, 1.690067, 1.597451, 1.456213, 1.346644, 1.247462, 1.123712, 1.012638, 0.916550, 0.799158, 0.660310, 0.557964, 0.446146, 0.358964, 0.249433, 0.187932, 0.117440, 0.073236, 0.081115, 0.017513, 0.044048, 0.100758, 0.215569, 0.253190, 0.352878, 0.454271, 0.535576, 0.610908, 0.658361, 0.704388, 0.721241, 0.719130, 0.702778, 0.683525, 0.708540, 0.639171, 0.597161, 0.560804, 0.509468, 0.444394, 0.380851, 0.280024, 0.190187, 0.095669, 0.005387, 0.109252, 0.208490, 0.307043, 0.431967, 0.573967, 0.711945, 0.840885, 0.983698, 1.130882, 1.190420, 1.287263, 1.339305, 1.313296, 1.323822, 1.264733, 1.088160, 1.033352, 0.857433, 0.590346, 0.350519, 0.133571, 0.080785, 0.187270, 0.517805, 0.736133, 0.935579, 1.138045, 1.316074, 1.477118, 1.620081, 1.758033, 1.858374, 1.956118, 2.030549, 2.076244, 2.105867, 2.120844, 2.121977, 2.131186, 2.120737, 2.081713, 2.018625, 1.958607, 1.900018, 1.810357, 1.718016, 1.616826, 1.520971, 1.412290, 1.250706, 1.107918, 0.954578, 0.784210, 0.627548, 0.472944, 0.326927, 0.181501, 0.071895, 0.047600, 0.176318, 0.280825, 0.381217, 0.504518, 0.579256, 0.673615, 0.747176, 0.818048, 0.883142, 0.941431, 0.994297, 1.044052, 1.091289, 1.136552, 1.178228, 1.217118, 1.238444, 1.261680, 1.263863, 1.247693, 1.239724, 1.219434, 1.211591, 1.220878, 1.247264, 1.269355, 1.265056, 1.268380, 1.328602, 1.321481, 1.327367, 1.330253, 1.312950, 1.278611, 1.256658, 1.234199, 1.170252, 1.194549, 1.175785, 1.169169, 1.149834, 1.127131, 1.095425, 1.064155, 1.027371, 0.995006, 0.953175, 0.888164, 0.894109, 0.868156, 0.853213, 0.816959, 0.796364, 0.807288, 0.792644, 0.797757, 0.827483, 0.838695, 0.831607, 0.843522, 0.851585, 0.864586, 0.875745, 0.888250, 0.901568, 0.931388, 0.903435, 0.919336, 0.908016, 0.927647, 0.911402, 0.900030, 0.884891, 0.881623, 0.851701, 0.807568, 0.760938, 0.704853, 0.667632, 0.628118, 0.576956, 0.526897, 0.475523, 0.426174, 0.391871, 0.356130, 0.328163, 0.276219, 0.224255, 0.177283, 0.125928, 0.068625, 0.033304, 0.004925, 0.053826, 0.084341, 0.105570, 0.130227, 0.154913, 0.164669, 0.166632, 0.175793, 0.180037, 0.181604, 0.177645, 0.176132, 0.173489, 0.174237, 0.171086, 0.179293, 0.189713, 0.219533, 0.210605, 0.213436, 0.205654, 0.219312, 0.225735, 0.228158, 0.236817, 0.270893, 0.262520, 0.238655, 0.211235, 0.169103, 0.110680, 0.005359, 0.086320, 0.166299, 0.285117, 0.379139, 0.476214, 0.573882, 0.677790, 0.785472, 0.893013, 0.998638, 1.104284, 1.210734, 1.323131, 1.428516, 1.530895, 1.631955, 1.721897, 1.825304, 1.917297, 2.001522, 2.088031, 2.177599, 2.257816, 2.328883, 2.402370, 2.477652, 2.551228, 2.626178, 2.690046, 2.731413, 2.718237, 2.646929, 2.611956, 2.428625, 2.335554, 2.118760, 1.751018, 1.611496, 1.355327, 0.967039, 0.673640, 0.383906, 0.099776, 0.063220, 0.442658, 0.667352, 0.868929, 1.030649, 1.167682, 1.212408, 1.340004, 1.381226, 1.378112, 1.330669, 1.290280, 1.205310, 1.124516, 1.041130, 0.956810, 0.870576, 0.784373, 0.698287, 0.611545, 0.525531, 0.437604, 0.349743, 0.261012, 0.171043, 0.081181, 0.009991, 0.103525, 0.194256, 0.283047, 0.375564, 0.467946, 0.560760, 0.654578, 0.749380, 0.844048, 0.938424, 1.033905, 1.129620, 1.226503, 1.323302, 1.421793, 1.519192, 1.637232, 1.716533, 1.815559, 1.915707, 2.004495, 2.076197, 2.144456, 2.208119, 2.268350, 2.328761, 2.391774, 2.457973, 2.527316, 2.599969, 2.671470, 2.727940, 2.741410, 2.751038, 2.759928, 2.748890, 2.710674, 2.651872, 2.629967, 2.609428, 2.616132, 2.627781, 2.654043, 2.655610, 2.669930, 2.666153, 2.645336, 2.601159, 2.533944, 2.465621, 2.362264, 2.251841, 2.137349, 2.024509, 1.914704, 1.795284, 1.659879, 1.558958, 1.442795, 1.330328, 1.145137, 1.088331, 0.967794, 0.855766, 0.744311, 0.645871, 0.576743, 0.506341, 0.390851, 0.410783, 0.363990, 0.317616, 0.297721, 0.274587, 0.255029, 0.237632, 0.217791, 0.210328, 0.203111, 0.193997, 0.194641, 0.190522, 0.179233, 0.099898, 0.144079, 0.129272, 0.126419, 0.107086, 0.077735, 0.066535, 0.046002, 0.030490, 0.017318, 0.017967, 0.029683, 0.029065, 0.009092, 0.010577, 0.032036, 0.020393, 0.023321, 0.046843, 0.083032, 0.107394, 0.140594, 0.180247, 0.268643, 0.414341, 0.562368, 0.721081, 0.880833, 1.041180, 1.199720, 1.357555, 1.516043, 1.688554, 1.831167, 1.918203, 1.973433, 1.999387, 1.979100, 1.939228, 1.873508, 1.789408, 1.678451, 1.560850, 1.452569, 1.362410, 1.235523, 1.128661, 1.029842, 0.922608, 0.811612, 0.684249, 0.562593, 0.426978, 0.284986, 0.142261, 0.020961, 0.115764, 0.240346, 0.362189, 0.484886, 0.609509, 0.730805, 0.828189, 0.917912, 1.005961, 1.069828, 1.141012, 1.182769, 1.210000, 1.212186, 1.181948, 1.116321, 1.050001, 0.954718, 0.819366, 0.644533, 0.441539, 0.237275, 0.032383, 0.173735, 0.362770, 0.564542, 0.735416, 0.889163, 1.019773, 1.114780, 1.204210, 1.277857, 1.323456, 1.334464, 1.322302, 1.289080, 1.189465, 1.072993, 0.948587, 0.799278, 0.613956, 0.414486, 0.199784, 0.029926, 0.244733, 0.450852, 0.643733, 0.811038, 0.936288, 1.189582, 1.191431, 1.293748, 1.364687, 1.429287, 1.469623, 1.501422, 1.488092, 1.461789, 1.473797, 1.381427, 1.324249, 1.257540, 1.179470, 1.101177, 1.080557, 0.952726, 0.879650, 0.795736, 0.727812, 0.678795, 0.673209, 0.679559, 0.739709, 0.730430, 0.782967, 0.872509, 0.939901, 1.023275, 1.078177, 1.217885, 1.163586, 1.188240, 1.195978, 1.211917, 1.236715, 1.256482, 1.291935, 1.320209, 1.431764, 1.362054, 1.464443, 1.455102, 1.347025, 1.382046, 1.321989, 1.239891, 1.219027, 1.153639, 1.008827, 0.978614, 0.896616, 0.801260, 0.709582, 0.626263, 0.520731, 0.430240, 0.328190, 0.233265, 0.177518, 0.058488, 0.305204, 0.510027, 0.726885, 0.928344, 1.108688, 1.241515, 1.341207, 1.388546, 1.394727, 1.367836, 1.310255, 1.220866, 1.097915, 0.914506, 0.701675, 0.463526, 0.237781, 0.015132, 0.218047, 0.452934, 0.687002, 0.925957, 1.142581, 1.401017, 1.633417, 1.852136, 2.063793, 2.277556, 2.470632, 2.646670, 2.795130, 2.921810, 2.981422, 3.046685, 3.055149, 3.027177, 2.932436, 2.838295, 2.740697, 2.611523, 2.483413, 2.374464, 2.243167, 2.113699, 1.984931, 1.812408, 1.690862, 1.486221, 1.275811, 1.040611, 0.813420, 0.581313, 0.349853, 0.124340, 0.099440, 0.298500, 0.493607, 0.657994, 0.835623, 1.001212, 1.160299, 1.287906, 1.396704, 1.516714, 1.638883, 1.741100, 1.842802, 1.943188, 2.042100, 2.141066, 2.238448, 2.335238, 2.430401, 2.524726, 2.618776, 2.711588, 2.804140, 2.885270, 2.908878, 2.804246, 2.773627, 2.642237, 2.390306, 2.284837, 2.062634, 1.708210, 1.553226, 1.258730, 0.834219, 0.530932, 0.217708, 0.090034, 0.392603, 0.679060, 0.969372, 1.220943, 1.426089, 1.589597, 1.703942, 1.753333, 1.762785, 1.731931, 1.661361, 1.573031, 1.441838, 1.314556, 1.209222, 1.111887, 1.017175, 0.946102, 0.867360, 0.778180, 0.714794, 0.632774, 0.537088, 0.439636, 0.328999, 0.224735, 0.083184, 0.058202, 0.194041, 0.324286, 0.445049, 0.550713, 0.622794, 0.699498, 0.752088, 0.744548, 0.748500, 0.727555, 0.690102, 0.645732, 0.582314, 0.505438, 0.432978, 0.343458, 0.264155, 0.181381, 0.104298, 0.038315, 0.014661, 0.060191, 0.101081, 0.123766, 0.138721, 0.129916, 0.139157, 0.127414, 0.132074, 0.126552, 0.125889, 0.156547, 0.115584, 0.117497, 0.138223, 0.159900, 0.180936, 0.204666, 0.228170, 0.263244, 0.262483, 0.256218, 0.242713, 0.218630, 0.191763, 0.110745, 0.070913, 0.008582, 0.068196, 0.131416, 0.148827, 0.132359, 0.167629, 0.142561, 0.116865, 0.078555, 0.053175, 0.027427, 0.003633, 0.026002, 0.048357, 0.136431, 0.167256, 0.167049, 0.204409, 0.258756, 0.299752, 0.362764, 0.427221, 0.487397, 0.549558, 0.600167, 0.710265, 0.689713, 0.704461, 0.753236, 0.748762, 0.732919, 0.724073, 0.668760, 0.683125, 0.645580, 0.559934, 0.563759, 0.492794, 0.461978, 0.469658, 0.435602, 0.382353, 0.334175, 0.279784, 0.239595, 0.219664, 0.158761, 0.199254, 0.178329, 0.178823, 0.171607, 0.173078, 0.169616, 0.164043, 0.150413, 0.157696, 0.158381, 0.158428, 0.156337, 0.173459, 0.214649, 0.250399, 0.250755, 0.276358, 0.279326, 0.279696, 0.273573, 0.260069, 0.252826, 0.250142, 0.253363, 0.239360, 0.237794, 0.232161, 0.237132, 0.224492, 0.215161, 0.210716, 0.200333, 0.170139, 0.151921, 0.147257, 0.125077, 0.106666, 0.063882, 0.043664, 0.031256, 0.008615, 0.029292, 0.043658, 0.061499, 0.083511, 0.113236, 0.149293, 0.187100, 0.209455, 0.227092, 0.266770, 0.314058, 0.361863, 0.368394, 0.386606, 0.387412, 0.382989, 0.342933, 0.316005, 0.288200, 0.244990, 0.201126, 0.168303, 0.147755, 0.112132, 0.108679, 0.107621, 0.128510, 0.119791, 0.122845, 0.121251, 0.117050, 0.086339, 0.041787, 0.012648, 0.035629, 0.101194, 0.168574, 0.242449, 0.313190, 0.358496, 0.397984, 0.431698, 0.443692, 0.444962, 0.424937, 0.383810, 0.309132, 0.249155, 0.117837, 0.001145, 0.107201, 0.207411, 0.294958, 0.380584, 0.459175, 0.522349, 0.601096, 0.676735, 0.760776, 0.866948, 0.972092, 1.067673, 1.164906, 1.170463, 1.266022, 1.274445, 1.247245, 1.162364, 1.065713, 0.948875, 0.822227, 0.681962, 0.534436, 0.398216, 0.124802, 0.120929, 0.007211, 0.129108, 0.365361, 0.474666, 0.569884, 0.535706, 0.688692, 0.720862, 0.644820, 0.693271, 0.653301, 0.600483, 0.531813, 0.448629, 0.375729, 0.315794, 0.259567, 0.234166, 0.215934, 0.219442, 0.245899, 0.315050, 0.393927, 0.513821, 0.651117, 0.779166, 0.915641, 1.051823, 1.181480, 1.299765, 1.406844, 1.493556, 1.559461, 1.610363, 1.642069, 1.680553, 1.710684, 1.758041, 1.802385, 1.867261, 1.943083, 2.016237, 2.095999, 2.176791, 2.257313, 2.320692, 2.376938, 2.418841, 2.461439, 2.497935, 2.524206, 2.554783, 2.590594, 2.642129, 2.701110, 2.770349, 2.847236, 2.923471, 2.991060, 3.037876, 3.070639, 3.080988, 3.071277, 3.044484, 3.014042, 2.984025, 2.966966, 2.943841, 2.914178, 2.898499, 2.877679, 2.835530, 2.782343, 2.732506, 2.668312, 2.575360, 2.479566, 2.426553, 2.259646, 2.145942, 2.026935, 1.921121, 1.816297, 1.712437, 1.602996, 1.514990, 1.420880, 1.332063, 1.276201, 1.178890, 1.095177, 1.006972, 0.958342, 0.784357, 0.656435, 0.540704, 0.423019, 0.305929, 0.193229, 0.085278, 0.038872, 0.149583, 0.271464, 0.372762, 0.478775, 0.580250, 0.663518, 0.673753, 0.804862, 0.889326, 0.953994, 0.959210, 1.091086, 1.094136, 1.150619, 1.277731, 1.293238, 1.388743, 1.525653, 1.335921, 1.423039, 1.521034, 1.604066, 1.675632, 1.745598, 1.832008, 1.905343, 1.990674, 2.070486, 2.161409, 2.270678, 2.379877, 2.496446, 2.606340, 2.714042, 2.816072, 2.914022, 2.986464, 3.051642, 3.107189, 3.141367, 3.169618, 3.204273, 3.180969, 3.163310, 3.152953, 3.133196, 3.115011, 3.076467, 3.041703, 3.007887, 2.996488, 2.978322, 2.967485, 2.972730, 2.975071, 2.966215, 2.967557, 2.976822, 2.997208, 3.017203, 3.042211, 3.075970, 3.137374, 3.146334, 3.174314, 3.211183, 3.248705, 3.286543, 3.345774, 3.398855, 3.446055, 3.496671, 3.551615, 3.612081, 3.691385, 3.736826, 3.791075, 3.841690, 3.890559, 3.961312, 4.040016, 4.068178, 4.211986, 4.270890, 4.373587, 4.438454, 4.494965, 4.541626, 4.569219, 4.578163, 4.542324, 4.473255, 4.390985, 4.290452, 4.139795, 3.979371, 3.626200, 3.568712, 3.338449, 3.091232, 2.830675, 2.393275, 2.286540, 1.843578, 1.579650, 1.353756, 1.151656, 0.967238, 0.814314, 0.685643, 0.579054, 0.488392, 0.416883, 0.336045, 0.277799, 0.251825, 0.239081, 0.248613, 0.280504, 0.322298, 0.380149, 0.431164, 0.478258, 0.460198, 0.439794, 0.379921, 0.294148, 0.185260, 0.049724, 0.073605, 0.240103, 0.380872, 0.537912, 0.633700, 0.719413, 0.862872, 0.953670, 1.017393, 1.066076, 1.105976, 1.145564, 1.187855, 1.227968, 1.290462, 1.364874, 1.452151, 1.549560, 1.625326, 1.688026, 1.709595, 1.736186, 1.737325, 1.702209, 1.644454, 1.566190, 1.493900, 1.438089, 1.388354, 1.353783, 1.345644, 1.371454, 1.414990, 1.469438, 1.536825, 1.620616, 1.699121, 1.780885, 1.860631, 1.940710, 2.010646, 2.091041, 2.164816, 2.298811, 2.285986, 2.389525, 2.379101, 2.331577, 2.280065, 2.210293, 2.114936, 2.001564, 1.886982, 1.759405, 1.622941, 1.482932, 1.345698, 1.206480, 1.097776, 0.900909, 0.738187, 0.565588, 0.379729, 0.200223, 0.029970, 0.128533, 0.274943, 0.420986, 0.570862, 0.705445, 0.836795, 0.955034, 1.053100, 1.048209, 1.174860, 1.215989, 1.240945, 1.255477, 1.270100, 1.140490, 1.200117, 1.143847, 1.085512, 1.003586, 0.816920, 0.816180, 0.705753, 0.429368, 0.289312, 0.293980, 0.021146, 0.042705, 0.388959, 0.579993, 0.616357, 0.965114, 1.148273, 1.284935, 1.446464, 1.532150, 1.475680, 1.636677, 1.621779, 1.619529, 1.544944, 1.465024, 1.368510, 1.251392, 1.107515, 0.968361, 0.812849, 0.659878, 0.505162, 0.350125, 0.195856, 0.067828, 0.048964, 0.157322, 0.247505, 0.347312, 0.423025, 0.476882, 0.534622, 0.591223, 0.616200, 0.649338, 0.653235, 0.642691, 0.616849, 0.590173, 0.561749, 0.536623, 0.505631, 0.467845, 0.445798, 0.415830, 0.393104, 0.382628, 0.369730, 0.331606, 0.290442, 0.246958, 0.199708, 0.141838, 0.085764, 0.011504, 0.041337, 0.078368, 0.115103, 0.133145, 0.160129, 0.168865, 0.182199, 0.161781, 0.151262, 0.133185, 0.095604, 0.055930, 0.012890, 0.039336, 0.094780, 0.149116, 0.201293, 0.261483, 0.240000, 0.357468, 0.407764, 0.463260, 0.526756, 0.575575, 0.647785, 0.712029, 0.785655, 0.852245, 0.912368, 0.964454, 1.006781, 1.041987, 1.060591, 0.984024, 1.067070, 1.068037, 1.062523, 0.978302, 1.019621, 0.972365, 0.911637, 0.845352, 0.786505, 0.727461, 0.666918, 0.588206, 0.510153, 0.417691, 0.303984, 0.185391, 0.076188, 0.018649, 0.238833, 0.246953, 0.344097, 0.437685, 0.534013, 0.709409, 0.761658, 0.909542, 1.075526, 1.269945, 1.489546, 1.897399, 2.129775, 2.202759, 2.589801, 2.823673, 2.892004, 3.083706, 3.398860, 3.561000, 3.568325, 3.778974, 3.850334, 3.869447, 3.858082, 3.799096, 3.700666, 3.587650, 3.448699, 3.305247, 3.153819, 3.030828, 2.919020, 2.812088, 2.688323, 2.580095, 2.474728, 2.377958, 2.273663, 2.174354, 2.072622, 1.963515, 1.865356, 1.751485, 1.839682, 1.764201, 1.671258, 1.571923, 1.488642, 1.412143, 1.320060, 1.227262, 1.121982, 1.031905, 0.932977, 0.826067, 0.714154, 0.564311, 0.403542, 0.262540, 0.107249, 0.067814, 0.233415, 0.346622, 0.434341, 0.540567, 0.590765, 0.647786, 0.715154, 0.793519, 0.847055, 0.899616, 0.948888, 1.004516, 1.010798, 1.020499, 1.025215, 1.007829, 0.982281, 0.928146, 0.878523, 0.813996, 0.741856, 0.666007, 0.592729, 0.520632, 0.368185, 0.386210, 0.336951, 0.289424, 0.267019, 0.260791, 0.253802, 0.260138, 0.282295, 0.292726, 0.326240, 0.354304, 0.382428, 0.404831, 0.422381, 0.380892, 0.456227, 0.406426, 0.479970, 0.482027, 0.502814, 0.491585, 0.551613, 0.569499, 0.611092, 0.647062, 0.691339, 0.744587, 0.757032, 0.859247, 0.849941, 0.923306, 1.020347, 1.066132, 1.085457, 1.167011, 1.166246, 1.201286, 1.287667, 1.270825, 1.287307, 1.308312, 1.320574, 1.336678, 1.355354, 1.373242, 1.389530, 1.412456, 1.424455, 1.443595, 1.455725, 1.471667, 1.489425, 1.504999, 1.517142, 1.529801, 1.538123, 1.543471, 1.559127, 1.583590, 1.598998, 1.603095, 1.600386, 1.603185, 1.611790, 1.601583, 1.584693, 1.562455, 1.539452, 1.532743, 1.496156, 1.469249, 1.448267, 1.432210, 1.407497, 1.383623, 1.350710, 1.317292, 1.148157, 1.137527, 1.104631, 1.058954, 0.983482, 0.900422, 0.784293, 0.646477, 0.482289, 0.309578, 0.102788, 0.089428, 0.406257, 0.547175, 0.805719, 1.080193, 1.366667, 1.672510, 1.966325, 2.291136, 2.633472, 3.006509, 3.402638, 3.829072, 4.279473, 4.729305, 5.208508, 5.703898, 6.278277, 6.736464, 7.256830, 7.743369, 8.214431, 8.624618, 9.028095, 9.396872, 9.745700, 10.033847, 10.274765, 10.480105, 10.609532, 10.620823, 10.651203, 10.391198, 10.413839, 10.220755, 10.005255, 9.774676, 9.536716, 9.069751, 9.025189, 8.767475, 8.273089, 8.227979, 7.954563, 7.457911, 7.417734, 6.964832, 6.712083, 6.695633, 6.285594, 6.126321, 6.173511, 5.900430, 5.816057, 5.921933, 5.745318, 5.743511, 5.757879, 5.803111, 5.861293, 5.936095, 5.997161, 6.034861, 6.070239, 6.089078, 6.094820, 6.069842, 6.025023, 5.977079, 5.944326, 5.914386, 5.880825, 5.849994, 5.814640, 5.771262, 5.714986, 5.652513, 5.591748, 5.455107, 5.340688, 5.221745, 5.079178, 4.913815, 4.736838, 4.530175, 4.320902, 4.081757, 3.802575, 3.509343, 3.246621, 2.886558, 2.544485, 2.207962, 1.882853, 1.575741, 1.278553, 0.983319, 0.691156, 0.410854, 0.146197, 0.219832, 0.317581, 0.510065, 0.653283, 0.767980, 0.872837, 0.908258, 0.934194, 0.917376, 0.863009, 0.772070, 0.651525, 0.479740, 0.289546, 0.069138, 0.155053, 0.394984, 0.646627, 0.883052, 1.118742, 1.310617, 1.491535, 1.637899, 1.738854, 1.899282, 2.005858, 2.074275, 2.134012, 2.160959, 2.182010, 2.209903, 2.213366, 2.198671, 2.165999, 2.124454, 2.030235, 1.939699, 1.825324, 1.687086, 1.371676, 1.390538, 1.232754, 1.063020, 0.870048, 0.694500, 0.526019, 0.370796, 0.193777, 0.039507, 0.261653, 0.417004, 0.615019, 0.627196, 0.817234, 1.210956, 1.242048, 1.604362, 1.847787, 1.982145, 2.265163, 2.448119, 2.601809, 2.752619, 2.863707, 2.939770, 2.984186, 3.012873, 2.990425, 2.942359, 2.867616, 2.781327, 2.671244, 2.559690, 2.436594, 2.316403, 2.181618, 2.038219, 1.901586, 1.739622, 1.598061, 1.428158, 1.252150, 1.060210, 0.878502, 0.636973, 0.433986, 0.187663, 0.047529, 0.234001, 0.428781, 0.567865, 0.705130, 0.839494, 0.955545, 1.067027, 1.148841, 1.224218, 1.275358, 1.315183, 1.333237, 1.340269, 1.333516, 1.301147, 1.268294, 1.194098, 1.094936, 0.982086, 0.856854, 0.723862, 0.570905, 0.402220, 0.237318, 0.061489, 0.089611, 0.229156, 0.343792, 0.459000, 0.540839, 0.617805, 0.671652, 0.724989, 0.759320, 0.806523, 0.867345, 0.976455, 1.010119, 1.091844, 1.162428, 1.239863, 1.306134, 1.361588, 1.402396, 1.427153, 1.434494, 1.437538, 1.423997, 1.405809, 1.369347, 1.322787, 1.262773, 1.212749, 1.146882, 1.086866, 1.028516, 0.973115, 0.972969, 0.882094, 0.848578, 0.802880, 0.765515, 0.739503, 0.709362, 0.671221, 0.615177, 0.556299, 0.484242, 0.428326, 0.371085, 0.304222, 0.217462, 0.156437, 0.029202, 0.038395, 0.103767, 0.162341, 0.226054, 0.306743, 0.387770, 0.466007, 0.545112, 0.630478, 0.762984, 0.896174, 0.984248, 1.036284, 1.122563, 1.196269, 1.208987, 1.278409, 1.266597, 1.253941, 1.309518, 1.311312, 1.268884, 1.296955, 1.249439, 1.240552, 1.239045, 1.244868, 1.241615, 1.234754, 1.249434, 1.239651, 1.231589, 1.215908, 1.193054, 1.156598, 1.132377, 1.084173, 1.046776, 1.006661, 0.964329, 0.938758, 0.923297, 0.869624, 0.838839, 0.807635, 0.764654, 0.712761, 0.650277, 0.569068, 0.465853, 0.347092, 0.147143, 0.004851, 0.170403, 0.344935, 0.517942, 0.713095, 0.908384, 1.099310, 1.309841, 1.514115, 1.738783, 1.968315, 2.183847, 2.425012, 2.660295, 2.912940, 3.160480, 3.415982, 3.683071, 3.953454, 4.244769, 4.527437, 4.812958, 5.089086, 5.376956, 5.639201, 5.860201, 6.096347, 6.287377, 6.483895, 6.618020, 6.692999, 6.726856, 6.726765, 6.666449, 6.570379, 6.422545, 6.255153, 6.050433, 5.817823, 5.561367, 5.253082, 4.939271, 4.593525, 4.252369, 3.896468, 3.528785, 3.159161, 2.799073, 2.431991, 2.067983, 1.719600, 1.248941, 1.090995, 0.826653, 0.596835, 0.399453, 0.230925, 0.091221, 0.030125, 0.137063, 0.216967, 0.300534, 0.365510, 0.408800, 0.460566, 0.490464, 0.579094, 0.539508, 0.556244, 0.573923, 0.525417, 0.508932, 0.499438, 0.532316, 0.472550, 0.457861, 0.447119, 0.444028, 0.455676, 0.477139, 0.495457, 0.580465, 0.537589, 0.552179, 0.645409, 0.657377, 0.620918, 0.696084, 0.718265, 0.739408, 0.740248, 0.687672, 0.723809, 0.712749, 0.650580, 0.678709, 0.652722, 0.576696, 0.595582, 0.554232, 0.498529, 0.435743, 0.349114, 0.253844, 0.145457, 0.017545, 0.158175, 0.378818, 0.526503, 0.685297, 0.844930, 1.006505, 1.169051, 1.328584, 1.469167, 1.603465, 1.704986, 1.801854, 1.867975, 1.926528, 1.983814, 2.030605, 2.059985, 2.081220, 2.108547, 2.109701, 2.120486, 2.114313, 2.118905, 2.111014, 2.092182, 2.072099, 2.035825, 1.989824, 1.958056, 1.926570, 1.898011, 1.869922, 1.825377, 1.781650, 1.741673, 1.693918, 1.644404, 1.598249, 1.549832, 1.520381, 1.480526, 1.434378, 1.399798, 1.364176, 1.324934, 1.278155, 1.236253, 1.185919, 1.141959, 1.102375, 0.976273, 1.029026, 1.007584, 0.995763, 0.999342, 1.014469, 1.020619, 1.017678, 1.022271, 1.035144, 1.034063, 1.038691, 1.021891, 1.003824, 0.979957, 0.866703, 0.916343, 0.868898, 0.846704, 0.820689, 0.785503, 0.741328, 0.706789, 0.663679, 0.626861, 0.597627, 0.565474, 0.536126, 0.503369, 0.472659, 0.363100, 0.448645, 0.445361, 0.421655, 0.408267, 0.294142, 0.354762, 0.318162, 0.166534, 0.217098, 0.077520, 0.012186, 0.030298, 0.136955, 0.196891, 0.265396, 0.311470, 0.345906, 0.387080, 0.437984, 0.476789, 0.496058, 0.509621, 0.513691, 0.544845, 0.570187, 0.577812, 0.576663, 0.589286, 0.573762, 0.563702, 0.504966, 0.485121, 0.447383, 0.388052, 0.296352, 0.196324, 0.075538, 0.052840, 0.193327, 0.321536, 0.460272, 0.584126, 0.694273, 0.782767, 0.863678, 0.934794, 0.992365, 1.058152, 1.102691, 1.129271, 1.159832, 1.155367, 1.114133, 1.072508, 0.995164, 0.902919, 0.799653, 0.675343, 0.539280, 0.399450, 0.240282, 0.084138, 0.074432, 0.225530, 0.370051, 0.487983, 0.597077, 0.691046, 0.761814, 0.816822, 0.870379, 0.911702, 0.952588, 0.996253, 1.134953, 1.050271, 1.062206, 1.058441, 1.057935, 1.035296, 1.009656, 0.986591, 0.951970, 0.898088, 0.845678, 0.791573, 0.749183, 0.718413, 0.693382, 0.736474, 0.639044, 0.642317, 0.726845, 0.655128, 0.683156, 0.713288, 0.744212, 0.778986, 0.823227, 0.873763, 1.012729, 0.978543, 1.017362, 1.145305, 1.179382, 1.089214, 1.159736, 1.050601, 1.018051, 1.016638, 0.900141, 0.858994, 0.740489, 0.562785, 0.477398, 0.344000, 0.163114, 0.070943, 0.077475, 0.218917, 0.368677, 0.526234, 0.684687, 0.841212, 0.993118, 1.214876, 1.366682, 1.535478, 1.703424, 1.869817, 2.020229, 2.140375, 2.251697, 2.352110, 2.427028, 2.490840, 2.537454, 2.572803, 2.594303, 2.593571, 2.591109, 2.578142, 2.555468, 2.528137, 2.484571, 2.434991, 2.366140, 2.288109, 2.195091, 2.112763, 1.996132, 1.885129, 1.761427, 1.628583, 1.508880, 1.405393, 1.282183, 1.155409, 1.035257, 0.903200, 0.743807, 0.573915, 0.393276, 0.206193, 0.007369, 0.186064, 0.351937, 0.518644, 0.679059, 0.804938, 0.913600, 1.006951, 1.084896, 1.135052, 1.176941, 1.204619, 1.209864, 1.191793, 1.208307, 1.194933, 1.171269, 1.137298, 1.085056, 1.054772, 0.993351, 0.918543, 0.833701, 0.720651, 0.623514, 0.456568, 0.303038, 0.181348, 0.057233, 0.048784, 0.111144, 0.238541, 0.322385, 0.394415, 0.451893, 0.505835, 0.528467, 0.538227, 0.497718, 0.509718, 0.477136, 0.431454, 0.368594, 0.300071, 0.196903, 0.023019, 0.041294, 0.266166, 0.288123, 0.513065, 0.530064, 0.633251, 0.807988, 0.798668, 0.853694, 0.956150, 0.909191, 0.960598, 0.941227, 0.867092, 0.864356, 0.804596, 0.748597, 0.689673, 0.618391, 0.536146, 0.431785, 0.327131, 0.218306, 0.111006, 0.011747, 0.120618, 0.216717, 0.322762, 0.424079, 0.515179, 0.616567, 0.750474, 0.838968, 0.924247, 0.999585, 1.094542, 1.134297, 1.172385, 1.192371, 1.223672, 1.230209, 1.226487, 1.224353, 1.200269, 1.182184, 1.157290, 1.129159, 1.093032, 1.053661, 0.992443, 0.927159, 0.868874, 0.812202, 0.758320, 0.698839, 0.655288, 0.609218, 0.588853, 0.547683, 0.517866, 0.483040, 0.463453, 0.436171, 0.404083, 0.370907, 0.306209, 0.298007, 0.255318, 0.215300, 0.180964, 0.154111, 0.133685, 0.122305, 0.116074, 0.122486, 0.133507, 0.137457, 0.132372, 0.134926, 0.130155, 0.131073, 0.131853, 0.124313, 0.108365, 0.093090, 0.068561, 0.023867, 0.008781, 0.070692, 0.172758, 0.133442, 0.143699, 0.151910, 0.151538, 0.175623, 0.195365, 0.211095, 0.223066, 0.224515, 0.230725, 0.232216, 0.221972, 0.202023, 0.185686, 0.177518, 0.064676, 0.017532, 0.021485, 0.110988, 0.171341, 0.251866, 0.358157, 0.422719, 0.447449, 0.505741, 0.530049, 0.548083, 0.574471, 0.548105, 0.514759, 0.459647, 0.354877, 0.220549, 0.087183, 0.132641, 0.363662, 0.563225, 0.894866, 1.182661, 1.473082, 1.763323, 2.044850, 2.317183, 2.577678, 2.809170, 3.051621, 3.257984, 3.441758, 3.594580, 3.720258, 3.839473, 3.893674, 3.913505, 3.923581, 3.903555, 3.852898, 3.803657, 3.720292, 3.616754, 3.497449, 3.365801, 3.243053, 3.136065, 3.036443, 2.922847, 2.797898, 2.673887, 2.549914, 2.426189, 2.306044, 2.166819, 2.039438, 1.909763, 1.793962, 1.709239, 1.624068, 1.558301, 1.511505, 1.436940, 1.384693, 1.328476, 1.274607, 1.230450, 1.193267, 1.114250, 1.063157, 1.015123, 0.972412, 0.920872, 0.808524, 0.838318, 0.772365, 0.784558, 0.777723, 0.771447, 0.791338, 0.789421, 0.803305, 0.825229, 0.852944, 0.847659, 0.844634, 0.833278, 0.828377, 0.814816, 0.813270, 0.823424, 0.838113, 0.863469, 0.899101, 0.963559, 1.038689, 1.125298, 1.215683, 1.317341, 1.413014, 1.512008, 1.599833, 1.672378, 1.733554, 1.748407, 1.859429, 1.917495, 1.956997, 1.985623, 1.954618, 2.023236, 2.050634, 2.066229, 2.093926, 2.107923, 2.125560, 2.151064, 2.112239, 2.160747, 2.250107, 2.222388, 2.326290, 2.301879, 2.335686, 2.429708, 2.346173, 2.344184, 2.418654, 2.307397, 2.257192, 2.313826, 2.159856, 2.126012, 2.073920, 2.024853, 1.974800, 1.921342, 1.867083, 1.822389, 1.766676, 1.722603, 1.677340, 1.690285, 1.592281, 1.542681, 1.494242, 1.457739, 1.416961, 1.396486, 1.374540, 1.359293, 1.364524, 1.373359, 1.397909, 1.431956, 1.475740, 1.524239, 1.577781, 1.633694, 1.678782, 1.713115, 1.775182, 1.824323, 1.864835, 1.914092, 1.962437, 1.995814, 2.032445, 2.056063, 2.070496, 2.077473, 2.066037, 2.038881, 2.008372, 1.963951, 1.906978, 1.834729, 1.744067, 1.648228, 1.562586, 1.450594, 1.334916, 1.201454, 1.077159, 0.943512, 0.812513, 0.665320, 0.530434, 0.402504, 0.327432, 0.187242, 0.133476, 0.099481, 0.071921, 0.076356, 0.089724, 0.101675, 0.114602, 0.117646, 0.127620, 0.133785, 0.173488, 0.151359, 0.154201, 0.148597, 0.132451, 0.143083, 0.115253, 0.106620, 0.102056, 0.060695, 0.041625, 0.092562, 0.111735, 0.135550, 0.186123, 0.239535, 0.302074, 0.385329, 0.469789, 0.553973, 0.650856, 0.738466, 0.820782, 0.898019, 0.816187, 0.992629, 1.021911, 1.063800, 1.109387, 1.181214, 1.282469, 1.390568, 1.491909, 1.618436, 1.636827, 1.842253, 1.950451, 2.017439, 2.058705, 1.897619, 2.020557, 1.967295, 1.710618, 1.788043, 1.678552, 1.385806, 1.459251, 1.367879, 1.283041, 1.208780, 0.996746, 1.117282, 1.092177, 0.908440, 0.891894, 1.029283, 0.846350, 0.978977, 0.807203, 0.788993, 0.749630, 0.729954, 0.677053, 0.612350, 0.549711, 0.461039, 0.360766, 0.278775, 0.192790, 0.094214, 0.010183, 0.072434, 0.153168, 0.236967, 0.307608, 0.376322, 0.445467, 0.520118, 0.601897, 0.683961, 0.757632, 0.811883, 0.848448, 0.884021, 0.891759, 0.877415, 0.843577, 0.783266, 0.706586, 0.591258, 0.526194, 0.426963, 0.309002, 0.204801, 0.091191, 0.001594, 0.107302, 0.214584, 0.322395, 0.432989, 0.544438, 0.652031, 0.778433, 0.841270, 0.914049, 0.972825, 1.020508, 1.030552, 1.075463, 1.069232, 1.064395, 1.044362, 1.017623, 0.989874, 0.818672, 0.877419, 0.816767, 0.739607, 0.650251, 0.541850, 0.437811, 0.337775, 0.239267, 0.143940, 0.065215, 0.016608, 0.081676, 0.127263, 0.184093, 0.331029, 0.248915, 0.250694, 0.242338, 0.231738, 0.220667, 0.211551, 0.212841, 0.227985, 0.231795, 0.235780, 0.238202, 0.204179, 0.135550, 0.062017, 0.022447, 0.160297, 0.310448, 0.479638, 0.685210, 0.864267, 1.085626, 1.320183, 1.512232, 1.717991, 1.900612, 2.028541, 2.203475, 2.339049, 2.389629, 2.486809, 2.560562, 2.620619, 2.711632, 2.670236, 2.671525, 2.738233, 2.649297, 2.624618, 2.584090, 2.557162, 2.515300, 2.477728, 2.431862, 2.405129, 2.360632, 2.297934, 2.237221, 2.178907, 2.104869, 2.028276, 1.882704, 1.734721, 1.575070, 1.384048, 1.138531, 0.881318, 0.594957, 0.291910, 0.042995, 0.415644, 0.815882, 1.222926, 1.663526, 2.106890, 2.555608, 2.996954, 3.430111, 3.887450, 4.284986, 4.699248, 5.063483, 5.410928, 5.721915, 5.981222, 6.178911, 6.340374, 6.486179, 6.528298, 6.478554, 6.363851, 6.195142, 5.972885, 5.717734, 5.388394, 5.021786, 4.628956, 4.217265, 3.789441, 3.364750, 2.944667, 2.520608, 2.106887, 1.704540, 1.298095, 0.914842, 0.528007, 0.158793, 0.177460, 0.498296, 0.794066, 1.064754, 1.301776, 1.506188, 1.696535, 1.871665, 2.131365, 2.171804, 2.299939, 2.390917, 2.457494, 2.491280, 2.491410, 2.466897, 2.396568, 2.311310, 2.183618, 2.055380, 1.944006, 1.821817, 1.694902, 1.568683, 1.444302, 1.327383, 1.253631, 1.183092, 1.136719, 1.118246, 1.101614, 1.089481, 1.081286, 1.068348, 1.046880, 1.030638, 1.087544, 1.036140, 1.013003, 1.037515, 0.957571, 0.922819, 0.891412, 0.886967, 0.822294, 0.765325, 0.700996, 0.647807, 0.594767, 0.523976, 0.467282, 0.436760, 0.335440, 0.271385, 0.241241, 0.146913, 0.080471, 0.022361, 0.053987, 0.094813, 0.137740, 0.171997, 0.192802, 0.207904, 0.201181, 0.172922, 0.134982, 0.077409, 0.039231, 0.163588, 0.312976, 0.488412, 0.677872, 0.894354, 1.136459, 1.369070, 1.598613, 1.810933, 2.032683, 2.238181, 2.435412, 2.614604, 2.762835, 2.932566, 3.123875, 3.218019, 3.310863, 3.403987, 3.516274, 3.611027, 3.655873, 3.640588, 3.609451, 3.536906, 3.442253, 3.339467, 3.216920, 3.090852, 2.946962, 2.809635, 2.673353, 2.553123, 2.434799, 2.308279, 2.184598, 2.050379, 1.915834, 1.802002, 1.704772, 1.614029, 1.547899, 1.495438, 1.465055, 1.444451, 1.413553, 1.381950, 1.337022, 1.291279, 1.238706, 1.170643, 1.086960, 0.988859, 0.892703, 0.773135, 0.649222, 0.526554, 0.403338, 0.290022, 0.187976, 0.073272, 0.059469, 0.067806, 0.145824, 0.212144, 0.277915, 0.337294, 0.413855, 0.498696, 0.574504, 0.626245, 0.672045, 0.716691, 0.757735, 0.778969, 0.779042, 0.786328, 0.692583, 0.606160, 0.474343, 0.342373, 0.205075, 0.085165, 0.023175, 0.134466, 0.248314, 0.362469, 0.477451, 0.588894, 0.670536, 0.780385, 0.833422, 0.912462, 0.974503, 1.097653, 1.164267, 1.258040, 1.369933, 1.450333, 1.549774, 1.643105, 1.726935, 1.810896, 1.879039, 1.938142, 1.995118, 2.043617, 2.076655, 2.119914, 2.154957, 2.183674, 2.233236, 2.243193, 2.273696, 2.299941, 2.318084, 2.328782, 2.348158, 2.343643, 2.330728, 2.285365, 2.253314, 2.207137, 2.171263, 2.113021, 2.055506, 1.994386, 1.941856, 1.899752, 1.857359, 1.829558, 1.814032, 1.798735, 1.778468, 1.743645, 1.661897, 1.638094, 1.556670, 1.482260, 1.404089, 1.332278, 1.271306, 1.208211, 1.160912, 1.135135, 1.135380, 1.129980, 1.120373, 1.118347, 1.102666, 1.070601, 1.022540, 0.939222, 0.834492, 0.696973, 0.547551, 0.382429, 0.203491, 0.005380, 0.177174, 0.357467, 0.531419, 0.684420, 0.809638, 0.914357, 0.980592, 1.017528, 1.024561, 1.015009, 0.981860, 0.925879, 0.859167, 0.811205, 0.759185, 0.725187, 0.701312, 0.700849, 0.698750, 0.706741, 0.708978, 0.705264, 0.779334, 0.671357, 0.638035, 0.596528, 0.521873, 0.453802, 0.381987, 0.303430, 0.251292, 0.216098, 0.201805, 0.197806, 0.218493, 0.241767, 0.273508, 0.405326, 0.325171, 0.346779, 0.353508, 0.348450, 0.333055, 0.302757, 0.254602, 0.195283, 0.129013, 0.059997, 0.068502, 0.084396, 0.145771, 0.104578, 0.134654, 0.253869, 0.170525, 0.210458, 0.291883, 0.216729, 0.331504, 0.267725, 0.316520, 0.363116, 0.400549, 0.386094, 0.372053, 0.337505, 0.275446, 0.194532, 0.118705, 0.018118, 0.060612, 0.099225, 0.197641, 0.250119, 0.299574, 0.343395, 0.388176, 0.451396, 0.504768, 0.564278, 0.638647, 0.687618, 0.731140, 0.764196, 0.823225, 0.847725, 0.879339, 0.908757, 0.933195, 0.965630, 0.917447, 1.021943, 1.055698, 1.087515, 1.132075, 1.189438, 1.247831, 1.327771, 1.394122, 1.453953, 1.495427, 1.517019, 1.531038, 1.691087, 1.578586, 1.468745, 1.348254, 1.232458, 1.111886, 0.996981, 0.877825, 0.784038, 0.825802, 0.650004, 0.610463, 0.585115, 0.573617, 0.545237, 0.481304, 0.379284, 0.243198, 0.056722, 0.151483, 0.378629, 0.627239, 0.880323, 1.120684, 1.272127, 1.515193, 1.661880, 1.774253, 1.881680, 1.961183, 2.049553, 2.134848, 2.224336, 2.322395, 2.432893, 2.570029, 2.702754, 2.866834, 3.015773, 3.161397, 3.198938, 3.364957, 3.395477, 3.393582, 3.344141, 3.102692, 3.153313, 2.887154, 2.763493, 2.803628, 2.516289, 2.385024, 2.415079, 2.087579, 1.920535, 1.757093, 1.612535, 1.421461, 1.268791, 1.138537, 1.021889, 0.923398, 0.866465, 0.783264, 0.746983, 0.713034, 0.682997, 0.669521, 0.662393, 0.620557, 0.602467, 0.588333, 0.603052, 0.621689, 0.665523, 0.717772, 0.778505, 0.846738, 0.918340, 0.982515, 1.013468, 1.028601, 1.022028, 0.995658, 0.947081, 0.878730, 0.705372, 0.649787, 0.520148, 0.355728, 0.168620, 0.020787, 0.225394, 0.432232, 0.630165, 0.822837, 0.998222, 1.149595, 1.304810, 1.431983, 1.556564, 1.636951, 1.713772, 1.777662, 1.814983, 1.835086, 1.825974, 1.793748, 1.747160, 1.685691, 1.605153, 1.491614, 1.366952, 1.231736, 1.091101, 0.969410, 0.848653, 0.736426, 0.620057, 0.501637, 0.378277, 0.175099, 0.038029, 0.248320, 0.459732, 0.670106, 0.907778, 1.115900, 1.321462, 1.491450, 1.601268, 1.677493, 1.755649, 1.795767, 1.812755, 1.804722, 1.777095, 1.756179, 1.742897, 1.752403, 1.751063, 1.775497, 1.780810, 1.858311, 1.880088, 1.916446, 1.944297, 1.912633, 1.972636, 1.972983, 1.978817, 1.967158, 1.954091, 1.938933, 1.915112, 1.890467, 1.851957, 1.717160, 1.722068, 1.643580, 1.554693, 1.461329, 1.279864, 1.264456, 1.164012, 1.062082, 0.987271, 0.907560, 0.774966, 0.785732, 0.738774, 0.636406, 0.662317, 0.579143, 0.540555, 0.583671, 0.519245, 0.483734, 0.508002, 0.409003, 0.396208, 0.332618, 0.296088, 0.269231, 0.271656, 0.264347, 0.266983, 0.281566, 0.310735, 0.333276, 0.357322, 0.398516, 0.452262, 0.518673, 0.565508, 0.625484, 0.696908, 0.753691, 0.799496, 0.835692, 0.872652, 0.915689, 0.964373, 1.001578, 1.038782, 1.073170, 1.162300, 1.211554, 1.269296, 1.336036, 1.402258, 1.466198, 1.568821, 1.644033, 1.707336, 1.762223, 1.814178, 1.828701, 1.843864, 1.860131, 1.897453, 1.893573, 1.879660, 1.869808, 1.851438, 1.817287, 1.760184, 1.730475, 1.681279, 1.622145, 1.583813, 1.538886, 1.463007, 1.404171, 1.342165, 1.283895, 1.198530, 1.032781, 0.950450, 0.804305, 0.638136, 0.454145, 0.237937, 0.007902, 0.244699, 0.513095, 0.808823, 1.102053, 1.408602, 1.703075, 1.993169, 2.289142, 2.631581, 2.902064, 3.207500, 3.571216, 3.823821, 4.135437, 4.447807, 4.763188, 5.108440, 5.444082, 5.754760, 6.014644, 6.307124, 6.584538, 6.850553, 7.120340, 7.316392, 7.465256, 7.609333, 7.689224, 7.675596, 7.702877, 7.616726, 7.524998, 7.430468, 7.393323, 7.153056, 7.068218, 6.877277, 6.531918, 6.280683, 6.039918, 5.796814, 5.673585, 5.327845, 5.110592, 5.014643, 4.733783, 4.566641, 4.417744, 4.251492, 4.099745, 3.933321, 3.761315, 3.584100, 3.403855, 3.206139, 2.994369, 2.786480, 2.567402, 2.371799, 2.169953, 2.000618, 1.825510, 1.657164, 1.506688, 1.376456, 1.262553, 1.163028, 1.063343, 0.980842, 0.901490, 0.814663, 0.748292, 0.665102, 0.564307, 0.469877, 0.378803, 0.296978, 0.223192, 0.151265, 0.105226, 0.065527, 0.035880, 0.019857, 0.012790, 0.005110, 0.037042, 0.074306, 0.140292, 0.200754, 0.278005, 0.357930, 0.435864, 0.524326, 0.589305, 0.644414, 0.683872, 0.720133, 0.743409, 0.740197, 0.733079, 0.705334, 0.691446, 0.671181, 0.637035, 0.606629, 0.575261, 0.554586, 0.552642, 0.546950, 0.537469, 0.548405, 0.560220, 0.567933, 0.563379, 0.548824, 0.522043, 0.475276, 0.432005, 0.392006, 0.358814, 0.328581, 0.293510, 0.268461, 0.258953, 0.250705, 0.273446, 0.217868, 0.219883, 0.276464, 0.202617, 0.190558, 0.170484, 0.155437, 0.142233, 0.122351, 0.115348, 0.106337, 0.098246, 
,,,0.019668, 0.043332, 0.059005, 0.081485, 0.099730, 0.111223, 0.122094, 0.133010, 0.143352, 0.154138, 0.166708, 0.183408, 0.200079, 0.216756, 0.233466, 0.250143, 0.266834, 0.283509, 0.299910, 0.316624, 0.333227, 0.351929, 0.366841, 0.383317, 0.400466, 0.416640, 0.433314, 0.449987, 0.466665, 0.483343, 0.499946, 0.516671, 0.533318, 0.550067, 0.566664, 0.584141, 0.601976, 0.616767, 0.633904, 0.650218, 0.666726, 0.683472, 0.700216, 0.716838, 0.733552, 0.751692, 0.766833, 0.783555, 0.800211, 0.816807, 0.833506, 0.852591, 0.867090, 0.883754, 0.900762, 0.916992, 0.933742, 0.950399, 0.968633, 0.983784, 1.000499, 1.017151, 1.033817, 1.050498, 1.070739, 1.083782, 1.101803, 1.117276, 1.134508, 1.150901, 1.167229, 1.184052, 1.200714, 1.217372, 1.234074, 1.250719, 1.267363, 1.284112, 1.300752, 1.317355, 1.334026, 1.352712, 1.368400, 1.384215, 1.400882, 1.418229, 1.434359, 1.450920, 1.467625, 1.484250, 1.500897, 1.517627, 1.534312, 1.551017, 1.567733, 1.584347, 1.602768, 1.618391, 1.634537, 1.651190, 1.667843, 1.684612, 1.701346, 1.718072, 1.734700, 1.751393, 1.768104, 1.784743, 1.804693, 1.821326, 1.835650, 1.853717, 1.869097, 1.885103, 1.903176, 1.918355, 1.935114, 1.951794, 1.969120, 1.985208, 2.001817, 2.018495, 2.036645, 2.051804, 2.068517, 2.085318, 2.104845, 2.119438, 2.135815, 2.152159, 2.173067, 2.186137, 2.202325, 2.219147, 2.235609, 2.252516, 2.269048, 2.285619, 2.302378, 2.319203, 2.335811, 2.352478, 2.371754, 2.386560, 2.402563, 2.419179, 2.435822, 2.452391, 2.469112, 2.485683, 2.502388, 2.519040, 2.535771, 2.552474, 2.569980, 2.586064, 2.603253, 2.621811, 2.636044, 2.652749, 2.671201, 2.688761, 2.702810, 2.719447, 2.736159, 2.754304, 2.769475, 2.786135, 2.802871, 2.819563, 2.836201, 2.857330, 2.871723, 2.886226, 2.902915, 2.919535, 2.936294, 2.952895, 2.969673, 2.986255, 3.002983, 3.019653, 3.036357, 3.053038, 3.069741, 3.086860, 3.103665, 3.121655, 3.136412, 3.153055, 3.169749, 3.187310, 3.203433, 3.220909, 3.237066, 3.253738, 3.270385, 3.287155, 3.303801, 3.322865, 3.337308, 3.353983, 3.373894, 3.387152, 3.403691, 3.420495, 3.437137, 3.453733, 3.470480, 3.487034, 3.503798, 3.520440, 3.537144, 3.554735, 3.571439, 3.591661, 3.603998, 3.620663, 3.638763, 3.653948, 3.670754, 3.687300, 3.703981, 3.720619, 3.737349, 3.754069, 3.770640, 3.787398, 3.804099, 3.822203, 3.838023, 3.854075, 3.872240, 3.888709, 3.904223, 3.920934, 3.938252, 3.958144, 3.970839, 3.987503, 4.004241, 4.020998, 4.037666, 4.055159, 4.071129, 4.088294, 4.104497, 4.121037, 4.139782, 4.154425, 4.170986, 4.188623, 4.204563, 4.221191, 4.237856, 4.254696, 4.271124, 4.287970, 4.304673, 4.323019, 4.338481, 4.354883, 4.371271, 4.390777, 4.404699, 4.421464, 4.438068, 4.454805, 4.471429, 4.488058, 4.504973, 4.521743, 4.538280, 4.555035, 4.572121, 4.588941, 4.605179, 4.621516, 4.638167, 4.656694, 4.671601, 4.688295, 4.704888, 4.721587, 4.739066, 4.755022, 4.772363, 4.788653, 4.805167, 4.821770, 4.838772, 4.855096, 4.872516, 4.888529, 4.907537, 4.921902, 4.939219, 4.955213, 4.971817, 4.988601, 5.005198, 5.021985, 5.038564, 5.055490, 5.072344, 5.088666, 5.105235, 5.121929, 5.138538, 5.156672, 5.171936, 5.188636, 5.205358, 5.221948, 5.238640, 5.255373, 5.271979, 5.288821, 5.305971, 5.322167, 5.339660, 5.355446, 5.372416, 5.388809, 5.407656, 5.422106, 5.438847, 5.455422, 5.472118, 5.488812, 5.505475, 5.523191, 5.538945, 5.556276, 5.572263, 5.589183, 5.605583, 5.622312, 5.639030, 5.657694, 5.672307, 5.689101, 5.706486, 5.722560, 5.739174, 5.755851, 5.772477, 5.789246, 5.806171, 5.822611, 5.839616, 5.855893, 5.872620, 5.889366, 5.907702, 5.922538, 5.940132, 5.956168, 5.972702, 5.990131, 6.006154, 6.023613, 6.039514, 6.056373, 6.072862, 6.089584, 6.106988, 6.123078, 6.140330, 6.157945, 6.172922, 6.189766, 6.206248, 6.223060, 6.239687, 6.256475, 6.273276, 6.289836, 6.306880, 6.323753, 6.339735, 6.356336, 6.373009, 6.389693, 6.407660, 6.423106, 6.439640, 6.456257, 6.473049, 6.489655, 6.506377, 6.522986, 6.540240, 6.556921, 6.573056, 6.589795, 6.606459, 6.623079, 6.639841, 6.658573, 6.673151, 6.689697, 6.706496, 6.723136, 6.740777, 6.756593, 6.773145, 6.790581, 6.807068, 6.823498, 6.839582, 6.856291, 6.872910, 6.889472, 6.906148, 6.924665, 6.939612, 6.956169, 6.973683, 6.989706, 7.006381, 7.022999, 7.039797, 7.056400, 7.076646, 7.089739, 7.106330, 7.123057, 7.139718, 7.156331, 7.174630, 7.189652, 7.206358, 7.223028, 7.239623, 7.256454, 7.273169, 7.289764, 7.306512, 7.323303, 7.339755, 7.356424, 7.373086, 7.389763, 7.407976, 7.425338, 7.439904, 7.456523, 7.473948, 7.489995, 7.508177, 7.523393, 7.540014, 7.556720, 7.573308, 7.590057, 7.606606, 7.623325, 7.639961, 7.656667, 7.674570, 7.689962, 7.706617, 7.724092, 7.740131, 7.756656, 7.773339, 7.789861, 7.809216, 7.822979, 7.839700, 7.856349, 7.872974, 7.889632, 7.906343, 7.923824, 7.941793, 7.956409, 7.973149, 7.989851, 8.006504, 8.023237, 8.039897, 8.056889, 8.073214, 8.090554, 8.106536, 8.122995, 8.139658, 8.156285, 8.172960, 8.191557, 8.206316, 8.222981, 8.239596, 8.256375, 8.272931, 8.290093, 8.306670, 8.323814, 8.339676, 8.356301, 8.372970, 8.389619, 8.406296, 8.423017, 8.442293, 8.456477, 8.473068, 8.489696, 8.506435, 8.523146, 8.539741, 8.558235, 8.573077, 8.589798, 8.606573, 8.623178, 8.640012, 8.656794, 8.673321, 8.691559, 8.706767, 8.725736, 8.740769, 8.756917, 8.773569, 8.790796, 8.806939, 8.823495, 8.840191, 8.856940, 8.873560, 8.890244, 8.906951, 8.925524, 8.941497, 8.956960, 8.973584, 8.990313, 9.007048, 9.024102, 9.041073, 9.057916, 9.073786, 9.090407, 9.107069, 9.123736, 9.140414, 9.157090, 9.173661, 9.191551, 9.207054, 9.223696, 9.240775, 9.257827, 9.274065, 9.290316, 9.306988, 9.323761, 9.340346, 9.356963, 9.373707, 9.390393, 9.407057, 9.423704, 9.442506, 9.457030, 9.473712, 9.490413, 9.507115, 9.524308, 9.540500, 9.557177, 9.574507, 9.590640, 9.607216, 9.623918, 9.640604, 9.657240, 9.673945, 9.692516, 9.707241, 9.723985, 9.740935, 9.757376, 9.774612, 9.790714, 9.807393, 9.823998, 9.840735, 9.857418, 9.874093, 9.890847, 9.907479, 9.925734, 9.942584, 9.957463, 9.974207, 9.991013, 10.007632, 10.024883, 10.041090, 10.057754, 10.074268, 10.092582, 10.107785, 10.124422, 10.141180, 10.157808, 10.174482, 10.192503, 10.207744, 10.224452, 10.241425, 10.257945, 10.275869, 10.291337, 10.307907, 10.328020, 10.341170, 10.357909, 10.374548, 10.391277, 10.407924, 10.424650, 10.443305, 10.457969, 10.474679, 10.491341, 10.508005, 10.524770, 10.541350, 10.558052, 10.574592, 10.592176, 10.608096, 10.624739, 10.641459, 10.658816, 10.676205, 10.693756, 10.710359, 10.725784, 10.741989, 10.758370, 10.775323, 10.791610, 10.808250, 10.825656, 10.841786, 10.858342, 10.874961, 10.891642, 10.908323, 10.925791, 10.941577, 10.959619, 10.975025, 10.991626, 11.008292, 11.025327, 11.041595, 11.058389, 11.074988, 11.091843, 11.108417, 11.125154, 11.141833, 11.158499, 11.175148, 11.191854, 11.210446, 11.225193, 11.242241, 11.258594, 11.275371, 11.292083, 11.308860, 11.327143, 11.342255, 11.358927, 11.375563, 11.392274, 11.408947, 11.426386, 11.442449, 11.460505, 11.475743, 11.494396, 11.509069, 11.525772, 11.542463, 11.559142, 11.575793, 11.592399, 11.609979, 11.625913, 11.642520, 11.660040, 11.675977, 11.693463, 11.715834, 11.727132, 11.743452, 11.759310, 11.776067, 11.792754, 11.809401, 11.826085, 11.842735, 11.859386, 11.876123, 11.892761, 11.909399, 11.926057, 11.943669, 11.959652, 11.977513, 11.993357, 12.009909, 12.026237, 12.043651, 12.060500, 12.076435, 12.092927, 12.109696, 12.127127, 12.143138, 12.159739, 12.176317, 12.193078, 12.209853, 12.228534, 12.243555, 12.259894, 12.276561, 12.293244, 12.309852, 12.326723, 12.343264, 12.359855, 12.377717, 12.393424, 12.409980, 12.426777, 12.443548, 12.460096, 12.478442, 12.494041, 12.510184, 12.527610, 12.543511, 12.560254, 12.577583, 12.593585, 12.610298, 12.626917, 12.645050, 12.660343, 12.677037, 12.693715, 12.710381, 12.728450, 12.744291, 12.760259, 12.776925, 12.793628, 12.811751, 12.826979, 12.843700, 12.860434, 12.877025, 12.893676, 12.910317, 12.927073, 12.943876, 12.960351, 12.979388, 12.994129, 13.010389, 13.027123, 13.044589, 13.060626, 13.081064, 13.093829, 13.110579, 13.127155, 13.143941, 13.161455, 13.177470, 13.194070, 13.210818, 13.229431, 13.244485, 13.260772, 13.277472, 13.294178, 13.310859, 13.327517, 13.344263, 13.360801, 13.377539, 13.394216, 13.410952, 13.427584, 13.444438, 13.461485, 13.479406, 13.494644, 13.511071, 13.527770, 13.544442, 13.561102, 13.577752, 13.594416, 13.611081, 13.627827, 13.644349, 13.661152, 13.677831, 13.694363, 13.711850, 13.729403, 13.744563, 13.761147, 13.777818, 13.794499, 13.812549, 13.828568, 13.844549, 13.861073, 13.877761, 13.895173, 13.912013, 13.928020, 13.944632, 13.961680, 13.979554, 13.996074, 14.011259, 14.027950, 14.044582, 14.061358, 14.077931, 14.094573, 14.111208, 14.127936, 14.144578, 14.161271, 14.177828, 14.194583, 14.211320, 14.229359, 14.244638, 14.261298, 14.282021, 14.294661, 14.311305, 14.327881, 14.344574, 14.361197, 14.377899, 14.394564, 14.411247, 14.427945, 14.444564, 14.462459, 14.480493, 14.494656, 14.511191, 14.527973, 14.544610, 14.561230, 14.578696, 14.594705, 14.611266, 14.627869, 14.644572, 14.661177, 14.677913, 14.694571, 14.711139, 14.730236, 14.744592, 14.761170, 14.777816, 14.794510, 14.811174, 14.827816, 14.844549, 14.861179, 14.877826, 14.894528, 14.911180, 14.927936, 14.944594, 14.961776, 14.977881, 14.996269, 15.011186, 15.027876, 15.044480, 15.061173, 15.077854, 15.094500, 15.111220, 15.127893, 15.144544, 15.161241, 15.177942, 15.194551, 15.211806, 15.227954, 15.246270, 15.261307, 15.278021, 15.294723, 15.311409, 15.328021, 15.344748, 15.361371, 15.378041, 15.394758, 15.411420, 15.428176, 15.444858, 15.462026, 15.478013, 15.496234, 15.511343, 15.527841, 15.544505, 15.561940, 15.578036, 15.594604, 15.611252, 15.627946, 15.646302, 15.661324, 15.678112, 15.694743, 15.711784, 15.728092, 15.746279, 15.761387, 15.778025, 15.794697, 15.811402, 15.828081, 15.844731, 15.861427, 15.878105, 15.895594, 15.911712, 15.928275, 15.944939, 15.961603, 15.978135, 15.998413, 16.011573, 16.028958, 16.044962, 16.061574, 16.078239, 16.094901, 16.111559, 16.128196, 16.145697, 16.161681, 16.181795, 16.194927, 16.211916, 16.228286, 16.245034, 16.263292, 16.278291, 16.294960, 16.311682, 16.328300, 16.345020, 16.361622, 16.378354, 16.395018, 16.411775, 16.428456, 16.445270, 16.461710, 16.478480, 16.495080, 16.515129, 16.528562, 16.546010, 16.562037, 16.578705, 16.595381, 16.612042, 16.628811, 16.646324, 16.662632, 16.679142, 16.696527, 16.712438, 16.729071, 16.745775, 16.764273, 16.779043, 16.795703, 16.812341, 16.829023, 16.845712, 16.862371, 16.879061, 16.895740, 16.912424, 16.929225, 16.945790, 16.962416, 16.979118, 16.995819, 17.014209, 17.029905, 17.045977, 17.062570, 17.079257, 17.095895, 17.112557, 17.129286, 17.146792, 17.162768, 17.179383, 17.195948, 17.212715, 17.230165, 17.246237, 17.264287, 17.279421, 17.296896, 17.312890, 17.329466, 17.346132, 17.363581, 17.379655, 17.396199, 17.413046, 17.430522, 17.446370, 17.462912, 17.479574, 17.497038, 17.514393, 17.529678, 17.547095, 17.563085, 17.579666, 17.596436, 17.613015, 17.629693, 17.647291, 17.663316, 17.680371, 17.696609, 17.713135, 17.729964, 17.746612, 17.765328, 17.780571, 17.796674, 17.813204, 17.829942, 17.846578, 17.863103, 17.879886, 17.896618, 17.913342, 17.930399, 17.946651, 17.963309, 17.980001, 17.996622, 18.015216, 18.029918, 18.046677, 18.063307, 18.079961, 18.096647, 18.113303, 18.129966, 18.146723, 18.163339, 18.180378, 18.196616, 18.213269, 18.229997, 18.246725, 18.265192, 18.279965, 18.296715, 18.313389, 18.330087, 18.346721, 18.363472, 18.380132, 18.396789, 18.413653, 18.430503, 18.446781, 18.464373, 18.480226, 18.497671, 18.515292, 18.530295, 18.546952, 18.563627, 18.580286, 18.596989, 18.613624, 18.630318, 18.647038, 18.663764, 18.681437, 18.697189, 18.713901, 18.730467, 18.747331, 18.765185, 18.781365, 18.797413, 18.814007, 18.830667, 18.848805, 18.864045, 18.880740, 18.897380, 18.914064, 18.930740, 18.947342, 18.964048, 18.980743, 18.997391, 19.016141, 19.030750, 19.047434, 19.064096, 19.080781, 19.097574, 19.114344, 19.132659, 19.148292, 19.164758, 19.181468, 19.199753, 19.215702, 19.231728, 19.248293, 19.266262, 19.281615, 19.298311, 19.314977, 19.331581, 19.348417, 19.365264, 19.382006, 19.399090, 19.415122, 19.431887, 19.448540, 19.465128, 19.481997, 19.498759, 19.517176, 19.532102, 19.550794, 19.565379, 19.582167, 19.598784, 19.615510, 19.632244, 19.649340, 19.665687, 19.682152, 19.698805, 19.715510, 19.732207, 19.749798, 19.767328, 19.782334, 19.799065, 19.815792, 19.832451, 19.849300, 19.865930, 19.883614, 19.899598, 19.916191, 19.932812, 19.949585, 19.966220, 19.982894, 19.999680, 20.018147, 20.033267, 20.050055, 20.066647, 20.083321, 20.100298, 20.116723, 20.133382, 20.150214, 20.166462, 20.183057, 20.201198, 20.216352, 20.232977, 20.249651, 20.268056, 20.282926, 20.299549, 20.317731, 20.333671, 20.350649, 20.366782, 20.383680, 20.402719, 20.416644, 20.433037, 20.449740, 20.466395, 20.482978, 20.499609, 20.516209, 20.535137, 20.549598, 20.566198, 20.582840, 20.599515, 20.616158, 20.632797, 20.649853, 20.666934, 20.683768, 20.699683, 20.716276, 20.732990, 20.749684, 20.766317, 20.785160, 20.801017, 20.816555, 20.832976, 20.849664, 20.866409, 20.883023, 20.900013, 20.916236, 20.933015, 20.949656, 20.966348, 20.983068, 20.999656, 21.016334, 21.035207, 21.049663, 21.067867, 21.083179, 21.099989, 21.117638, 21.133465, 21.150027, 21.166536, 21.183359, 21.199988, 21.216663, 21.233382, 21.249979, 21.266697, 21.285199, 21.299889, 21.316738, 21.333243, 21.349966, 21.366924, 21.383416, 21.400099, 21.416704, 21.433434, 21.450066, 21.466721, 21.483430, 21.500822, 21.516897, 21.535137, 21.550167, 21.566868, 21.583554, 21.600273, 21.617396, 21.634028, 21.650273, 21.666873, 21.683664, 21.700330, 21.718499, 21.733674, 21.750326, 21.767098, 21.785063, 21.800331, 21.817121, 21.833737, 21.850565, 21.867234, 21.883654, 21.900363, 21.917038, 21.935185, 21.951180, 21.967186, 21.983884, 22.000473, 22.017964, 22.039308, 22.050558, 22.067255, 22.083990, 22.100645, 22.117822, 22.135127, 22.150816, 22.167333, 22.183979, 22.200651, 22.217352, 22.235309, 22.250984, 22.267483, 22.284098, 22.302221, 22.317461, 22.334238, 22.350924, 22.368030, 22.384218, 22.400891, 22.418396, 22.435149, 22.451046, 22.467538, 22.484238, 22.500892, 22.518420, 22.534459, 22.553419, 22.567837, 22.584470, 22.601201, 22.618342, 22.634413, 22.651043, 22.667738, 22.684437, 22.701133, 22.717785, 22.735099, 22.751165, 22.767731, 22.784412, 22.803218, 22.817837, 22.834525, 22.851133, 22.868251, 22.884503, 22.901208, 22.917858, 22.934519, 22.951109, 22.967733, 22.984435, 23.001168, 23.017815, 23.034506, 23.053076, 23.067825, 23.085507, 23.101466, 23.118487, 23.134616, 23.151430, 23.167970, 23.184619, 23.201401, 23.218895, 23.235664, 23.251662, 23.268099, 23.284791, 23.303182, 23.317942, 23.334698, 23.351134, 23.369748, 23.384574, 23.401253, 23.417947, 23.434593, 23.451237, 23.467836, 23.484549, 23.501158, 23.517900, 23.534569, 23.552930, 23.567998, 23.584690, 23.601854, 23.619547, 23.634658, 23.651320, 23.667971, 23.684750, 23.705210, 23.718026, 23.735453, 23.751579, 23.768136, 23.784763, 23.803082, 23.818248, 23.835629, 23.852173, 23.868284, 23.884894, 23.901583, 23.918280, 23.934962, 23.951530, 23.968315, 23.984955, 24.001615, 24.018261, 24.034943, 24.053047, 24.068280, 24.084984, 24.102646, 24.118408, 24.134949, 24.151630, 24.169092, 24.185179, 24.201697, 24.218424, 24.235055, 24.251757, 24.268489, 24.285112, 24.303079, 24.318501, 24.335141, 24.353028, 24.369206, 24.385267, 24.401854, 24.418569, 24.435174, 24.451873, 24.468540, 24.485194, 24.501923, 24.518599, 24.535262, 24.554206, 24.568688, 24.585403, 24.602027, 24.618719, 24.635327, 24.652031, 24.668706, 24.685405, 24.702058, 24.718727, 24.735358, 24.752104, 24.768861, 24.785539, 24.804794, 24.819213, 24.836351, 24.852458, 24.869115, 24.885809, 24.902463, 24.919211, 24.935845, 24.952504, 24.969251, 24.986030, 25.002753, 25.020232, 25.036428, 25.055031, 25.069545, 25.086880, 25.102879, 25.119640, 25.136303, 25.152866, 25.169611, 25.186322, 25.203029, 25.219671, 25.236340, 25.253092, 25.269699, 25.286364, 25.304993, 25.319626, 25.336877, 25.353055, 25.369750, 25.386458, 25.404661, 25.420552, 25.436615, 25.453186, 25.470652, 25.486723, 25.503283, 25.520003, 25.536654, 25.555058, 25.570557, 25.587470, 25.603531, 25.621601, 25.637663, 25.653801, 25.670417, 25.690865, 25.703789, 25.720305, 25.737057, 25.753779, 25.771173, 25.787313, 25.806009, 25.820489, 25.837291, 25.853871, 25.871638, 25.887760, 25.904308, 25.921722, 25.937806, 25.954358, 25.971001, 25.987738, 26.004416, 26.021111, 26.038547, 26.057945, 26.072620, 26.088076, 26.104627, 26.121273, 26.137964, 26.154688, 26.171381, 26.188173, 26.204775, 26.221498, 26.238928, 26.254972, 26.271643, 26.288190, 26.307001, 26.321507, 26.338145, 26.355666, 26.371497, 26.389016, 26.404959, 26.421598, 26.438213, 26.454866, 26.471550, 26.488151, 26.506439, 26.522425, 26.538347, 26.557000, 26.571504, 26.588229, 26.604884, 26.621434, 26.639633, 26.654823, 26.671439, 26.688167, 26.704803, 26.721475, 26.738176, 26.755609, 26.771587, 26.788178, 26.804984, 26.822977, 26.838208, 26.854960, 26.871617, 26.888292, 26.904934, 26.922849, 26.938552, 26.955076, 26.971708, 26.988423, 27.005156, 27.021895, 27.041962, 27.055230, 27.073023, 27.088474, 27.105180, 27.121842, 27.138441, 27.155179, 27.171881, 27.188450, 27.205094, 27.221838, 27.238463, 27.255247, 27.271985, 27.288611, 27.305854, 27.323893, 27.338595, 27.355288, 27.372128, 27.388576, 27.405290, 27.421907, 27.438600, 27.455357, 27.472776, 27.488746, 27.505353, 27.521959, 27.539142, 27.555855, 27.571902, 27.589910, 27.605231, 27.621928, 27.638507, 27.655236, 27.671975, 27.688597, 27.705298, 27.721985, 27.738632, 27.755471, 27.772091, 27.788759, 27.805858, 27.823561, 27.840844, 27.855444, 27.871998, 27.888672, 27.905204, 27.921834, 27.938469, 27.955144, 27.971847, 27.988476, 28.005211, 28.023931, 28.039233, 28.055741, 28.072057, 28.090694, 28.105362, 28.122054, 28.138702, 28.155445, 28.172062, 28.188750, 28.209368, 28.222065, 28.238704, 28.255424, 28.272325, 28.288863, 28.306109, 28.322510, 28.340834, 28.355891, 28.372622, 28.389232, 28.405942, 28.422670, 28.439286, 28.456001, 28.472729, 28.489379, 28.506140, 28.524189, 28.542726, 28.559591, 28.575749, 28.592862, 28.606412, 28.623637, 28.639677, 28.656652, 28.672993, 28.689826, 28.706377, 28.723071, 28.740226, 28.756377, 28.774330, 28.789836, 28.806494, 28.823909, 28.839888, 28.857931, 28.873158, 28.889940, 28.906438, 28.923113, 28.939862, 28.956535, 28.973177, 28.989978, 29.006709, 29.024175, 29.041678, 29.056973, 29.073575, 29.090205, 29.108867, 29.123571, 29.141760, 29.157027, 29.177663, 29.190344, 29.207273, 29.223949, 29.240911, 29.257258, 29.274296, 29.290791, 29.307118, 29.323858, 29.340409, 29.359574, 29.374026, 29.390629, 29.407302, 29.423941, 29.440505, 29.457159, 29.473922, 29.490496, 29.507729, 29.523912, 29.540523, 29.557161, 29.573860, 29.590449, 29.609561, 29.624769, 29.640730, 29.657358, 29.674017, 29.692072, 29.707420, 29.724175, 29.740930, 29.757356, 29.774349, 29.790577, 29.808071, 29.823777, 29.840443, 29.857801, 29.875912, 29.890340, 29.906962, 29.923741, 29.940267, 29.956928, 29.973585, 29.990382, 30.007093, 30.024159, 30.040314, 30.057034, 30.073752, 30.091107, 30.107134, 30.125769, 30.140428, 30.157088, 30.173813, 30.190435, 30.207071, 30.223869, 30.240756, 30.257247, 30.278310, 30.290494, 30.307168, 30.323892, 30.340598, 30.357146, 30.375779, 30.390536, 30.408029, 30.424049, 30.441487, 30.457408, 30.474100, 30.490760, 30.507373, 30.524592, 30.540734, 30.557421, 30.574900, 30.591003, 30.607563, 30.625865, 30.640700, 30.657465, 30.674156, 30.690775, 30.707526, 30.724173, 30.741100, 30.757572, 30.774686, 30.790904, 30.808943, 30.824542, 30.841037, 30.857813, 30.875938, 30.891211, 30.908021, 30.924587, 30.941302, 30.957917, 30.974669, 30.991266, 31.007973, 31.024423, 31.041088, 31.057771, 31.074469, 31.091943, 31.108724, 31.125942, 31.141218, 31.157988, 31.174608, 31.192808, 31.207972, 31.224697, 31.241756, 31.258555, 31.274684, 31.292115, 31.308130, 31.324740, 31.341386, 31.358043, 31.375799, 31.392874, 31.408138, 31.424869, 31.441600, 31.459161, 31.475367, 31.492211, 31.509185, 31.525236, 31.541856, 31.558504, 31.575149, 31.595381, 31.608518, 31.626877, 31.641874, 31.658537, 31.675130, 31.691868, 31.708580, 31.725255, 31.742396, 31.759777, 31.775154, 31.791691, 31.808495, 31.824986, 31.841656, 31.858153, 31.876622, 31.891551, 31.908206, 31.924859, 31.941559, 31.958214, 31.974965, 31.992083, 32.008266, 32.024954, 32.041614, 32.058356, 32.074964, 32.091662, 32.108292, 32.126693, 32.141685, 32.158343, 32.175069, 32.191762, 32.208451, 32.225171, 32.242497, 32.258495, 32.275167, 32.291779, 32.308504, 32.325154, 32.341823, 32.358556, 32.376685, 32.391889, 32.409440, 32.425474, 32.441990, 32.459521, 32.476221, 32.492343, 32.508766, 32.525421, 32.542164, 32.558801, 32.575490, 32.592217, 32.608962, 32.627551, 32.642331, 32.658920, 32.675590, 32.692254, 32.709094, 32.725837, 32.742838, 32.759177, 32.775787, 32.792475, 32.809884, 32.825853, 32.842282, 32.858981, 32.876695, 32.892195, 32.908842, 32.927114, 32.942188, 32.958977, 32.975588, 32.992716, 33.008915, 33.025606, 33.042268, 33.058938, 33.075656, 33.092289, 33.108973, 33.127710, 33.142289, 33.159024, 33.175711, 33.193920, 33.209159, 33.226187, 33.242911, 33.259869, 33.275966, 33.292462, 33.309160, 33.325811, 33.342492, 33.359213, 33.378443, 33.392647, 33.409311, 33.425905, 33.442776, 33.459330, 33.476361, 33.492661, 33.509340, 33.525984, 33.542659, 33.562943, 33.576024, 33.593494, 33.609472, 33.627675, 33.642718, 33.659393, 33.676000, 33.692797, 33.709464, 33.726551, 33.742982, 33.759361, 33.776032, 33.792708, 33.809363, 33.826031, 33.842762, 33.859382, 33.877627, 33.892777, 33.909467, 33.926166, 33.942966, 33.959521, 33.976668, 33.992889, 34.009506, 34.026204, 34.042891, 34.059605, 34.076299, 34.092977, 34.109720, 34.128383, 34.143337, 34.159841, 34.176540, 34.193213, 34.210327, 34.226506, 34.243282, 34.259951, 34.276568, 34.293251, 34.309955, 34.326589, 34.343259, 34.359938, 34.378634, 34.394258, 34.410210, 34.426919, 34.443623, 34.461282, 34.477082, 34.493550, 34.510253, 34.527708, 34.543878, 34.560373, 34.577088, 34.593551, 34.610248, 34.629368, 34.643646, 34.660258, 34.677004, 34.693589, 34.710844, 34.726966, 34.743696, 34.760408, 34.777032, 34.793708, 34.810380, 34.827009, 34.843707, 34.860430, 34.879435, 34.893890, 34.910512, 34.927292, 34.944138, 34.961208, 34.977410, 34.994125, 35.010759, 35.027395, 35.045620, 35.060856, 35.078204, 35.094303, 35.111069, 35.129662, 35.144205, 35.160878, 35.177630, 35.194323, 35.210925, 35.227628, 35.244354, 35.262444, 35.277654, 35.294285, 35.311060, 35.327651, 35.344304, 35.361017, 35.379594, 35.396093, 35.411973, 35.427818, 35.444506, 35.461492, 35.477773, 35.494451, 35.511069, 35.527777, 35.544408, 35.561121, 35.577804, 35.594481, 35.611146, 35.629582, 35.644506, 35.665268, 35.677904, 35.694725, 35.711200, 35.727941, 35.744617, 35.761256, 35.777970, 35.794617, 35.811295, 35.827872, 35.844561, 35.861193, 35.879531, 35.894707, 35.911650, 35.928336, 35.944934, 35.961689, 35.978280, 35.995740, 36.011879, 36.029251, 36.045222, 36.061804, 36.079275, 36.095291, 36.112789, 36.131704, 36.145679, 36.162294, 36.179602, 36.195581, 36.212484, 36.229155, 36.245797, 36.262361, 36.279056, 36.295725, 36.312360, 36.329095, 36.345688, 36.362323, 36.380625, 36.395683, 36.412575, 36.429572, 36.446516, 36.462553, 36.479150, 36.495840, 36.513341, 36.529370, 36.545903, 36.564101, 36.579163, 36.595905, 36.613370, 36.630883, 36.645997, 36.663001, 36.679496, 36.696073, 36.714947, 36.729413, 36.746181, 36.762719, 36.779379, 36.796083, 36.812680, 36.829294, 36.846094, 36.862735, 36.880670, 36.896180, 36.912781, 36.929761, 36.946499, 36.962786, 36.983043, 36.996885, 37.012930, 37.029570, 37.046253, 37.062942, 37.079565, 37.097027, 37.113107, 37.131670, 37.146431, 37.163119, 37.180693, 37.196449, 37.213101, 37.229753, 37.246506, 37.263110, 37.280541, 37.296545, 37.313035, 37.329812, 37.346399, 37.363093, 37.381669, 37.396538, 37.413218, 37.430409, 37.446553, 37.463181, 37.479838, 37.496392, 37.513197, 37.529927, 37.547335, 37.563383, 37.579969, 37.596649, 37.613382, 37.631583, 37.646786, 37.663979, 37.680591, 37.696766, 37.713455, 37.730131, 37.746859, 37.763450, 37.780036, 37.796735, 37.813362, 37.830890, 37.848472, 37.863497, 37.881595, 37.896959, 37.913555, 37.931480, 37.947042, 37.963652, 37.980264, 37.997013, 38.015205, 38.030278, 38.047833, 38.063913, 38.080395, 38.097112, 38.113762, 38.132632, 38.147195, 38.163839, 38.180879, 38.197098, 38.213863, 38.230491, 38.247208, 38.267373, 38.280455, 38.297961, 38.314015, 38.330547, 38.347234, 38.363888, 38.382579, 38.397244, 38.414631, 38.430760, 38.448218, 38.464274, 38.481020, 38.497642, 38.514270, 38.531032, 38.547702, 38.564336, 38.581138, 38.598525, 38.615343, 38.632760, 38.648325, 38.664516, 38.681132, 38.697745, 38.714471, 38.731111, 38.747841, 38.764445, 38.781019, 38.797802, 38.814335, 38.830965, 38.847663, 38.864361, 38.882488, 38.897815, 38.914781, 38.931138, 38.947826, 38.965253, 38.981267, 38.997867, 39.014502, 39.031089, 39.049347, 39.064641, 39.081199, 39.098434, 39.114662, 39.132513, 39.148008, 39.164617, 39.182062, 39.199551, 39.214626, 39.231362, 39.248126, 39.264625, 39.281372, 39.298061, 39.314756, 39.331375, 39.348077, 39.364936, 39.383468, 39.398196, 39.415265, 39.431480, 39.448091, 39.464864, 39.485379, 39.498116, 39.514835, 39.531569, 39.548178, 39.564852, 39.581591, 39.598227, 39.614923, 39.633463, 39.648426, 39.665004, 39.681613, 39.698303, 39.715821, 39.731745, 39.748430, 39.765103, 39.781869, 39.798494, 39.815181, 39.831905, 39.849551, 39.866326, 39.883570, 39.899216, 39.915372, 39.932125, 39.948809, 39.965402, 39.982123, 39.998849, 40.016267, 40.033063, 40.049786, 40.065745, 40.082341, 40.099031, 40.115773, 40.133657, 40.149422, 40.165665, 40.184662, 40.199182, 40.215862, 40.232570, 40.249046, 40.265789, 40.282534, 40.299093, 40.317370, 40.332538, 40.349210, 40.366166, 40.384569, 40.399567, 40.415837, 40.432490, 40.449069, 40.465899, 40.483268, 40.499327, 40.515964, 40.532555, 40.549301, 40.565998, 40.583430, 40.599502, 40.616640, 40.634508, 40.649668, 40.666076, 40.684759, 40.699347, 40.716840, 40.732785, 40.749461, 40.766090, 40.782825, 40.799463, 40.816092, 40.832862, 40.849548, 40.866625, 40.884452, 40.899573, 40.916136, 40.933554, 40.949638, 40.966211, 40.982889, 41.000293, 41.016245, 41.032978, 41.049580, 41.066319, 41.083194, 41.100794, 41.116666, 41.134484, 41.149731, 41.166408, 41.184537, 41.199792, 41.216420, 41.233096, 41.250701, 41.267470, 41.284959, 41.300005, 41.316645, 41.333375, 41.350132, 41.367271, 41.385616, 41.400061, 41.420810, 41.433416, 41.450131, 41.466730, 41.484209, 41.500214, 41.516805, 41.533440, 41.550200, 41.566843, 41.583621, 41.600290, 41.617422, 41.633524, 41.651410, 41.667827, 41.683794, 41.700216, 41.717056, 41.733695, 41.750335, 41.767088, 41.783770, 41.800460, 41.817213, 41.833877, 41.851112, 41.867880, 41.884731, 41.902571, 41.917235, 41.933957, 41.950637, 41.967188, 41.985304, 42.000434, 42.017025, 42.033657, 42.050434, 42.067014, 42.083769, 42.100417, 42.117706, 42.135362, 42.152262, 42.167406, 42.183937, 42.200612, 42.217301, 42.234026, 42.250701, 42.267344, 42.283982, 42.300771, 42.317470, 42.334115, 42.350800, 42.368051, 42.384053, 42.402339, 42.418267, 42.434267, 42.450802, 42.468259, 42.484363, 42.500767, 42.517421, 42.537736, 42.550851, 42.567484, 42.584272, 42.600920, 42.617998, 42.634215, 42.652403, 42.667600, 42.684176, 42.700784, 42.717469, 42.734170, 42.750835, 42.767508, 42.784257, 42.800905, 42.817522, 42.834238, 42.851480, 42.867943, 42.884131, 42.902327, 42.917590, 42.934157, 42.950809, 42.967454, 42.984059, 43.000847, 43.017415, 43.034795, 43.050927, 43.067603, 43.084237, 43.101374, 43.117816, 43.134154, 43.150809, 43.169319, 43.184176, 43.200787, 43.217572, 43.234204, 43.250875, 43.267429, 43.284142, 43.300750, 43.319090, 43.334168, 43.352137, 43.367925, 43.384130, 43.400923, 43.420012, 43.434238, 43.450767, 43.467518, 43.484144, 43.500892, 43.519135, 43.534226, 43.550921, 43.567740, 43.584275, 43.601617, 43.617753, 43.634236, 43.650996, 43.669393, 43.688185, 43.700999, 43.717798, 43.735175, 43.751267, 43.767916, 43.785274, 43.801313, 43.817974, 43.834635, 43.851231, 43.868002, 43.884599, 43.902115, 43.919525, 43.934633, 43.951387, 43.968077, 43.984671, 44.001393, 44.018101, 44.034688, 44.052244, 44.068993, 44.085459, 44.101498, 44.118237, 44.134824, 44.151544, 44.169435, 44.184878, 44.201558, 44.218349, 44.234853, 44.251638, 44.268331, 44.284778, 44.301532, 44.318132, 44.334865, 44.351473, 44.368132, 44.385638, 44.401703, 44.420386, 44.434899, 44.451528, 44.468161, 44.484873, 44.501545, 44.518301, 44.535008, 44.551658, 44.569047, 44.585157, 44.601757, 44.618338, 44.634959, 44.651656, 44.670373, 44.686316, 44.701841, 44.718411, 44.735118, 44.752601, 44.769348, 44.785276, 44.801929, 44.818712, 44.836087, 44.852190, 44.868675, 44.885380, 44.902008, 44.920378, 44.935366, 44.951961, 44.968653, 44.985247, 45.003443, 45.018661, 45.035286, 45.052057, 45.068708, 45.085872, 45.102049, 45.118739, 45.136131, 45.152216, 45.170328, 45.185555, 45.202267, 45.220557, 45.235723, 45.252489, 45.270312, 45.286221, 45.307216, 45.319908, 45.336073, 45.352807, 45.369371, 45.386111, 45.403533, 45.421428, 45.436011, 45.452666, 45.469476, 45.486081, 45.502725, 45.520249, 45.537183, 45.553266, 45.569653, 45.586842, 45.602932, 45.619647, 45.636184, 45.652981, 45.672121, 45.686452, 45.703079, 45.719692, 45.736447, 45.753003, 45.769666, 45.786393, 45.803160, 45.820492, 45.836717, 45.853188, 45.869812, 45.886556, 45.903191, 45.921381, 45.936585, 45.953195, 45.969954, 45.986641, 46.003323, 46.019997, 46.036605, 46.053734, 46.069866, 46.086565, 46.103325, 46.119948, 46.136630, 46.153303, 46.171254, 46.186694, 46.203400, 46.220744, 46.236817, 46.253468, 46.270158, 46.286856, 46.303846, 46.320844, 46.337758, 46.353724, 46.370383, 46.386953, 46.405806, 46.423495, 46.437279, 46.453642, 46.470278, 46.487019, 46.503676, 46.521330, 46.537054, 46.554222, 46.572126, 46.586995, 46.603726, 46.620427, 46.637036, 46.653749, 46.670361, 46.689207, 46.703656, 46.720344, 46.737023, 46.753651, 46.770269, 46.787020, 46.807056, 46.820314, 46.836991, 46.853660, 46.870387, 46.887064, 46.903624, 46.920340, 46.939090, 46.953707, 46.970415, 46.987821, 47.003881, 47.020594, 47.037283, 47.054353, 47.070754, 47.087166, 47.103873, 47.120583, 47.137248, 47.153894, 47.170532, 47.189178, 47.203890, 47.220618, 47.237267, 47.253880, 47.270619, 47.287376, 47.304431, 47.320651, 47.337411, 47.354070, 47.370712, 47.387436, 47.404149, 47.420887, 47.439199, 47.454061, 47.470756, 47.487495, 47.504129, 47.520980, 47.537546, 47.554412, 47.570907, 47.587593, 47.604220, 47.621005, 47.637635, 47.655101, 47.671986, 47.689363, 47.704426, 47.721877, 47.737931, 47.754540, 47.771243, 47.787930, 47.804924, 47.821119, 47.837859, 47.854418, 47.871181, 47.887845, 47.905356, 47.921026, 47.937718, 47.956240, 47.970873, 47.987582, 48.004484, 48.022892, 48.037604, 48.054766, 48.070959, 48.087644, 48.105123, 48.121125, 48.137710, 48.154437, 48.171035, 48.188521, 48.206398, 48.221055, 48.237775, 48.254554, 48.271981, 48.289417, 48.304874, 48.321957, 48.337898, 48.354536, 48.371296, 48.387853, 48.404472, 48.421208, 48.437853, 48.456201, 48.471203, 48.487861, 48.504594, 48.521201, 48.538871, 48.554718, 48.571203, 48.587971, 48.604693, 48.621393, 48.638095, 48.654802, 48.671436, 48.688142, 48.710242, 48.721475, 48.738181, 48.754914, 48.771573, 48.788237, 48.804850, 48.821539, 48.838209, 48.855655, 48.871715, 48.888306, 48.904963, 48.921641, 48.938359, 48.954950, 48.973144, 48.988410, 49.005815, 49.021947, 49.038842, 49.055081, 49.071735, 49.088469, 49.105089, 49.121815, 49.138472, 49.155154, 49.171843, 49.189259, 49.205274, 49.223207, 49.238822, 49.255596, 49.272536, 49.288655, 49.305343, 49.322034, 49.338811, 49.356301, 49.372580, 49.388728, 49.406224, 49.422212, 49.438726, 49.455569, 49.474298, 49.488904, 49.505541, 49.523521, 49.539167, 49.555653, 49.572343, 49.589059, 49.605783, 49.622423, 49.639095, 49.655788, 49.672434, 49.689128, 49.705809, 49.725526, 49.740476, 49.756024, 49.773167, 49.789230, 49.805972, 49.822631, 49.839355, 49.855992, 49.872665, 49.889289, 49.906022, 49.922689, 49.939314, 49.955906, 49.974148, 49.989426, 50.006052, 50.022824, 50.039408, 50.056083, 50.074248, 50.089453, 50.106128, 50.122766, 50.139451, 50.156161, 50.172848, 50.189509, 50.206203, 50.224070, 50.239911, 50.256344, 50.273394, 50.289690, 50.307875, 50.323113, 50.339866, 50.356411, 50.373128, 50.389779, 50.406415, 50.424025, 50.439881, 50.456438, 50.475087, 50.490669, 50.507254, 50.523476, 50.539876, 50.556649, 50.573288, 50.590030, 50.606643, 50.623283, 50.640009, 50.656647, 50.673423, 50.689998, 50.711112, 50.725057, 50.740449, 50.757593, 50.773785, 50.790118, 50.806880, 50.823475, 50.840269, 50.856819, 50.873507, 50.890224, 50.906893, 50.923648, 50.940241, 50.956889, 50.975139, 50.991103, 51.007796, 51.023672, 51.040312, 51.057063, 51.073667, 51.090440, 51.106955, 51.123640, 51.140381, 51.156934, 51.173705, 51.190285, 51.206886, 51.224958, 51.240656, 51.256878, 51.273525, 51.290108, 51.306844, 51.323446, 51.340121, 51.356754, 51.374298, 51.390298, 51.406804, 51.423529, 51.440135, 51.456937, 51.475038, 51.491164, 51.507814, 51.523821, 51.540392, 51.557849, 51.573786, 51.590339, 51.606964, 51.623650, 51.640323, 51.657008, 51.674490, 51.690540, 51.707060, 51.725089, 51.740605, 51.757071, 51.773722, 51.790364, 51.807107, 51.823757, 51.840430, 51.857095, 51.873727, 51.890397, 51.907112, 51.924515, 51.940627, 51.957305, 51.975059, 51.990539, 52.007228, 52.025363, 52.040573, 52.057327, 52.073888, 52.090740, 52.107450, 52.124144, 52.141627, 52.157589, 52.174213, 52.190921, 52.207583, 52.226113, 52.241618, 52.257641, 52.274276, 52.292640, 52.307874, 52.324471, 52.341930, 52.358632, 52.374621, 52.391232, 52.407807, 52.424526, 52.441131, 52.457804, 52.476086, 52.491501, 52.507523, 52.524237, 52.540914, 52.557566, 52.574201, 52.590874, 52.611352, 52.624263, 52.640900, 52.658412, 52.674507, 52.691165, 52.707984, 52.726051, 52.741845, 52.757837, 52.774528, 52.791172, 52.808021, 52.825597, 52.841710, 52.858343, 52.874980, 52.891673, 52.908386, 52.925044, 52.941791, 52.958517, 52.977066, 52.992119, 53.008427, 53.025131, 53.041758, 53.059364, 53.075329, 53.091894, 53.108598, 53.125343, 53.141913, 53.158800, 53.175441, 53.192300, 53.209862, 53.228216, 53.242933, 53.259225, 53.275778, 53.292467, 53.309092, 53.325787, 53.343149, 53.359157, 53.375699, 53.392335, 53.409116, 53.425705, 53.442465, 53.459187, 53.475812, 53.494038, 53.509070, 53.525794, 53.542467, 53.559168, 53.575952, 53.593354, 53.609640, 53.626171, 53.642776, 53.659395, 53.676068, 53.692786, 53.709569, 53.726157, 53.745035, 53.761756, 53.776369, 53.792898, 53.809572, 53.826165, 53.842874, 53.860986, 53.876236, 53.892964, 53.909715, 53.927236, 53.943212, 53.960392, 53.976326, 53.995038, 54.009707, 54.026302, 54.042903, 54.059561, 54.076320, 54.092930, 54.109522, 54.126325, 54.142961, 54.160405, 54.176456, 54.193109, 54.210085, 54.226704, 54.242876, 54.265084, 54.276894, 54.292900, 54.309509, 54.326172, 54.342845, 54.359458, 54.376153, 54.392767, 54.410234, 54.426304, 54.442999, 54.459574, 54.476631, 54.493634, 54.509723, 54.528012, 54.542911, 54.559654, 54.576270, 54.592926, 54.609627, 54.626260, 54.643804, 54.659912, 54.676599, 54.693191, 54.710285, 54.726476, 54.743209, 54.759762, 54.777961, 54.793103, 54.809778, 54.826396, 54.843114, 54.859729, 54.876308, 54.893098, 54.909747, 54.926448, 54.943327, 54.959829, 54.976474, 54.993150, 55.009776, 55.027892, 55.043221, 55.060657, 55.077460, 55.093470, 55.110047, 55.126749, 55.143457, 55.160085, 55.176869, 55.195069, 55.210552, 55.226823, 55.243596, 55.260118, 55.277979, 55.293251, 55.310585, 55.326679, 55.343224, 55.359926, 55.376596, 55.393234, 55.409961, 55.426694, 55.444919, 55.461186, 55.476829, 55.493399, 55.510114, 55.527995, 55.543416, 55.560147, 55.576802, 55.593480, 55.610267, 55.626887, 55.643438, 55.660251, 55.676954, 55.693517, 55.710636, 55.726898, 55.743646, 55.760298, 55.778867, 55.793603, 55.810399, 55.830627, 55.843826, 55.860490, 55.878128, 55.894101, 55.910765, 55.927526, 55.944203, 55.960883, 55.978274, 55.994274, 56.010847, 56.028996, 56.044244, 56.060908, 56.077549, 56.094235, 56.110937, 56.127532, 56.144209, 56.160971, 56.178422, 56.194880, 56.210940, 56.227647, 56.244357, 56.261038, 56.278913, 56.294287, 56.310970, 56.327681, 56.345102, 56.361150, 56.378003, 56.394417, 56.412145, 56.428181, 56.444461, 56.461108, 56.478595, 56.494590, 56.511159, 56.529935, 56.544557, 56.561244, 56.577873, 56.594534, 56.611986, 56.628069, 56.644673, 56.662135, 56.678610, 56.696103, 56.711493, 56.728149, 56.744807, 56.762284, 56.780183, 56.794837, 56.812362, 56.828438, 56.844986, 56.861664, 56.878333, 56.894925, 56.911725, 56.928812, 56.944943, 56.961668, 56.978322, 56.994981, 57.011699, 57.029946, 57.044872, 57.061633, 57.079875, 57.095019, 57.111684, 57.128401, 57.145157, 57.161814, 57.178964, 57.195064, 57.211751, 57.228435, 57.245166, 57.261762, 57.279919, 57.297428, 57.312010, 57.328558, 57.345254, 57.361911, 57.378592, 57.399478, 57.411944, 57.429113, 57.445270, 57.462031, 57.478583, 57.495282, 57.511980, 57.529839, 57.545284, 57.561976, 57.579429, 57.595571, 57.612162, 57.628810, 57.645548, 57.662984, 57.679424, 57.695505, 57.712224, 57.728908, 57.745622, 57.763096, 57.781066, 57.795611, 57.812347, 57.828975, 57.845624, 57.862239, 57.878965, 57.895649, 57.912270, 57.929232, 57.945550, 57.962197, 57.978935, 57.995528, 58.012194, 58.030843, 58.046323, 58.063184, 58.079134, 58.095629, 58.112321, 58.129110, 58.145739, 58.162831, 58.179426, 58.195710, 58.213211, 58.229199, 58.245758, 58.262332, 58.280854, 58.296453, 58.312494, 58.329084, 58.345807, 58.362466, 58.379186, 58.395814, 58.413708, 58.429346, 58.445877, 58.462516, 58.479236, 58.495833, 58.512488, 58.530840, 58.545713, 58.562392, 58.579124, 58.595722, 58.612389, 58.629118, 58.645733, 58.663980, 58.679272, 58.695747, 58.713373, 58.729337, 58.746272, 58.762809, 58.780861, 58.796243, 58.812835, 58.829524, 58.846218, 58.862866, 58.879653, 58.896305, 58.912859, 58.929512, 58.946187, 58.962873, 58.981090, 58.996282, 59.012856, 59.030831, 59.046231, 59.062950, 59.079674, 59.096285, 59.112994, 59.129762, 59.146420, 59.163850, 59.179873, 
12, 10, 0, 2.255309, 2.255512, 2.255880, 2.256002, 2.290350, 2.346626, 2.408929, 2.486098, 2.578251, 2.682602, 2.789299, 2.909312, 3.102389, 3.315026, 3.561876, 3.814853, 4.053999, 4.356490, 4.651823, 4.916481, 5.236654, 5.515167, 5.742307, 6.087516, 6.197144, 6.344067, 6.560741, 6.532444, 6.578122, 6.723432, 6.608289, 6.586865, 6.540849, 6.473261, 6.383539, 6.300180, 6.185004, 6.079721, 5.955692, 5.837733, 5.692090, 5.532068, 5.356827, 5.182671, 4.995267, 4.810127, 4.637379, 4.469425, 4.292783, 4.120494, 3.953284, 3.754910, 3.553008, 3.336777, 3.112789, 2.873362, 2.612927, 2.383806, 2.169258, 1.974407, 1.798142, 1.632067, 1.484177, 1.322238, 1.168135, 0.976348, 0.742419, 0.495366, 0.228076, 0.027308, 0.278973, 0.505153, 0.707221, 0.878995, 1.026907, 1.160478, 1.283728, 1.415529, 1.553433, 1.703109, 1.871089, 2.050024, 2.407623, 2.447180, 2.627327, 2.809699, 2.973715, 3.148401, 3.311752, 3.446550, 3.581245, 3.684383, 3.773632, 3.819199, 3.941784, 3.864669, 3.875809, 3.782320, 3.619592, 3.505900, 3.336987, 3.136466, 2.945200, 2.695724, 2.446257, 2.199966, 1.954559, 1.712358, 1.463746, 1.231222, 0.992502, 0.756536, 0.522860, 0.288811, 0.056963, 0.171107, 0.396331, 0.616526, 0.815708, 0.950870, 1.085568, 1.090280, 1.109697, 1.115690, 1.046956, 0.939567, 0.858678, 0.693602, 0.565911, 0.465748, 0.411875, 0.366597, 0.347566, 0.332067, 0.331976, 0.359159, 0.406646, 0.444469, 0.485416, 0.520548, 0.560990, 0.601080, 0.639985, 0.692939, 0.726550, 0.753800, 0.766807, 0.784093, 0.784144, 0.773841, 0.744792, 0.698257, 0.644940, 0.560589, 0.463211, 0.345859, 0.221730, 0.078417, 0.063267, 0.233784, 0.412234, 0.590492, 0.790399, 0.989232, 1.173039, 1.358635, 1.534950, 1.718516, 1.889616, 2.048318, 2.215028, 2.351734, 2.478904, 2.590034, 2.687912, 2.788518, 2.867182, 2.915923, 2.978705, 3.010386, 3.037195, 3.035719, 3.008230, 2.967245, 2.880682, 2.798491, 2.695492, 2.585608, 2.454997, 2.327088, 2.199880, 2.072979, 1.947196, 1.822918, 1.698722, 1.575290, 1.453248, 1.310528, 1.164471, 1.044204, 0.879977, 0.720855, 0.565201, 0.421945, 0.268875, 0.122008, 0.005297, 0.119603, 0.233875, 0.344479, 0.429162, 0.509123, 0.585889, 0.649673, 0.693963, 0.772999, 0.832192, 0.883293, 0.958704, 1.017070, 1.065689, 1.149927, 1.198642, 1.192540, 1.233310, 1.188678, 1.177797, 1.197785, 1.140765, 1.126274, 1.149474, 1.088056, 1.053658, 1.031667, 1.005970, 0.963898, 0.915852, 0.865515, 0.726116, 0.704436, 0.693908, 0.717249, 0.738558, 0.765821, 0.802081, 0.858288, 0.939335, 1.028191, 1.115726, 1.207488, 1.318141, 1.438076, 1.543802, 1.663440, 1.789812, 1.904828, 2.053497, 2.178057, 2.319396, 2.456035, 2.589418, 2.721368, 2.817266, 2.903679, 2.991673, 2.968215, 2.931928, 2.882579, 2.827314, 2.761342, 2.680366, 2.592962, 2.475644, 2.350678, 2.218953, 2.079759, 1.915842, 1.746677, 1.573099, 1.401271, 1.219827, 1.014301, 0.813716, 0.630418, 0.461887, 0.315388, 0.225527, 0.156907, 0.092420, 0.058903, 0.041786, 0.031952, 0.041653, 0.031381, 0.041833, 0.050170, 0.058658, 0.050208, 0.040572, 0.044833, 0.011983, 0.035734, 0.097520, 0.158887, 0.247422, 0.343421, 0.422330, 0.615391, 0.609209, 0.703486, 0.816218, 0.920288, 1.012592, 1.099986, 1.179642, 1.261877, 1.325699, 1.378096, 1.410789, 1.445049, 1.459122, 1.472996, 1.539428, 1.439530, 1.491073, 1.391159, 1.350808, 1.300383, 1.255508, 1.197618, 1.132586, 1.115885, 1.061443, 0.997032, 0.863664, 0.883635, 0.846729, 0.811581, 0.777106, 0.732461, 0.608973, 0.677146, 0.653502, 0.647766, 0.650467, 0.651970, 0.676832, 0.736447, 0.787604, 0.855445, 0.914729, 0.966930, 1.012753, 1.046599, 1.064309, 1.061137, 1.019665, 0.929912, 0.822707, 0.706843, 0.585972, 0.448594, 0.329259, 0.219652, 0.119214, 0.028158, 0.059134, 0.175052, 0.288736, 0.413617, 0.541207, 0.694606, 0.824171, 0.954566, 1.085533, 1.193650, 1.296515, 1.387342, 1.404878, 1.446574, 1.479916, 1.502951, 1.524602, 1.532351, 1.533390, 1.513629, 1.514506, 1.434485, 1.356115, 1.277616, 1.171857, 1.070243, 0.969779, 0.871447, 0.780207, 0.711544, 0.657949, 0.624657, 0.610449, 0.607783, 0.615728, 0.640578, 0.734397, 0.708924, 0.734658, 0.362742, 0.298596, 0.233983, 0.188944, 0.148475, 0.085955, 0.025451, 0.023379, 0.080562, 0.152871, 0.265781, 0.399018, 0.540217, 0.725157, 0.946613, 1.178603, 1.430783, 1.710990, 2.006703, 2.318023, 2.653846, 2.992190, 3.360660, 3.863562, 4.135957, 4.532785, 4.932064, 5.336809, 5.727879, 6.091198, 6.448921, 6.794600, 7.130082, 7.425990, 7.671406, 7.903498, 8.124256, 8.236519, 8.313996, 8.417893, 8.344461, 8.392126, 8.329781, 8.090880, 7.926652, 7.843585, 7.412341, 7.278241, 6.769886, 6.409104, 6.229602, 5.636377, 5.228564, 4.813662, 4.386344, 3.959823, 3.531085, 3.113359, 2.695107, 2.319380, 1.971609, 1.625136, 1.291686, 0.977336, 0.668015, 0.386390, 0.121231, 0.114276, 0.307151, 0.469865, 0.640922, 0.761926, 0.866030, 0.957836, 1.040454, 1.126628, 1.194582, 1.242084, 1.309748, 1.368046, 1.415606, 1.473377, 1.530063, 1.579819, 1.649292, 1.645669, 1.662348, 1.675000, 1.681132, 1.687327, 1.705228, 1.714034, 1.713294, 1.715367, 1.704497, 1.693191, 1.662224, 1.636233, 1.625797, 1.547486, 1.510206, 1.458708, 1.380297, 1.314539, 1.239404, 1.162704, 1.068454, 0.948818, 0.841242, 0.759538, 0.630952, 0.527022, 0.398957, 0.271929, 0.145817, 0.021000, 0.103626, 0.230398, 0.352810, 0.469274, 0.581711, 0.662021, 0.773974, 0.881319, 0.986295, 1.101201, 1.215761, 1.329696, 1.364975, 1.455158, 1.531122, 1.597095, 1.637305, 1.664295, 1.676486, 1.625358, 1.523895, 1.386127, 1.205241, 0.996684, 0.741354, 0.457897, 0.101958, 0.215428, 0.488255, 0.920825, 1.206814, 1.636940, 2.001622, 2.280861, 2.671848, 2.951046, 3.255595, 3.611613, 3.784751, 4.045893, 4.241032, 4.429016, 4.615853, 4.791520, 4.923648, 4.941603, 4.962751, 4.993691, 4.881184, 4.789725, 4.672582, 4.527032, 4.364255, 4.184020, 4.001772, 3.820549, 3.634053, 3.453158, 3.288012, 3.127374, 2.952159, 2.769575, 2.577286, 2.395492, 2.226253, 2.078617, 1.921323, 1.781344, 1.669567, 1.582550, 1.508161, 1.450074, 1.415082, 1.393227, 1.406999, 1.391319, 1.411649, 1.409263, 1.409342, 1.410898, 1.418282, 1.427268, 1.433424, 1.468029, 1.468580, 1.485209, 1.497023, 1.507748, 1.511708, 1.524997, 1.524221, 1.532037, 1.513475, 1.495916, 1.476236, 1.470200, 1.440117, 1.409156, 1.395405, 1.369923, 1.348066, 1.323471, 1.304249, 1.238852, 1.235701, 1.179731, 1.132698, 1.063697, 0.987818, 0.925973, 0.864006, 0.797327, 0.740266, 0.701671, 0.655639, 0.614894, 0.565026, 0.536115, 0.520783, 0.450960, 0.527442, 0.530200, 0.523373, 0.522704, 0.528410, 0.530931, 0.534000, 0.539667, 0.540123, 0.527349, 0.516438, 0.512671, 0.497401, 0.495792, 0.384011, 0.440763, 0.435219, 0.407812, 0.390211, 0.377945, 0.366658, 0.355583, 0.328616, 0.301881, 0.284493, 0.254676, 0.221451, 0.206610, 0.180048, 0.077751, 0.073209, 0.138324, 0.141683, 0.158748, 0.174360, 0.198122, 0.225120, 0.245297, 0.188664, 0.269413, 0.208384, 0.214455, 0.292382, 0.222112, 0.222369, 0.303241, 0.233644, 0.250401, 0.268448, 0.292781, 0.311065, 0.323269, 0.337384, 0.345352, 0.344921, 0.328836, 0.332010, 0.286747, 0.248985, 0.209655, 0.149239, 0.081479, 0.012230, 0.028665, 0.071281, 0.109235, 0.156348, 0.156170, 0.247615, 0.287740, 0.334785, 0.379456, 0.434375, 0.472733, 0.515286, 0.568068, 0.633273, 0.692698, 0.751345, 0.793737, 0.831859, 0.862290, 0.881467, 0.876179, 0.864706, 0.828263, 0.800713, 0.787963, 0.770216, 0.750312, 0.823419, 0.731102, 0.724239, 0.729494, 0.740983, 0.751717, 0.788520, 0.823407, 0.848381, 0.901819, 0.956812, 1.025826, 1.092413, 1.163605, 1.227525, 1.420931, 1.393521, 1.446166, 1.495711, 1.532485, 1.530067, 1.507484, 1.494576, 1.465345, 1.450260, 1.437349, 1.412973, 1.385358, 1.354207, 1.282427, 1.188381, 1.052757, 0.829753, 0.666654, 0.438099, 0.211474, 0.002509, 0.193386, 0.388931, 0.524669, 0.642246, 0.701680, 0.808326, 0.886432, 0.935671, 1.066906, 1.134945, 1.280806, 1.371207, 1.422976, 1.537159, 1.588711, 1.531325, 1.603697, 1.588861, 1.483422, 1.523872, 1.436337, 1.351551, 1.278611, 1.187790, 1.095119, 0.994744, 0.902945, 0.817021, 0.706733, 0.607338, 0.495341, 0.383039, 0.269946, 0.163520, 0.076132, 0.002923, 0.070314, 0.127578, 0.172586, 0.217651, 0.250673, 0.281790, 0.341910, 0.406615, 0.501869, 0.601279, 0.700509, 0.807219, 0.936238, 0.936373, 0.922106, 0.878305, 0.812870, 0.743642, 0.667090, 0.592367, 0.527379, 0.460393, 0.398305, 0.331047, 0.274720, 0.215604, 0.181316, 0.154578, 0.137168, 0.158335, 0.199982, 0.256846, 0.318077, 0.377623, 0.428677, 0.467738, 0.505112, 0.503220, 0.482438, 0.455916, 0.427893, 0.395531, 0.352954, 0.367740, 0.365377, 0.384310, 0.408181, 0.457970, 0.505305, 0.561092, 0.603197, 0.622058, 0.626727, 0.613530, 0.578082, 0.525020, 0.425984, 0.317532, 0.156235, 0.045449, 0.101843, 0.238098, 0.371778, 0.495712, 0.597446, 0.661448, 0.676404, 0.664919, 0.627154, 0.555691, 0.461289, 0.346792, 0.233707, 0.109017, 0.029956, 0.165390, 0.296677, 0.459916, 0.741722, 0.745125, 0.896176, 1.138149, 1.199902, 1.358326, 1.504174, 1.639893, 1.773578, 1.894844, 2.010849, 2.121092, 2.217401, 2.306955, 2.373377, 2.574748, 2.499391, 2.510228, 2.520120, 2.598363, 2.470256, 2.429267, 2.469618, 2.319212, 2.323633, 2.246737, 2.167974, 2.096935, 2.013590, 1.862314, 1.872355, 1.785942, 1.626061, 1.650082, 1.600113, 1.546563, 1.501598, 1.470772, 1.437434, 1.406700, 1.377566, 1.317009, 1.302999, 1.253848, 1.206664, 1.155215, 1.110043, 1.057176, 1.017605, 0.982171, 0.952517, 0.926374, 0.875631, 0.817866, 0.757725, 0.692448, 0.608332, 0.516195, 0.420109, 0.311968, 0.206061, 0.111145, 0.017901, 0.055376, 0.125760, 0.178795, 0.255692, 0.322752, 0.425530, 0.562386, 0.727999, 0.941451, 1.125934, 1.338937, 1.559438, 1.764668, 1.930168, 2.071910, 2.165730, 2.219427, 2.251692, 2.256098, 2.258020, 2.264649, 2.261917, 2.246794, 2.265280, 2.249282, 2.279909, 2.249756, 2.238203, 2.216200, 2.198818, 2.159598, 2.117291, 2.086629, 2.051401, 2.012818, 1.987432, 1.968895, 1.959851, 1.953359, 1.937811, 1.942402, 1.971856, 1.783118, 1.898528, 1.880976, 1.867446, 1.842053, 1.805453, 1.788671, 1.781530, 1.780724, 1.785573, 1.822464, 1.869501, 1.932203, 2.001790, 2.077758, 2.032500, 2.197425, 2.245844, 2.293074, 2.305040, 2.252984, 2.298887, 2.267906, 2.220945, 2.157146, 2.097600, 2.050308, 1.983777, 1.929650, 1.884592, 1.694582, 1.778343, 1.593084, 1.664755, 1.581519, 1.341215, 1.239860, 1.281452, 0.997613, 0.879730, 0.764300, 0.653344, 0.553456, 0.467575, 0.380087, 0.315073, 0.248920, 0.188601, 0.139331, 0.101449, 0.063178, 0.034705, 0.007501, 0.009196, 0.011305, 0.002149, 0.017694, 0.089289, 0.088429, 0.103997, 0.128339, 0.138349, 0.147601, 0.156941, 0.168166, 0.169140, 0.144781, 0.112133, 0.052402, 0.039047, 0.159289, 0.326279, 0.519094, 0.748049, 0.995090, 1.259674, 1.537085, 1.812965, 2.071242, 2.318473, 2.553115, 2.756175, 2.940240, 3.113284, 3.268203, 3.423994, 3.558292, 3.668581, 3.752369, 3.805748, 3.840780, 3.865350, 3.864563, 3.853116, 3.807390, 3.754710, 3.666032, 3.544646, 3.398078, 3.199974, 3.021647, 2.790757, 2.552180, 2.315012, 2.061146, 1.845832, 1.613333, 1.383220, 1.152944, 0.925455, 0.699961, 0.474755, 0.250950, 0.029315, 0.190358, 0.369618, 0.534384, 0.682277, 0.841693, 0.984742, 1.056313, 1.238359, 1.363757, 1.500835, 1.600472, 1.677798, 1.779736, 1.853673, 1.912906, 1.983840, 2.033560, 2.075460, 2.095820, 2.119145, 2.138023, 2.086589, 2.143248, 2.125447, 2.085873, 1.929075, 1.926471, 1.755764, 1.587877, 1.439711, 1.376293, 1.062997, 0.990102, 0.797076, 0.482345, 0.394808, 0.057765, 0.356158, 0.531836, 1.014958, 1.375009, 1.596448, 2.096096, 2.471996, 2.803499, 3.115642, 3.395667, 3.636419, 3.843011, 4.026439, 4.166079, 4.241226, 4.328367, 4.426840, 4.535866, 4.655599, 4.783985, 4.887746, 4.938568, 4.986543, 5.025998, 5.054505, 5.057630, 5.046096, 5.016869, 4.962621, 4.884509, 4.792161, 4.672158, 4.540712, 4.395225, 4.215509, 4.021667, 3.812017, 3.566454, 3.312030, 3.045816, 2.762319, 2.479962, 2.202284, 1.913792, 1.623502, 1.333194, 1.046453, 0.769966, 0.510775, 0.281768, 0.087195, 0.075702, 0.224475, 0.337005, 0.426456, 0.481663, 0.530789, 0.563650, 0.564078, 0.532948, 0.483454, 0.407228, 0.303427, 0.157168, 0.021624, 0.149431, 0.324788, 0.493337, 0.661736, 0.831027, 1.000342, 1.171719, 1.342913, 1.516062, 1.603218, 1.721414, 1.804943, 1.847253, 1.891723, 1.883108, 1.869236, 1.846293, 1.799037, 1.733090, 1.657857, 1.567303, 1.474498, 1.370561, 1.264041, 1.165580, 1.065239, 0.953787, 0.854317, 0.759030, 0.659378, 0.561941, 0.470479, 0.374085, 0.283666, 0.190348, 0.101146, 0.027277, 0.041602, 0.143528, 0.221201, 0.186072, 0.198079, 0.201423, 0.197103, 0.185013, 0.188879, 0.194077, 0.230865, 0.287631, 0.373216, 0.598510, 0.649606, 0.932593, 1.103028, 1.284906, 1.450034, 1.579234, 1.584826, 1.723677, 1.770269, 1.763605, 1.728140, 1.700690, 1.661336, 1.634276, 1.610500, 1.583674, 1.553894, 1.519805, 1.475950, 1.433051, 1.381786, 1.322665, 1.251934, 1.193354, 1.139027, 1.078834, 1.022853, 1.058978, 0.940231, 0.810245, 0.674318, 0.505272, 0.333100, 0.167752, 0.013738, 0.138422, 0.268459, 0.403157, 0.497645, 0.557363, 0.597790, 0.616720, 0.610460, 0.573957, 0.506120, 0.404582, 0.269505, 0.102389, 0.077259, 0.300221, 0.544934, 0.834098, 1.153056, 1.514249, 1.907695, 2.312674, 2.749190, 3.220821, 3.707086, 4.194802, 4.670410, 5.149468, 5.632373, 6.199123, 6.570314, 7.024510, 7.411275, 7.795483, 8.145925, 8.456055, 8.707452, 8.924835, 9.128459, 9.232660, 9.265667, 9.238335, 9.062240, 9.007188, 8.663552, 8.565265, 8.271744, 7.907369, 7.501115, 7.061260, 6.556103, 6.042903, 5.507750, 4.982974, 4.481489, 3.998433, 3.339251, 3.109476, 2.560736, 2.251631, 2.050840, 1.821232, 1.801924, 1.724314, 1.618902, 1.706270, 1.681154, 1.761656, 1.908463, 1.970220, 2.078148, 2.219440, 2.248227, 2.313821, 2.379963, 2.428920, 2.460636, 2.480026, 2.485129, 2.487176, 2.454160, 2.435729, 2.402260, 2.353908, 2.313734, 2.258774, 2.184158, 2.117176, 2.049985, 1.971635, 1.904562, 1.839254, 1.785550, 1.724338, 1.673930, 1.593754, 1.527181, 1.453115, 1.377660, 1.304107, 1.222447, 1.139456, 1.052626, 0.990291, 0.925311, 0.856381, 0.792299, 0.731199, 0.695329, 0.669467, 0.658054, 0.657897, 0.680660, 0.711655, 0.753820, 0.795986, 0.827614, 0.854451, 0.868908, 0.882489, 0.878987, 0.846467, 0.798256, 0.534310, 0.501503, 0.426009, 0.342112, 0.239766, 0.143867, 0.040885, 0.065991, 0.160039, 0.250808, 0.354335, 0.425456, 0.514641, 0.631032, 0.736301, 0.844501, 0.936237, 1.051792, 1.160734, 1.246363, 1.324099, 1.391205, 1.437065, 1.442550, 1.447724, 1.414536, 1.408773, 1.277298, 1.177529, 1.071948, 0.960484, 0.864273, 0.777871, 0.705177, 0.646996, 0.605165, 0.587564, 0.571899, 0.573904, 0.576696, 0.662476, 0.601384, 0.726781, 0.635801, 0.634997, 0.671473, 0.643183, 0.647997, 0.662657, 0.687195, 0.707545, 0.732056, 0.752043, 0.894040, 0.820853, 0.858810, 1.009140, 1.036854, 0.951241, 1.072151, 1.091260, 1.129347, 1.135973, 1.135857, 1.141520, 1.151194, 1.152832, 1.148359, 1.136536, 1.110572, 1.073944, 1.049439, 1.016232, 0.973940, 0.931172, 0.892845, 0.852039, 0.796391, 0.740547, 0.707721, 0.661971, 0.610333, 0.559856, 0.528836, 0.512051, 0.506386, 0.515742, 0.556284, 0.627944, 0.698611, 0.821088, 0.934574, 1.049942, 1.160427, 1.272194, 1.363174, 1.471087, 1.559798, 1.630017, 1.670407, 1.700106, 1.699039, 1.664339, 1.619095, 1.544779, 1.494956, 1.426524, 1.346526, 1.301248, 1.233304, 1.189090, 1.132205, 1.067737, 0.981753, 0.893224, 0.794390, 0.662232, 0.512122, 0.341176, 0.159022, 0.025832, 0.087572, 0.181338, 0.251354, 0.295083, 0.319201, 0.345019, 0.322098, 0.298943, 0.284107, 0.273708, 0.265262, 0.184774, 0.294970, 0.338939, 0.364156, 0.416611, 0.461760, 0.539880, 0.558601, 0.591705, 0.603370, 0.600029, 0.571363, 0.526899, 0.482826, 0.382343, 0.257670, 0.319154, 0.237904, 0.165708, 0.116788, 0.076186, 0.230888, 0.243002, 0.255651, 0.283565, 0.313421, 0.350728, 0.406266, 0.469541, 0.563905, 0.788665, 0.958648, 1.055465, 1.272102, 1.499499, 1.721843, 1.966497, 2.276940, 2.460953, 2.775884, 2.979393, 3.247862, 3.587481, 3.889991, 4.171462, 4.590740, 4.987569, 5.317755, 5.784907, 6.170210, 6.556196, 6.895661, 7.216254, 7.473719, 7.722983, 7.865210, 7.946649, 7.991867, 7.975454, 7.908285, 7.817157, 7.693811, 7.523135, 7.330236, 7.097958, 6.839036, 6.524764, 6.146786, 5.740485, 5.311448, 4.857629, 4.388890, 3.898265, 3.399796, 2.904020, 2.405850, 1.922261, 1.439441, 0.959829, 0.514386, 0.096122, 0.303913, 0.690773, 1.057751, 1.401079, 1.732111, 2.028048, 2.309783, 2.535481, 2.726029, 2.856290, 2.921256, 2.911454, 2.911446, 2.816016, 2.628035, 2.364075, 2.025771, 1.660962, 1.249546, 0.809031, 0.311722, 0.199246, 0.735971, 1.304479, 2.044641, 2.530165, 3.151510, 3.814764, 4.490324, 5.115263, 5.771828, 6.435408, 7.112751, 7.787267, 8.458182, 9.148421, 9.830190, 10.694066, 11.143354, 11.862107, 12.298732, 12.778120, 13.196993, 13.525361, 13.775411, 13.957418, 14.036954, 14.032393, 13.968146, 13.680618, 13.594617, 13.281368, 12.878851, 12.168604, 11.613398, 11.285445, 10.655085, 9.982137, 9.277891, 8.550421, 7.803962, 7.055702, 6.300196, 5.217421, 4.811831, 4.099038, 3.112199, 2.762938, 1.909621, 1.386238, 1.115555, 0.438338, 0.040171, 0.116716, 0.580700, 0.825499, 0.883566, 1.123237, 1.195517, 1.208505, 1.182941, 1.104898, 0.962160, 0.770828, 0.561897, 0.345912, 0.129884, 0.080627, 0.290783, 0.504121, 0.715098, 0.905271, 1.066165, 1.198858, 1.313672, 1.432227, 1.538116, 1.621884, 1.687630, 1.732744, 1.750799, 1.764189, 1.745785, 1.728784, 1.666794, 1.618201, 1.555316, 1.481738, 1.401263, 1.315215, 1.223830, 1.111653, 1.001929, 0.884615, 0.758675, 0.655324, 0.508330, 0.390544, 0.287551, 0.184690, 0.097753, 0.034854, 0.026337, 0.132162, 0.163678, 0.212865, 0.264336, 0.297503, 0.308627, 0.321229, 0.315119, 0.297815, 0.259496, 0.189876, 0.111858, 0.016337, 0.100120, 0.222839, 0.369190, 0.524066, 0.663795, 0.804707, 0.936235, 1.049494, 1.150111, 1.260093, 1.346980, 1.462521, 1.529180, 1.577555, 1.629550, 1.667533, 1.699755, 1.701457, 1.702646, 1.675165, 1.644179, 1.587446, 1.514893, 1.428475, 1.343672, 1.155238, 1.140625, 1.030802, 0.924497, 0.813065, 0.714576, 0.504395, 0.490395, 0.398796, 0.228572, 0.226568, 0.147583, 0.016294, 0.043583, 0.024542, 0.021537, 0.049889, 0.037045, 0.114419, 0.163793, 0.179534, 0.262846, 0.312820, 0.305400, 0.376058, 0.410201, 0.398988, 0.456103, 0.434005, 0.452720, 0.476450, 0.490842, 0.512271, 0.529417, 0.563761, 0.568501, 0.596346, 0.606509, 0.635862, 0.669388, 0.694741, 0.726055, 0.759501, 0.765741, 0.785410, 0.801317, 0.818413, 0.832227, 0.848848, 0.882504, 0.935216, 1.028308, 1.069127, 1.107682, 1.152816, 1.194465, 1.224620, 1.226866, 1.216572, 1.189115, 1.140224, 1.078955, 0.995902, 0.915050, 0.829030, 0.752004, 0.667758, 0.611248, 0.549041, 0.496043, 0.455908, 0.440708, 0.419129, 0.407302, 0.386830, 0.356654, 0.329047, 0.279925, 0.242567, 0.189806, 0.127943, 0.045375, 0.023955, 0.019920, 0.052443, 0.085490, 0.099390, 0.095751, 0.089333, 0.087091, 0.119331, 0.074236, 0.063720, 0.052592, 0.045023, 0.039586, 0.048404, 0.066560, 0.087012, 0.108791, 0.139885, 0.181214, 0.202918, 0.214431, 0.220472, 0.246098, 0.202893, 0.159021, 0.107903, 0.068377, 0.025140, 0.011636, 0.037939, 0.088900, 0.087909, 0.051797, 0.069594, 0.054089, 0.016760, 0.024607, 0.104896, 0.088728, 0.113873, 0.132617, 0.143541, 0.138928, 0.110660, 0.107212, 0.045335, 0.013640, 0.007678, 0.030042, 0.027967, 0.043381, 0.037624, 0.140171, 0.207874, 0.228717, 0.370791, 0.467600, 0.552772, 0.631145, 0.696759, 0.766675, 0.818323, 0.874833, 0.915596, 0.946758, 0.980887, 1.042078, 1.082833, 1.138210, 1.202231, 1.279440, 1.358286, 1.419505, 1.476729, 1.513454, 1.552678, 1.569117, 1.588648, 1.560440, 1.490617, 1.465061, 1.420173, 1.371241, 1.283797, 1.228636, 1.166178, 1.111969, 1.045822, 0.960069, 0.875101, 0.789208, 0.702895, 0.634439, 0.508904, 0.368460, 0.212804, 0.039423, 0.116090, 0.262562, 0.474181, 0.669034, 0.857477, 1.063334, 1.271670, 1.529852, 1.672901, 1.835419, 2.000364, 2.184116, 2.364325, 2.534104, 2.694031, 2.830608, 2.960356, 3.083001, 3.197053, 3.302700, 3.398641, 3.485082, 3.571323, 3.658412, 3.748265, 3.833835, 3.922634, 4.011622, 4.101898, 4.191928, 4.282350, 4.373025, 4.464793, 4.556754, 4.649288, 4.741299, 4.830426, 4.898196, 4.962275, 5.022090, 5.071357, 5.107003, 5.110208, 5.089407, 5.061810, 4.987627, 4.981812, 4.919808, 4.828220, 4.725733, 4.609759, 4.485262, 4.342565, 4.121825, 4.054467, 3.898942, 3.762916, 3.542673, 3.486839, 3.351881, 3.156524, 3.051845, 3.015833, 2.852931, 2.778977, 2.716490, 2.679238, 2.646940, 2.630098, 2.627649, 2.626423, 2.619698, 2.619212, 2.595886, 2.548495, 2.488065, 2.432436, 2.320729, 2.210935, 2.053604, 1.898033, 1.723053, 1.552482, 1.384111, 1.217769, 1.053405, 0.910505, 0.799954, 0.721421, 0.672033, 0.669234, 0.735912, 0.791149, 0.873469, 1.025638, 1.122409, 1.229036, 1.328019, 1.425978, 1.482343, 1.565406, 1.619011, 1.654745, 1.679849, 1.696603, 1.711932, 1.715946, 1.722717, 1.732377, 1.708318, 1.667283, 1.627997, 1.570517, 1.466921, 1.341842, 1.189753, 1.006797, 0.817262, 0.629203, 0.451122, 0.279450, 0.097119, 0.067055, 0.223575, 0.375766, 0.512198, 0.644597, 0.742199, 0.833935, 0.911448, 0.990229, 1.050299, 1.091952, 1.130625, 1.134230, 1.181761, 1.125151, 1.109370, 1.082608, 1.059615, 1.050020, 1.037734, 1.034286, 1.039286, 1.069660, 1.115995, 1.180731, 1.262707, 1.339516, 1.430632, 1.585749, 1.585454, 1.739797, 1.764211, 1.865213, 1.970496, 2.079287, 2.277261, 2.372570, 2.493062, 2.508423, 2.621817, 2.795763, 2.815084, 3.011319, 3.105025, 3.108889, 3.311803, 3.330735, 3.461424, 3.700671, 3.797375, 3.864759, 3.921375, 3.882684, 3.944137, 3.904797, 3.795445, 3.762856, 3.661002, 3.564591, 3.471394, 3.380668, 3.305855, 3.247689, 3.196073, 3.152967, 3.128735, 3.130402, 3.113742, 3.092111, 3.081260, 3.045301, 2.990722, 2.909011, 2.828180, 2.730325, 2.622758, 2.507593, 2.380842, 2.291913, 2.173543, 2.091153, 2.022894, 1.960090, 1.910428, 1.861168, 1.815547, 1.762162, 1.716608, 1.674533, 1.626134, 1.589264, 1.540828, 1.484713, 1.420545, 1.351022, 1.296893, 1.236707, 1.171520, 1.103443, 1.030264, 0.963417, 0.900509, 0.842234, 0.787504, 0.728663, 0.675045, 0.614318, 0.575285, 0.541221, 0.495863, 0.435317, 0.361369, 0.268035, 0.163266, 0.047362, 0.049722, 0.137457, 0.205205, 0.269645, 0.326901, 0.371534, 0.402276, 0.422049, 0.425436, 0.428451, 0.424362, 0.392165, 0.332727, 0.241449, 0.108068, 0.050680, 0.217436, 0.376842, 0.658170, 0.645963, 0.730473, 0.778373, 0.789523, 0.771141, 0.712111, 0.651111, 0.597271, 0.542602, 0.481006, 0.470153, 0.452732, 0.440376, 0.435310, 0.519595, 0.417247, 0.400710, 0.363838, 0.323948, 0.246388, 0.335706, 0.270797, 0.202315, 0.122809, 0.036963, 0.007831, 0.076352, 0.113904, 0.132210, 0.071294, 0.090268, 0.032512, 0.137681, 0.192381, 0.353631, 0.625217, 0.758405, 1.124915, 1.439939, 1.674192, 2.157745, 2.547723, 2.855028, 3.423886, 4.051499, 4.397414, 4.895743, 5.426010, 5.951999, 6.495483, 7.030039, 7.562200, 8.127404, 8.693009, 9.245898, 9.790394, 10.323680, 10.838657, 11.349191, 11.829294, 12.305519, 12.789609, 13.259644, 13.738381, 14.236684, 14.727897, 15.241735, 15.768208, 16.283208, 16.805087, 17.321362, 17.819184, 18.327290, 18.810827, 19.289465, 19.762698, 20.242335, 20.713839, 21.199440, 21.695270, 22.199035, 22.729147, 23.241781, 23.771547, 24.323494, 24.916859, 25.524679, 26.142131, 26.736377, 27.363907, 27.984285, 28.614410, 29.234656, 29.820987, 30.374223, 30.864235, 31.327828, 31.722398, 32.071949, 32.402980, 32.706789, 32.934555, 33.095164, 33.194176, 33.224086, 33.168494, 33.036631, 32.826526, 32.593067, 32.290710, 31.931053, 31.521286, 31.061151, 30.579451, 30.083416, 29.562571, 29.026305, 28.486803, 27.930909, 27.381266, 26.843369, 26.307965, 25.808345, 25.317482, 24.831278, 24.371862, 23.952481, 23.555930, 23.188126, 22.841788, 22.526818, 22.218654, 21.950250, 21.690175, 21.416512, 21.153033, 20.725185, 20.660254, 20.431382, 20.220985, 20.025773, 19.824585, 19.616090, 19.407406, 19.222873, 19.033566, 18.843925, 18.526489, 18.514632, 18.361709, 18.068335, 17.897418, 17.874085, 17.543630, 17.516261, 17.153941, 16.962424, 16.873284, 16.457197, 16.187429, 16.083833, 15.567284, 15.202657, 14.815240, 14.410366, 13.998133, 13.628249, 13.310584, 13.052783, 12.862172, 12.765944, 12.760705, 12.849959, 13.016011, 13.257080, 13.514455, 13.792960, 14.095573, 14.388017, 14.642142, 14.916368, 15.146439, 15.339988, 15.476206, 15.561118, 15.606039, 15.611855, 15.554492, 15.455006, 15.309786, 15.118995, 14.889210, 14.601383, 14.255172, 13.836079, 13.357972, 12.800504, 11.914338, 11.463434, 10.694636, 9.862580, 8.998858, 8.100009, 7.200341, 6.312147, 5.454089, 4.650594, 3.881284, 3.154121, 2.494065, 1.881201, 1.095939, 0.864616, 0.435895, 0.064835, 0.245620, 0.513858, 0.744102, 0.946472, 1.131961, 1.292103, 1.440659, 1.596070, 1.776487, 1.956639, 2.138883, 2.450563, 2.486731, 2.636144, 2.741210, 2.805923, 2.829963, 2.813080, 2.774321, 2.676698, 2.505178, 2.311488, 2.118651, 1.927223, 1.737056, 1.500675, 1.255010, 1.027025, 0.842707, 0.622129, 0.437216, 0.253173, 0.070058, 0.111861, 0.293390, 0.431635, 0.503063, 0.556142, 0.562444, 0.466545, 0.498461, 0.387914, 0.310887, 0.318037, 0.238652, 0.061116, 0.051459, 0.142424, 0.219519, 0.300004, 0.379716, 0.447497, 0.519108, 0.572992, 0.638301, 0.716213, 0.784652, 0.864239, 0.930221, 0.998869, 1.052010, 1.111383, 1.157901, 1.177429, 1.180126, 1.148832, 1.077025, 0.981166, 0.873032, 0.745945, 0.593832, 0.440875, 0.368168, 0.323531, 0.281698, 0.295547, 0.304044, 0.358099, 0.383700, 0.424885, 0.428339, 0.408922, 0.360368, 0.263623, 0.131088, 0.009713, 0.148828, 0.288223, 0.425786, 0.561270, 0.697152, 0.844438, 0.967168, 1.099830, 1.232206, 1.364547, 1.495160, 1.625756, 1.754976, 1.896022, 2.084954, 2.299843, 2.523382, 2.770727, 3.049318, 3.366156, 3.734978, 4.142784, 4.608617, 5.121543, 5.704878, 6.348926, 7.054154, 9.895585, 10.469184, 11.268907, 11.839909, 12.610634, 13.355225, 14.045869, 14.662885, 15.205069, 15.588762, 16.007796, 16.375404, 16.675688, 16.907694, 17.092027, 17.260222, 17.400726, 17.462622, 17.432647, 17.507304, 17.491692, 17.428832, 17.354799, 17.218131, 17.034067, 16.808089, 16.540696, 16.223735, 15.891063, 15.541494, 15.204864, 14.680655, 14.501864, 13.976569, 13.809247, 13.493009, 13.166761, 12.864244, 12.556418, 12.280454, 12.024665, 11.758557, 11.502149, 11.232957, 10.968226, 10.535693, 10.405972, 10.101692, 9.607452, 9.441599, 8.875624, 8.462203, 8.033475, 7.592768, 7.147693, 6.900549, 6.197300, 5.671578, 5.133094, 4.564785, 3.983649, 3.374447, 2.800953, 2.253877, 1.723552, 1.215799, 0.738702, 0.293621, 0.127870, 0.502221, 0.847424, 1.152839, 1.429874, 1.664019, 1.861244, 2.026354, 2.150569, 2.237152, 2.296859, 2.340040, 2.351047, 2.339795, 2.318209, 2.280757, 2.237610, 2.189354, 2.094472, 2.041473, 1.979045, 1.920365, 1.867381, 1.804410, 1.725883, 1.633916, 1.549517, 1.463154, 1.388522, 1.296173, 1.200149, 1.133944, 1.063037, 1.000069, 0.963560, 0.931458, 0.913374, 0.931916, 0.990923, 0.979076, 1.016245, 1.050088, 1.076281, 1.115144, 1.150025, 1.189631, 1.224483, 1.253061, 1.278053, 1.299273, 1.293417, 1.264606, 1.243641, 1.180514, 1.106612, 1.054239, 0.890058, 0.752193, 0.619071, 0.476844, 0.322002, 0.166663, 0.014641, 0.136433, 0.287194, 0.427711, 0.572480, 0.720936, 0.877871, 1.021809, 1.131132, 1.301707, 1.432497, 1.550961, 1.685809, 1.816411, 1.953181, 2.088500, 2.217713, 2.347929, 2.453982, 2.562422, 2.629340, 2.685698, 2.650771, 2.655666, 2.733691, 2.615653, 2.660621, 2.602595, 2.443686, 2.488264, 2.308676, 2.235513, 2.269293, 2.094115, 2.024146, 2.048919, 1.838859, 1.743089, 1.756273, 1.547229, 1.446503, 1.356603, 1.261949, 1.183958, 1.104081, 1.041289, 0.988231, 0.930537, 0.869399, 0.828112, 0.782162, 0.732513, 0.698856, 0.659546, 0.616969, 0.547627, 0.491685, 0.397825, 0.291693, 0.197623, 0.054701, 0.087096, 0.249949, 0.428975, 0.605145, 0.772151, 0.919109, 1.060159, 1.201402, 1.321362, 1.445092, 1.568139, 1.702080, 1.837591, 1.985170, 2.106055, 2.264878, 2.376337, 2.498374, 2.587898, 2.673353, 2.735075, 2.776885, 2.807454, 2.823485, 2.807511, 2.766637, 2.699585, 2.603352, 2.505656, 2.409671, 2.294352, 2.189723, 2.095750, 2.008364, 1.914912, 1.818997, 1.735002, 1.674338, 1.532474, 1.443134, 1.347186, 1.257897, 1.165471, 1.072691, 0.998722, 0.931901, 0.869388, 0.821592, 0.784485, 0.749598, 0.717770, 0.706255, 0.767445, 0.692073, 0.679129, 0.676529, 0.671492, 0.680711, 0.688048, 0.697118, 0.712551, 0.801297, 0.768440, 0.812028, 0.842578, 0.885957, 0.911657, 1.006325, 0.998772, 0.924577, 0.904481, 0.920358, 0.825631, 0.786964, 0.802347, 0.703708, 0.683537, 0.647689, 0.546902, 0.549801, 0.506460, 0.455592, 0.402503, 0.365895, 0.322943, 0.273734, 0.213020, 0.140304, 0.071538, 0.015492, 0.038776, 0.089704, 0.139422, 0.199089, 0.241058, 0.293280, 0.332748, 0.376216, 0.403163, 0.440809, 0.428635, 0.425659, 0.424839, 0.415533, 0.402277, 0.389542, 0.376803, 0.361416, 0.351902, 0.334457, 0.329240, 0.283607, 0.249727, 0.216101, 0.176849, 0.124907, 0.076998, 0.029662, 0.013415, 0.048320, 0.070775, 0.100805, 0.156921, 0.151730, 0.187228, 0.234197, 0.281202, 0.322158, 0.386950, 0.442659, 0.472199, 0.564187, 0.616583, 0.668572, 0.721341, 0.770890, 0.803108, 0.860249, 0.905686, 0.963920, 1.015359, 1.071035, 1.132167, 1.179502, 1.227388, 1.259564, 1.292713, 1.318512, 1.316900, 1.322268, 1.325751, 1.328663, 1.316098, 1.300846, 1.264717, 1.232283, 1.191466, 1.129882, 1.063117, 0.973485, 0.889152, 0.821586, 0.727329, 0.662191, 0.650525, 0.573547, 0.485071, 0.380892, 0.287508, 0.206503, 0.137525, 0.082261, 0.040855, 0.012305, 0.003437, 0.005436, 0.005655, 0.041346, 0.161932, 0.322135, 0.444197, 0.674734, 0.886423, 1.049277, 1.300839, 1.484157, 1.708196, 1.967130, 2.193553, 2.425992, 2.667311, 2.893929, 3.118162, 3.302960, 3.520792, 3.730690, 3.911966, 4.070973, 4.248537, 4.403207, 4.495443, 4.510881, 4.461844, 4.379503, 4.235097, 4.067696, 3.808819, 3.561224, 3.309099, 3.053316, 2.793724, 2.531804, 2.280072, 2.028324, 1.783422, 1.556692, 1.344053, 1.140082, 0.939737, 0.765664, 0.616701, 0.519292, 0.467584, 0.456033, 0.468695, 0.479180, 0.499058, 0.544055, 0.596065, 0.642296, 0.693633, 0.727641, 0.753612, 0.768468, 0.760291, 0.747944, 0.742982, 0.717362, 0.688608, 0.641187, 0.583764, 0.523518, 0.459666, 0.386117, 0.320540, 0.258287, 0.170184, 0.008700, 0.010942, 0.050066, 0.109191, 0.151136, 0.199891, 0.239030, 0.267555, 0.303613, 0.335160, 0.378667, 0.405001, 0.416571, 0.425989, 0.431129, 0.478433, 0.435878, 0.427662, 0.394505, 0.347772, 0.302046, 0.266497, 0.237645, 0.224618, 0.190618, 0.239555, 0.215978, 0.223324, 0.246567, 0.291488, 0.343502, 0.444651, 0.423587, 0.447888, 0.468691, 0.469688, 0.524646, 0.464440, 0.433816, 0.404951, 0.373936, 0.390026, 0.320482, 0.310603, 0.370307, 0.323357, 0.381159, 0.384330, 0.333587, 0.329235, 0.365500, 0.344310, 0.322089, 0.283138, 0.203030, 0.201710, 0.145596, 0.060618, 0.041950, 0.026912, 0.143272, 0.226391, 0.313900, 0.405002, 0.490076, 0.599176, 0.703872, 0.816585, 0.899148, 0.996193, 1.076068, 1.170105, 1.239717, 1.300017, 1.352208, 1.405041, 1.450525, 1.494540, 1.538679, 1.567357, 1.587428, 1.598359, 1.586455, 1.585525, 1.557647, 1.521537, 1.487603, 1.453572, 1.423659, 1.389345, 1.367246, 1.348433, 1.323916, 1.297088, 1.277453, 1.255793, 1.213026, 1.160673, 1.116887, 1.048924, 0.996232, 0.926917, 0.849584, 0.775805, 0.699584, 0.581240, 0.463375, 0.341953, 0.226458, 0.114640, 0.005301, 0.121750, 0.256085, 0.383469, 0.510488, 0.631649, 0.744944, 0.848256, 0.945409, 1.014856, 1.042772, 1.105442, 1.134585, 1.153940, 1.170385, 1.173862, 1.177462, 1.155753, 1.125808, 1.092296, 1.056103, 1.019784, 0.992010, 0.969351, 0.959529, 0.951685, 0.945058, 0.952926, 0.959457, 0.944871, 0.906859, 0.871298, 0.814441, 0.744376, 0.654490, 0.574952, 0.471953, 0.380528, 0.269323, 0.170509, 0.074781, 0.012472, 0.043547, 0.159294, 0.176133, 0.281761, 0.309160, 0.362296, 0.407311, 0.440087, 0.493362, 0.555472, 0.589389, 0.703054, 0.772856, 0.808542, 0.834654, 0.756965, 0.720177, 0.653593, 0.540174, 0.406546, 0.378328, 0.094220, 0.057171, 0.183904, 0.306014, 0.403248, 0.466490, 0.508733, 0.525311, 0.531595, 0.519585, 0.522559, 0.522650, 0.511903, 0.511727, 0.510478, 0.588252, 0.621821, 0.636371, 0.651627, 0.649175, 0.657418, 0.661382, 0.690568, 0.724557, 0.768018, 0.817874, 0.891502, 0.971139, 1.541582, 1.652921, 1.760795, 1.876845, 1.984007, 2.086864, 2.189106, 2.346549, 2.487218, 2.632103, 2.779790, 2.906163, 3.037646, 3.146340, 3.262238, 3.367054, 3.455580, 3.516811, 3.558471, 3.577828, 3.586489, 3.547509, 3.493297, 3.433928, 3.374064, 3.267134, 3.122782, 2.965565, 2.781566, 2.581310, 2.373479, 2.134543, 1.881802, 1.617068, 1.333284, 1.029183, 0.742229, 0.444643, 0.057643, 0.141353, 0.459758, 0.643329, 0.860123, 1.071023, 1.254773, 1.378921, 1.477236, 1.599165, 1.676929, 1.748012, 1.834304, 1.910566, 1.983253, 2.010995, 2.023003, 1.997309, 1.973322, 1.982658, 1.951134, 1.932611, 1.905468, 1.879098, 1.849949, 1.825747, 1.800697, 1.785405, 1.758530, 1.713079, 1.740766, 1.731169, 1.674538, 1.688943, 1.665173, 1.634121, 1.652659, 1.618557, 1.617633, 1.638037, 1.584418, 1.582358, 1.608274, 1.569137, 1.532732, 1.528205, 1.412067, 1.348145, 1.253569, 1.158628, 1.069475, 0.967058, 0.869766, 0.785733, 0.697606, 0.620370, 0.565821, 0.500401, 0.441065, 0.392746, 0.334803, 0.285532, 0.257147, 0.213018, 0.177546, 0.169507, 0.167102, 0.175512, 0.213786, 0.244795, 0.296066, 0.334498, 0.388333, 0.443742, 0.505160, 0.567619, 0.637851, 0.701398, 0.763973, 0.816028, 0.881060, 0.849261, 0.935603, 0.986982, 1.003015, 0.992979, 0.943839, 0.865756, 0.756900, 0.595863, 0.399532, 0.168027, 0.102138, 0.412563, 0.758812, 1.170356, 1.553990, 1.978738, 2.441132, 2.919041, 3.415871, 3.941496, 4.476783, 5.041305, 5.605414, 6.174731, 6.748479, 7.323186, 7.930648, 8.299686, 8.779104, 9.210784, 9.633767, 10.010091, 10.299451, 10.530781, 10.718554, 10.839284, 10.925959, 10.978627, 10.999269, 11.017483, 10.850484, 10.964947, 10.921568, 10.880109, 10.824242, 10.750341, 10.667135, 10.579977, 10.484957, 10.381530, 10.264211, 10.134128, 9.982947, 9.843307, 9.531675, 9.391157, 9.415480, 9.119990, 9.145128, 8.998322, 8.676476, 8.686050, 8.528755, 8.178198, 8.167892, 7.807208, 7.616316, 7.593279, 7.209342, 7.015787, 6.981046, 6.605949, 6.396484, 6.178096, 5.956436, 5.734088, 5.517790, 5.270673, 5.038328, 4.809783, 4.580558, 4.362205, 4.152492, 3.939669, 3.734864, 3.521525, 3.328548, 3.143458, 2.965151, 2.793955, 2.638909, 2.502359, 2.369627, 2.273222, 2.132336, 2.008193, 1.876692, 1.729304, 1.601496, 1.457858, 1.316059, 1.173935, 1.047793, 0.928118, 0.819406, 0.756970, 0.667938, 0.610886, 0.580011, 0.522707, 0.465509, 0.409917, 0.299838, 0.282270, 0.182491, 0.071891, 0.049658, 0.182376, 0.339784, 0.492068, 0.650513, 0.797143, 0.950924, 1.098737, 1.247844, 1.383796, 1.522584, 1.661935, 1.810026, 1.940028, 2.085648, 2.234354, 2.376737, 2.528431, 2.691866, 2.855229, 3.012262, 3.168205, 3.307729, 3.440798, 3.545849, 3.621789, 3.656160, 3.676233, 3.656174, 3.654478, 3.535750, 3.410498, 3.283991, 3.165606, 3.028095, 2.857774, 2.688997, 2.541574, 2.401768, 2.274597, 2.146334, 2.027360, 1.925623, 1.812687, 1.721412, 1.583607, 1.462419, 1.357830, 1.270092, 1.156148, 1.066053, 1.003240, 0.879657, 0.823914, 0.807530, 0.735298, 0.700955, 0.678856, 0.603979, 0.564034, 0.502969, 0.403841, 0.344022, 0.268344, 0.166339, 0.106572, 0.020730, 0.036462, 0.103308, 0.159427, 0.239131, 0.308209, 0.378030, 0.454871, 0.509533, 0.565136, 0.631011, 0.720386, 0.791005, 0.870068, 0.944826, 1.017350, 1.088567, 1.186984, 1.267587, 1.330481, 1.391865, 1.443131, 1.494978, 1.546897, 1.613231, 1.666532, 1.721420, 1.763981, 1.792674, 1.873226, 1.905919, 1.914423, 1.936479, 1.953764, 1.941291, 1.928767, 1.892512, 1.836105, 1.781076, 1.730597, 1.661920, 1.575539, 1.484885, 1.400678, 1.297807, 1.181473, 1.047917, 0.900094, 0.761975, 0.614285, 0.463064, 0.302345, 0.145868, 0.037702, 0.239291, 0.290204, 0.398435, 0.487763, 0.556223, 0.614687, 0.682405, 0.744408, 0.797666, 0.844254, 0.895372, 0.951078, 0.991358, 1.020781, 1.052753, 1.137080, 1.086492, 1.097517, 1.112294, 1.104270, 1.092425, 1.079803, 1.067680, 1.057620, 1.050847, 1.039518, 1.028123, 1.033519, 1.024324, 1.016140, 1.030843, 0.988527, 0.999003, 0.962644, 0.944668, 0.933372, 0.927868, 0.897274, 0.869987, 0.862182, 0.847308, 0.869395, 0.819985, 0.843354, 
,,,0.010676, 0.033388, 0.048246, 0.070996, 0.087997, 0.099360, 0.110315, 0.121452, 0.132659, 0.143612, 0.154703, 0.166322, 0.183019, 0.199676, 0.216367, 0.233098, 0.249758, 0.266382, 0.283122, 0.299494, 0.316139, 0.332706, 0.351398, 0.370026, 0.382838, 0.399509, 0.416154, 0.432874, 0.449474, 0.466125, 0.482832, 0.499502, 0.516244, 0.532948, 0.549564, 0.566805, 0.582915, 0.602061, 0.616360, 0.633017, 0.649708, 0.666369, 0.683062, 0.699832, 0.717269, 0.733583, 0.750204, 0.766920, 0.783586, 0.800264, 0.817531, 0.833764, 0.852250, 0.867161, 0.883834, 0.900536, 0.917214, 0.933898, 0.950474, 0.967243, 0.983994, 1.000617, 1.017366, 1.034027, 1.051283, 1.067909, 1.084055, 1.102149, 1.117472, 1.134245, 1.150900, 1.167632, 1.184250, 1.200913, 1.217633, 1.234368, 1.251023, 1.267785, 1.284432, 1.301057, 1.317880, 1.334686, 1.353181, 1.368056, 1.384819, 1.401465, 1.418205, 1.434811, 1.451481, 1.468181, 1.484939, 1.502864, 1.518424, 1.535569, 1.552320, 1.568412, 1.585162, 1.603256, 1.619155, 1.636656, 1.651820, 1.668581, 1.685221, 1.701772, 1.718483, 1.735169, 1.751886, 1.769484, 1.786512, 1.802053, 1.818646, 1.835279, 1.853232, 1.868505, 1.885262, 1.901925, 1.918595, 1.935037, 1.951793, 1.968246, 1.984915, 2.003105, 2.019267, 2.035669, 2.051814, 2.068511, 2.088758, 2.103274, 2.118750, 2.135495, 2.152222, 2.168829, 2.185553, 2.202210, 2.218875, 2.236354, 2.252393, 2.268965, 2.286093, 2.302321, 2.318924, 2.335598, 2.354211, 2.368962, 2.385709, 2.402291, 2.418975, 2.435764, 2.452323, 2.469033, 2.485779, 2.502670, 2.519090, 2.536325, 2.552499, 2.569086, 2.585765, 2.604168, 2.619210, 2.635792, 2.652382, 2.669063, 2.685696, 2.702509, 2.719115, 2.735774, 2.752534, 2.769193, 2.786353, 2.804064, 2.819217, 2.835889, 2.854150, 2.869175, 2.885928, 2.902563, 2.919245, 2.937512, 2.952673, 2.969344, 2.986105, 3.003047, 3.019914, 3.036621, 3.052695, 3.069485, 3.086144, 3.104149, 3.119494, 3.136101, 3.154224, 3.169845, 3.186380, 3.203047, 3.219729, 3.236501, 3.253087, 3.269766, 3.289234, 3.303057, 3.319848, 3.336429, 3.355236, 3.369699, 3.386401, 3.403075, 3.419796, 3.436418, 3.453107, 3.470636, 3.486596, 3.503414, 3.520000, 3.536921, 3.553199, 3.569806, 3.586486, 3.605258, 3.619835, 3.636785, 3.653223, 3.669867, 3.687370, 3.703401, 3.719873, 3.736759, 3.754241, 3.770044, 3.786857, 3.803300, 3.820045, 3.836732, 3.855169, 3.870058, 3.888210, 3.903469, 3.920142, 3.936792, 3.954428, 3.970188, 3.986872, 4.004225, 4.021701, 4.036950, 4.053606, 4.070253, 4.086897, 4.105160, 4.120337, 4.137036, 4.153673, 4.170383, 4.186992, 4.203700, 4.220509, 4.237007, 4.254214, 4.270408, 4.287034, 4.303710, 4.320459, 4.337883, 4.356018, 4.370607, 4.391168, 4.403934, 4.420536, 4.437276, 4.453889, 4.470600, 4.487279, 4.504582, 4.520618, 4.537360, 4.553997, 4.570624, 4.587324, 4.606087, 4.620672, 4.637370, 4.654049, 4.670696, 4.687376, 4.704013, 4.720764, 4.738203, 4.754768, 4.771349, 4.787482, 4.804168, 4.821779, 4.837731, 4.856282, 4.870916, 4.887619, 4.904295, 4.920899, 4.937653, 4.954357, 4.972919, 4.987754, 5.004525, 5.020975, 5.037698, 5.054328, 5.070936, 5.087621, 5.106115, 5.121931, 5.137724, 5.154361, 5.171043, 5.187789, 5.204570, 5.221098, 5.237886, 5.254923, 5.271980, 5.287916, 5.304476, 5.321196, 5.337855, 5.356946, 5.371395, 5.388112, 5.405439, 5.421503, 5.438068, 5.455555, 5.471590, 5.491375, 5.505501, 5.521479, 5.538119, 5.554763, 5.571456, 5.588871, 5.606240, 5.621451, 5.638091, 5.654724, 5.671425, 5.688066, 5.704839, 5.721387, 5.738581, 5.755250, 5.771415, 5.788117, 5.805758, 5.821722, 5.838190, 5.856158, 5.871678, 5.888231, 5.904915, 5.921672, 5.938387, 5.955025, 5.971771, 5.989089, 6.005319, 6.021587, 6.038207, 6.054869, 6.071621, 6.088198, 6.107883, 6.122593, 6.139300, 6.155199, 6.171825, 6.188522, 6.205314, 6.221940, 6.238582, 6.256453, 6.273526, 6.288698, 6.305244, 6.322013, 6.338592, 6.357159, 6.371967, 6.388654, 6.405323, 6.423587, 6.438548, 6.455298, 6.472009, 6.488394, 6.505215, 6.521572, 6.538251, 6.554878, 6.571518, 6.588182, 6.604835, 6.623012, 6.638201, 6.654847, 6.671518, 6.690398, 6.705016, 6.721601, 6.739694, 6.754949, 6.771571, 6.789097, 6.805141, 6.821703, 6.838330, 6.855035, 6.873911, 6.888447, 6.905021, 6.921721, 6.938448, 6.955213, 6.971845, 6.988562, 7.005400, 7.021986, 7.038952, 7.055692, 7.072395, 7.089082, 7.105763, 7.124057, 7.139077, 7.156597, 7.172618, 7.189273, 7.205931, 7.222694, 7.239698, 7.255889, 7.272567, 7.289280, 7.305903, 7.322634, 7.339234, 7.355911, 7.373985, 7.389231, 7.405972, 7.424006, 7.439431, 7.456131, 7.473753, 7.489941, 7.506054, 7.522589, 7.539375, 7.556053, 7.573625, 7.589768, 7.606350, 7.625063, 7.640485, 7.656500, 7.673391, 7.689676, 7.706407, 7.723522, 7.741281, 7.756530, 7.773001, 7.789755, 7.806453, 7.823190, 7.839872, 7.856378, 7.874997, 7.891364, 7.906558, 7.923370, 7.939900, 7.956604, 7.973529, 7.990898, 8.006985, 8.023498, 8.040185, 8.057689, 8.073706, 8.091071, 8.107146, 8.125108, 8.144340, 8.156931, 8.173756, 8.190484, 8.207122, 8.223845, 8.240429, 8.257136, 8.273727, 8.290359, 8.307014, 8.324530, 8.340660, 8.357184, 8.376138, 8.391441, 8.407518, 8.424032, 8.440736, 8.457318, 8.474571, 8.490760, 8.507479, 8.524157, 8.541641, 8.557668, 8.574209, 8.590790, 8.607492, 8.626201, 8.640819, 8.657593, 8.674257, 8.691424, 8.708229, 8.724285, 8.741721, 8.757742, 8.774326, 8.792501, 8.807689, 8.824345, 8.841030, 8.857754, 8.876979, 8.891030, 8.907784, 8.926154, 8.941616, 8.957882, 8.974462, 8.991169, 9.007941, 9.024472, 9.041145, 9.057792, 9.074462, 9.091175, 9.107877, 9.125975, 9.141157, 9.158833, 9.174656, 9.191338, 9.208422, 9.224456, 9.241135, 9.257676, 9.274384, 9.294729, 9.307714, 9.324249, 9.340950, 9.357594, 9.374243, 9.392964, 9.408465, 9.424514, 9.441585, 9.457696, 9.474399, 9.491129, 9.507848, 9.524433, 9.541177, 9.557809, 9.574526, 9.591394, 9.607966, 9.624696, 9.642977, 9.658059, 9.674906, 9.692273, 9.708198, 9.724775, 9.741374, 9.758044, 9.775570, 9.791560, 9.808112, 9.824710, 9.841422, 9.858151, 9.874787, 9.892997, 9.910220, 9.925031, 9.942058, 9.958240, 9.974915, 9.991622, 10.008418, 10.025035, 10.041612, 10.059804, 10.075056, 10.091694, 10.108329, 10.125052, 10.143920, 10.158458, 10.175068, 10.192295, 10.208463, 10.225088, 10.242552, 10.258524, 10.274945, 10.291621, 10.308168, 10.324820, 10.341508, 10.358225, 10.374897, 10.397031, 10.408552, 10.424930, 10.442096, 10.458251, 10.474850, 10.491532, 10.508236, 10.524875, 10.541499, 10.558991, 10.575876, 10.591761, 10.608332, 10.624965, 10.641967, 10.660081, 10.675852, 10.692380, 10.708567, 10.725993, 10.741971, 10.758602, 10.775217, 10.791851, 10.808572, 10.825242, 10.841938, 10.858659, 10.875309, 10.892089, 10.910023, 10.925414, 10.942450, 10.958656, 10.975281, 10.992025, 11.008688, 11.025342, 11.042034, 11.058685, 11.075392, 11.092029, 11.109541, 11.125550, 11.142173, 11.159954, 11.175930, 11.192391, 11.208666, 11.225395, 11.242008, 11.258743, 11.276176, 11.292281, 11.308909, 11.325647, 11.342398, 11.358996, 11.375575, 11.392363, 11.412255, 11.426830, 11.443317, 11.460588, 11.476156, 11.492692, 11.510258, 11.526171, 11.542776, 11.559368, 11.576105, 11.592777, 11.611041, 11.626308, 11.642886, 11.662007, 11.676761, 11.692822, 11.709575, 11.726177, 11.742836, 11.760280, 11.776357, 11.796765, 11.809681, 11.826361, 11.843185, 11.859812, 11.876585, 11.894051, 11.910574, 11.927960, 11.943336, 11.960786, 11.976684, 11.993322, 12.009963, 12.026534, 12.043267, 12.059919, 12.076599, 12.093275, 12.110067, 12.126715, 12.143368, 12.160061, 12.178940, 12.193380, 12.210005, 12.227547, 12.243557, 12.260114, 12.276865, 12.293485, 12.310262, 12.326851, 12.343537, 12.360190, 12.376871, 12.394534, 12.410797, 12.428969, 12.443433, 12.460199, 12.476792, 12.494441, 12.510419, 12.526854, 12.543584, 12.560306, 12.576915, 12.593628, 12.610384, 12.627257, 12.643771, 12.660759, 12.677004, 12.694870, 12.711743, 12.726877, 12.743620, 12.760264, 12.776999, 12.794466, 12.811252, 12.827225, 12.843826, 12.862128, 12.877240, 12.893911, 12.911026, 12.927250, 12.945910, 12.960637, 12.978047, 12.994082, 13.010510, 13.027312, 13.043977, 13.060603, 13.077295, 13.094037, 13.110701, 13.131461, 13.144618, 13.161347, 13.177503, 13.195819, 13.210872, 13.227423, 13.244098, 13.260819, 13.277512, 13.294148, 13.310820, 13.327580, 13.344276, 13.360894, 13.377631, 13.394220, 13.411163, 13.427561, 13.445770, 13.460920, 13.478323, 13.494364, 13.511123, 13.527655, 13.544330, 13.560947, 13.577522, 13.595116, 13.610860, 13.627684, 13.644212, 13.661195, 13.677634, 13.695726, 13.710986, 13.727561, 13.744170, 13.760781, 13.777490, 13.794186, 13.810828, 13.828397, 13.844413, 13.860964, 13.877715, 13.894330, 13.911107, 13.927725, 13.945821, 13.960983, 13.977687, 13.994383, 14.011063, 14.027707, 14.044316, 14.060929, 14.077628, 14.095782, 14.110942, 14.127594, 14.144270, 14.160919, 14.177513, 14.195756, 14.210920, 14.227622, 14.244304, 14.260839, 14.277532, 14.294190, 14.310792, 14.327510, 14.344158, 14.362435, 14.377597, 14.394762, 14.410873, 14.427556, 14.445652, 14.460897, 14.477644, 14.495150, 14.511220, 14.527737, 14.545293, 14.561277, 14.577850, 14.594502, 14.612109, 14.628275, 14.644702, 14.661297, 14.678000, 14.695884, 14.711150, 14.727990, 14.748064, 14.761480, 14.778097, 14.794824, 14.811523, 14.828241, 14.844812, 14.862399, 14.878496, 14.895800, 14.911717, 14.928259, 14.946847, 14.962415, 14.979254, 14.995258, 15.011887, 15.028450, 15.045122, 15.061816, 15.078450, 15.095190, 15.111975, 15.129039, 15.145114, 15.161834, 15.178421, 15.196773, 15.211850, 15.228431, 15.245158, 15.261794, 15.278494, 15.295185, 15.311852, 15.328484, 15.345992, 15.362045, 15.379207, 15.395279, 15.411948, 15.428679, 15.446766, 15.461952, 15.478645, 15.495298, 15.512033, 15.528673, 15.545446, 15.561988, 15.578758, 15.595492, 15.612082, 15.629021, 15.645381, 15.662044, 15.678840, 15.696731, 15.712145, 15.728846, 15.745447, 15.762134, 15.778805, 15.795437, 15.812149, 15.828834, 15.845615, 15.862219, 15.879354, 15.896378, 15.912392, 15.928968, 15.947732, 15.963066, 15.979118, 15.995717, 16.012451, 16.029129, 16.045719, 16.062412, 16.079920, 16.095945, 16.112481, 16.129604, 16.145885, 16.164069, 16.179204, 16.197710, 16.213270, 16.229990, 16.245814, 16.262434, 16.279058, 16.295736, 16.312446, 16.329241, 16.346094, 16.362632, 16.380241, 16.396125, 16.412633, 16.431592, 16.447952, 16.462650, 16.479456, 16.496060, 16.512878, 16.530298, 16.546264, 16.562778, 16.579623, 16.596197, 16.612996, 16.629637, 16.646162, 16.662848, 16.679604, 16.697768, 16.712831, 16.729563, 16.746163, 16.763698, 16.783290, 16.797029, 16.813095, 16.829745, 16.846391, 16.863165, 16.879747, 16.896316, 16.913076, 16.929741, 16.948576, 16.963222, 16.979926, 16.996463, 17.013294, 17.030086, 17.046751, 17.063446, 17.080292, 17.096826, 17.113932, 17.130224, 17.146792, 17.163474, 17.180121, 17.198677, 17.213562, 17.230227, 17.246825, 17.263545, 17.280175, 17.296857, 17.314455, 17.330360, 17.347884, 17.363808, 17.381191, 17.399274, 17.414467, 17.430409, 17.448758, 17.463802, 17.480399, 17.497190, 17.513823, 17.530472, 17.547128, 17.563817, 17.580531, 17.597729, 17.613788, 17.630505, 17.647120, 17.663784, 17.680597, 17.699457, 17.714817, 17.730791, 17.747356, 17.764088, 17.781541, 17.797521, 17.814224, 17.830837, 17.848045, 17.865071, 17.880994, 17.897595, 17.914202, 17.930719, 17.948796, 17.964136, 17.980756, 17.997350, 18.014959, 18.030836, 18.047495, 18.064214, 18.080745, 18.098028, 18.115028, 18.131797, 18.147695, 18.164319, 18.182449, 18.199852, 18.214298, 18.230990, 18.247648, 18.264325, 18.281016, 18.297784, 18.314458, 18.331069, 18.347655, 18.364381, 18.380986, 18.397664, 18.414426, 18.433372, 18.449816, 18.464474, 18.481889, 18.498012, 18.514603, 18.531164, 18.548788, 18.564712, 18.581316, 18.598402, 18.614658, 18.631521, 18.647943, 18.664672, 18.681251, 18.699672, 18.714612, 18.731254, 18.747969, 18.764668, 18.781229, 18.802049, 18.814837, 18.831913, 18.848063, 18.864812, 18.881360, 18.898094, 18.914873, 18.931363, 18.950500, 18.964783, 18.981333, 18.998068, 19.014695, 19.031288, 19.048183, 19.064836, 19.081415, 19.098164, 19.114762, 19.131483, 19.148171, 19.164759, 19.181454, 19.199564, 19.214865, 19.231533, 19.248219, 19.264966, 19.281625, 19.298511, 19.315197, 19.331833, 19.348623, 19.365282, 19.382015, 19.398670, 19.415306, 19.431977, 19.450560, 19.465418, 19.482077, 19.498631, 19.515385, 19.532109, 19.548825, 19.565995, 19.582025, 19.598766, 19.616231, 19.632297, 19.648944, 19.666252, 19.682341, 19.700621, 19.715646, 19.732280, 19.748823, 19.765558, 19.782290, 19.799047, 19.816880, 19.832402, 19.849032, 19.865732, 19.882371, 19.899059, 19.915631, 19.932186, 19.951313, 19.966925, 19.982393, 20.000496, 20.015641, 20.032324, 20.048972, 20.066147, 20.082421, 20.098928, 20.115651, 20.133128, 20.149190, 20.165593, 20.182229, 20.200569, 20.215485, 20.232211, 20.248945, 20.267247, 20.282415, 20.299115, 20.315801, 20.332347, 20.349099, 20.365641, 20.382405, 20.399109, 20.415620, 20.432370, 20.450427, 20.465547, 20.482035, 20.498648, 20.515480, 20.532208, 20.548843, 20.565637, 20.582190, 20.598795, 20.615516, 20.633005, 20.649046, 20.665627, 20.685793, 20.701370, 20.715721, 20.732351, 20.749034, 20.765737, 20.782440, 20.799189, 20.816436, 20.832434, 20.849863, 20.865876, 20.882623, 20.899223, 20.915983, 20.932593, 20.950572, 20.965959, 20.982627, 20.999373, 21.016232, 21.033702, 21.049738, 21.066666, 21.082897, 21.099647, 21.116478, 21.133086, 21.149784, 21.166648, 21.183319, 21.201606, 21.216696, 21.233332, 21.249958, 21.266695, 21.283392, 21.300014, 21.316730, 21.333301, 21.350860, 21.366716, 21.383445, 21.400907, 21.416878, 21.433468, 21.451599, 21.466885, 21.483618, 21.500349, 21.517089, 21.533890, 21.550415, 21.567939, 21.583839, 21.600515, 21.617200, 21.633748, 21.650492, 21.667132, 21.683909, 21.702586, 21.717185, 21.733862, 21.750551, 21.767291, 21.783957, 21.800485, 21.817193, 21.833845, 21.850698, 21.867242, 21.883882, 21.900596, 21.917251, 21.934039, 21.952526, 21.967240, 21.984063, 22.001358, 22.017398, 22.034569, 22.051176, 22.067385, 22.084085, 22.101712, 22.117655, 22.135060, 22.151080, 22.169200, 22.185183, 22.202790, 22.217679, 22.234422, 22.251100, 22.267932, 22.284969, 22.301122, 22.317785, 22.334412, 22.351145, 22.367799, 22.384440, 22.402605, 22.417715, 22.434509, 22.452520, 22.471274, 22.484505, 22.501412, 22.517902, 22.535103, 22.551239, 22.567937, 22.584521, 22.601235, 22.617932, 22.634544, 22.651276, 22.667939, 22.684671, 22.702488, 22.717909, 22.734653, 22.751337, 22.768140, 22.785208, 22.801323, 22.818084, 22.834694, 22.851422, 22.868056, 22.884700, 22.901400, 22.918037, 22.934760, 22.953440, 22.968110, 22.984789, 23.001761, 23.018224, 23.035354, 23.051500, 23.068190, 23.084814, 23.101604, 23.118188, 23.134850, 23.152387, 23.168351, 23.185013, 23.203476, 23.218323, 23.235081, 23.251767, 23.268459, 23.285594, 23.302484, 23.319354, 23.335232, 23.351906, 23.369354, 23.385349, 23.401974, 23.418637, 23.435386, 23.453606, 23.468667, 23.485443, 23.502450, 23.519835, 23.535978, 23.552043, 23.568751, 23.585390, 23.602126, 23.618759, 23.635381, 23.652109, 23.668772, 23.685602, 23.703471, 23.719760, 23.735598, 23.752208, 23.769620, 23.785882, 23.802115, 23.818919, 23.835504, 23.852244, 23.868964, 23.885535, 23.903036, 23.918981, 23.935446, 23.955662, 23.968816, 23.985456, 24.002448, 24.019340, 24.035498, 24.052080, 24.068800, 24.085497, 24.102169, 24.118800, 24.135472, 24.152141, 24.168877, 24.187128, 24.202359, 24.220523, 24.235784, 24.252501, 24.272918, 24.285759, 24.302470, 24.319132, 24.335840, 24.352548, 24.369150, 24.385808, 24.402566, 24.419208, 24.435874, 24.452615, 24.470407, 24.485964, 24.503279, 24.519852, 24.536763, 24.552782, 24.569427, 24.587411, 24.602983, 24.620320, 24.636361, 24.652933, 24.669635, 24.686314, 24.702971, 24.721595, 24.736501, 24.753234, 24.769652, 24.786283, 24.802954, 24.820981, 24.836537, 24.853071, 24.869685, 24.886371, 24.903043, 24.919764, 24.936437, 24.953051, 24.971519, 24.986524, 25.003821, 25.019818, 25.036376, 25.053800, 25.069923, 25.086467, 25.103154, 25.119813, 25.136496, 25.153159, 25.169881, 25.186585, 25.203191, 25.221468, 25.236628, 25.253768, 25.269859, 25.286549, 25.303218, 25.319882, 25.336608, 25.353284, 25.369923, 25.386597, 25.403324, 25.419996, 25.436620, 25.453325, 25.471413, 25.486651, 25.504093, 25.520047, 25.537583, 25.554357, 25.570348, 25.586878, 25.603595, 25.621764, 25.637187, 25.653623, 25.670327, 25.687044, 25.703795, 25.722515, 25.737861, 25.754286, 25.770295, 25.787088, 25.803707, 25.823224, 25.837342, 25.853850, 25.870533, 25.887074, 25.903712, 25.920389, 25.937031, 25.957556, 25.972400, 25.987533, 26.004025, 26.020352, 26.036972, 26.053659, 26.071212, 26.087048, 26.103689, 26.121211, 26.137262, 26.153829, 26.170480, 26.187176, 26.204044, 26.222471, 26.237729, 26.253985, 26.270601, 26.287264, 26.303881, 26.320616, 26.337310, 26.353903, 26.370578, 26.387232, 26.404760, 26.420833, 26.437340, 26.454010, 26.472445, 26.487960, 26.504185, 26.520736, 26.537422, 26.554074, 26.570715, 26.587435, 26.604093, 26.620734, 26.637381, 26.654072, 26.670788, 26.687418, 26.704243, 26.722309, 26.737998, 26.754197, 26.770832, 26.787533, 26.805049, 26.821106, 26.838420, 26.854517, 26.871163, 26.887871, 26.904565, 26.921179, 26.937946, 26.954648, 26.973466, 26.988020, 27.004719, 27.021324, 27.037971, 27.054619, 27.071365, 27.087952, 27.104639, 27.121377, 27.137972, 27.154718, 27.171366, 27.188124, 27.204827, 27.223316, 27.238979, 27.254883, 27.272342, 27.288248, 27.304838, 27.321587, 27.339809, 27.354952, 27.371592, 27.388266, 27.405844, 27.421792, 27.438430, 27.455108, 27.475254, 27.488573, 27.505144, 27.521821, 27.539996, 27.555146, 27.571954, 27.589394, 27.605251, 27.621926, 27.638511, 27.655143, 27.671875, 27.692913, 27.705210, 27.725256, 27.738867, 27.755388, 27.772270, 27.789017, 27.805800, 27.823507, 27.839500, 27.856095, 27.872840, 27.889528, 27.906000, 27.923709, 27.939400, 27.957363, 27.974568, 27.989249, 28.005684, 28.022355, 28.038938, 28.055603, 28.072270, 28.088964, 28.105683, 28.122350, 28.139012, 28.155634, 28.172441, 28.188968, 28.205764, 28.225145, 28.239164, 28.255756, 28.272488, 28.289085, 28.305832, 28.322443, 28.339129, 28.355827, 28.372499, 28.389228, 28.405800, 28.422552, 28.439210, 28.455969, 28.472534, 28.491297, 28.506775, 28.522667, 28.539278, 28.555975, 28.572571, 28.589262, 28.605979, 28.622600, 28.639336, 28.655955, 28.673655, 28.689637, 28.706142, 28.723069, 28.741333, 28.756050, 28.772758, 28.790897, 28.806140, 28.822793, 28.839497, 28.856093, 28.872790, 28.889492, 28.906075, 28.922847, 28.939588, 28.956107, 28.972900, 28.992314, 29.006299, 29.022824, 29.039593, 29.056302, 29.072893, 29.090542, 29.106505, 29.127129, 29.139797, 29.156492, 29.173162, 29.189933, 29.206746, 29.223227, 29.239891, 29.258263, 29.273192, 29.289859, 29.306530, 29.323231, 29.339875, 29.356539, 29.374141, 29.390071, 29.406728, 29.423445, 29.440423, 29.456821, 29.473480, 29.490063, 29.508385, 29.523508, 29.540153, 29.556912, 29.573513, 29.590195, 29.607561, 29.624294, 29.640381, 29.657008, 29.673850, 29.690899, 29.707585, 29.723727, 29.740481, 29.760125, 29.773925, 29.790539, 29.807158, 29.823854, 29.840496, 29.857234, 29.873821, 29.890515, 29.907294, 29.924070, 29.941106, 29.957289, 29.974597, 29.990695, 30.009341, 30.024651, 30.040717, 30.057178, 30.073716, 30.090448, 30.107057, 30.123782, 30.140463, 30.157112, 30.173784, 30.191003, 30.207180, 30.223944, 30.240521, 30.259249, 30.274818, 30.290834, 30.308153, 30.324230, 30.340743, 30.357419, 30.374091, 30.390890, 30.407650, 30.424263, 30.442151, 30.459231, 30.474244, 30.490845, 30.509295, 30.524171, 30.540863, 30.557543, 30.574266, 30.590899, 30.607551, 30.624279, 30.641046, 30.657679, 30.675806, 30.691499, 30.707580, 30.724421, 30.741175, 30.759183, 30.774496, 30.791105, 30.807817, 30.824497, 30.841132, 30.857823, 30.874552, 30.891259, 30.907960, 30.924628, 30.941616, 30.957919, 30.974642, 30.991268, 31.010206, 31.024588, 31.041323, 31.057995, 31.074647, 31.091283, 31.112426, 31.124683, 31.141411, 31.158106, 31.174688, 31.191603, 31.208068, 31.225657, 31.241672, 31.261079, 31.274981, 31.291709, 31.308384, 31.324977, 31.341698, 31.358367, 31.375116, 31.391844, 31.408536, 31.425122, 31.441783, 31.458463, 31.475069, 31.491744, 31.510244, 31.524980, 31.541715, 31.558410, 31.575056, 31.591714, 31.608387, 31.625252, 31.641870, 31.658518, 31.676327, 31.691770, 31.708438, 31.725078, 31.741713, 31.760176, 31.775052, 31.791779, 31.808437, 31.825193, 31.841856, 31.858496, 31.875252, 31.891911, 31.908598, 31.925342, 31.941837, 31.958577, 31.975245, 31.992671, 32.010352, 32.025448, 32.042026, 32.058757, 32.075472, 32.092180, 32.108926, 32.125680, 32.142354, 32.159125, 32.176893, 32.192531, 32.208983, 32.227179, 32.242329, 32.262001, 32.275883, 32.292410, 32.309091, 32.325805, 32.342472, 32.359101, 32.375921, 32.392632, 32.409546, 32.425756, 32.442534, 32.460655, 32.475862, 32.492503, 32.511163, 32.525902, 32.542651, 32.559198, 32.575848, 32.592586, 32.609285, 32.626162, 32.642823, 32.659869, 32.676899, 32.692667, 32.709295, 32.726014, 32.742664, 32.761173, 32.776035, 32.792714, 32.809366, 32.826152, 32.844133, 32.859702, 32.880354, 32.892917, 32.910074, 32.926983, 32.943099, 32.959650, 32.977105, 32.993907, 33.011444, 33.026511, 33.043133, 33.059752, 33.076501, 33.093961, 33.109997, 33.126675, 33.143201, 33.160415, 33.176633, 33.193272, 33.209869, 33.226632, 33.243325, 33.261290, 33.276566, 33.293196, 33.309878, 33.326592, 33.343157, 33.359933, 33.376624, 33.393359, 33.410387, 33.426626, 33.444129, 33.460238, 33.476855, 33.493418, 33.512294, 33.526838, 33.543509, 33.560150, 33.576842, 33.593486, 33.610248, 33.627116, 33.644222, 33.660444, 33.677811, 33.693801, 33.710357, 33.726972, 33.743744, 33.762153, 33.777878, 33.793890, 33.810524, 33.827977, 33.844817, 33.860832, 33.877374, 33.893927, 33.910684, 33.927330, 33.943999, 33.960785, 33.977369, 33.993987, 34.012247, 34.028904, 34.044028, 34.060595, 34.077298, 34.094001, 34.110708, 34.127787, 34.144529, 34.161463, 34.177549, 34.194224, 34.211846, 34.227698, 34.244318, 34.263131, 34.277718, 34.294331, 34.310977, 34.331594, 34.344414, 34.361845, 34.378381, 34.394497, 34.411210, 34.427760, 34.444451, 34.461102, 34.478593, 34.494704, 34.513255, 34.527928, 34.544566, 34.561249, 34.577900, 34.595408, 34.611499, 34.628568, 34.644627, 34.661291, 34.678034, 34.694609, 34.711312, 34.728864, 34.744848, 34.763149, 34.778023, 34.794681, 34.811434, 34.828251, 34.844857, 34.861452, 34.878707, 34.894752, 34.911470, 34.928152, 34.944786, 34.961491, 34.978044, 34.995628, 35.013256, 35.028110, 35.044961, 35.061568, 35.078961, 35.095091, 35.112616, 35.128658, 35.145057, 35.161751, 35.178398, 35.195021, 35.211685, 35.228342, 35.245068, 35.263221, 35.278389, 35.296576, 35.311753, 35.328469, 35.345155, 35.361784, 35.379043, 35.397059, 35.412303, 35.428347, 35.445057, 35.463354, 35.479316, 35.495315, 35.513093, 35.529310, 35.545440, 35.562736, 35.578873, 35.595474, 35.612638, 35.629148, 35.645392, 35.661948, 35.679534, 35.695460, 35.716027, 35.728657, 35.746125, 35.763321, 35.778637, 35.795267, 35.811975, 35.828723, 35.845316, 35.862118, 35.879150, 35.895390, 35.912053, 35.928734, 35.945377, 35.962005, 35.978695, 35.995362, 36.014076, 36.028765, 36.045382, 36.062051, 36.079451, 36.096283, 36.112764, 36.129057, 36.145348, 36.162132, 36.178637, 36.195422, 36.212077, 36.228763, 36.245350, 36.264022, 36.278735, 36.295379, 36.312005, 36.328789, 36.345443, 36.362589, 36.378814, 36.395413, 36.412125, 36.428796, 36.445505, 36.462185, 36.478806, 36.495449, 36.514006, 36.528834, 36.545528, 36.562131, 36.578799, 36.595580, 36.612160, 36.628788, 36.645545, 36.662234, 36.678839, 36.695565, 36.712201, 36.728832, 36.746454, 36.764089, 36.778985, 36.795650, 36.813186, 36.829224, 36.845876, 36.862415, 36.879196, 36.895740, 36.912427, 36.929224, 36.945770, 36.962453, 36.979958, 36.995862, 37.014878, 37.029367, 37.045864, 37.062694, 37.079300, 37.095968, 37.112652, 37.130104, 37.146187, 37.162726, 37.180884, 37.196136, 37.212777, 37.229393, 37.246108, 37.264067, 37.279357, 37.296147, 37.312804, 37.329457, 37.346608, 37.363989, 37.379560, 37.396216, 37.412842, 37.429559, 37.447728, 37.462852, 37.479606, 37.496227, 37.514038, 37.529547, 37.546232, 37.563140, 37.579762, 37.596332, 37.613074, 37.629628, 37.646334, 37.663038, 37.679714, 37.696412, 37.713020, 37.729678, 37.746478, 37.768008, 37.779755, 37.796460, 37.813204, 37.829843, 37.847002, 37.863159, 37.879882, 37.897307, 37.913312, 37.929958, 37.946629, 37.963237, 37.979983, 37.997404, 38.013433, 38.032110, 38.046792, 38.063469, 38.080189, 38.096692, 38.113455, 38.130175, 38.146759, 38.163427, 38.180050, 38.196698, 38.213250, 38.229948, 38.246652, 38.263225, 38.281958, 38.296658, 38.313426, 38.330080, 38.347232, 38.363388, 38.380232, 38.398236, 38.413984, 38.430428, 38.447245, 38.463781, 38.480495, 38.496939, 38.513660, 38.532176, 38.547035, 38.564496, 38.580548, 38.597089, 38.613634, 38.630371, 38.646994, 38.664498, 38.680520, 38.697087, 38.713668, 38.730455, 38.747100, 38.763713, 38.782878, 38.797395, 38.814187, 38.830610, 38.847776, 38.863852, 38.880627, 38.897321, 38.913886, 38.930656, 38.947357, 38.963850, 38.980586, 38.997098, 39.013405, 39.030072, 39.047943, 39.063299, 39.079926, 39.097443, 39.113156, 39.130009, 39.146666, 39.163724, 39.181190, 39.198120, 39.214005, 39.230597, 39.247254, 39.263970, 39.280633, 39.299095, 39.313918, 39.330748, 39.347233, 39.363957, 39.380778, 39.397375, 39.414038, 39.430719, 39.447383, 39.464097, 39.480810, 39.497441, 39.514130, 39.530880, 39.548911, 39.564230, 39.580914, 39.597545, 39.614247, 39.632358, 39.647559, 39.664327, 39.680932, 39.697562, 39.714265, 39.730956, 39.747596, 39.764297, 39.780960, 39.799874, 39.814784, 39.831444, 39.848455, 39.865381, 39.881296, 39.897833, 39.914552, 39.931187, 39.947880, 39.964539, 39.981189, 39.997925, 40.014633, 40.032843, 40.049982, 40.065042, 40.081200, 40.097876, 40.115310, 40.131375, 40.147990, 40.164613, 40.181276, 40.197985, 40.214666, 40.231294, 40.247986, 40.264728, 40.281435, 40.299866, 40.318327, 40.331396, 40.348042, 40.364827, 40.382381, 40.398379, 40.415089, 40.431790, 40.448682, 40.465340, 40.481974, 40.498650, 40.515422, 40.532083, 40.550976, 40.565852, 40.582013, 40.598664, 40.615369, 40.632362, 40.648717, 40.666350, 40.682337, 40.698838, 40.715514, 40.732244, 40.748894, 40.766453, 40.782552, 40.801002, 40.816242, 40.832368, 40.849090, 40.865758, 40.882361, 40.899018, 40.915728, 40.933738, 40.949300, 40.965804, 40.982477, 40.999162, 41.015881, 41.032621, 41.051752, 41.066286, 41.083985, 41.099519, 41.116024, 41.132678, 41.149341, 41.165973, 41.182671, 41.199344, 41.216026, 41.232708, 41.249375, 41.266158, 41.282724, 41.301905, 41.316902, 41.333678, 41.349602, 41.367037, 41.382976, 41.399625, 41.416287, 41.432972, 41.449632, 41.466339, 41.483044, 41.500101, 41.516494, 41.533217, 41.549720, 41.567935, 41.583788, 41.599746, 41.616387, 41.633028, 41.649736, 41.666383, 41.683059, 41.699737, 41.716398, 41.733147, 41.749838, 41.766467, 41.783255, 41.800345, 41.817829, 41.833093, 41.849763, 41.866393, 41.884582, 41.899784, 41.916458, 41.933069, 41.949766, 41.966289, 41.982975, 41.999495, 42.016287, 42.032943, 42.049523, 42.067720, 42.082986, 42.099616, 42.116240, 42.134476, 42.149711, 42.166311, 42.182982, 42.199742, 42.216362, 42.233093, 42.249767, 42.266407, 42.283616, 42.299791, 42.317761, 42.333114, 42.349799, 42.366483, 42.383198, 42.400630, 42.416673, 42.433279, 42.449960, 42.466622, 42.486566, 42.542836, 42.555287, 42.570981, 42.585882, 42.600148, 42.617059, 42.633350, 42.650451, 42.666807, 42.684833, 42.700258, 42.717107, 42.733397, 42.750411, 42.767133, 42.784282, 42.800921, 42.816825, 42.836701, 42.850430, 42.867197, 42.883556, 42.900620, 42.917004, 42.933911, 42.950291, 42.967276, 42.984654, 43.000847, 43.017291, 43.034566, 43.050831, 43.067913, 43.085932, 43.100306, 43.117325, 43.133696, 43.150503, 43.166973, 43.184800, 43.200504, 43.217317, 43.233653, 43.250496, 43.267108, 43.284452, 43.300585, 43.317089, 43.335851, 43.350388, 43.367371, 43.383914, 43.400802, 43.417160, 43.434102, 43.450435, 43.467420, 43.484075, 43.500992, 43.517705, 43.534447, 43.551391, 43.568413, 43.585987, 43.601146, 43.617758, 43.635224, 43.651182, 43.667902, 43.684644, 43.701245, 43.717987, 43.734517, 43.752092, 43.768768, 43.784612, 43.801307, 43.818044, 43.835838, 43.851182, 43.867917, 43.884598, 43.901345, 43.917931, 43.934613, 43.951221, 43.969589, 43.984728, 44.001348, 44.018882, 44.035423, 44.051368, 44.068036, 44.087011, 44.102213, 44.118272, 44.134848, 44.151472, 44.169915, 44.184872, 44.201540, 44.218261, 44.234810, 44.251532, 44.268922, 44.284872, 44.305527, 44.318163, 44.336744, 44.351460, 44.368231, 44.384908, 44.401531, 44.418248, 44.435030, 44.452430, 44.468474, 44.485069, 44.501708, 44.520636, 44.535354, 44.551946, 44.568584, 44.586905, 44.601890, 44.618550, 44.635257, 44.651967, 44.668573, 44.685312, 44.701819, 44.718649, 44.735222, 44.751896, 44.768639, 44.785267, 44.801930, 44.819445, 44.836964, 44.852080, 44.868760, 44.885393, 44.902104, 44.918687, 44.935402, 44.952167, 44.968874, 44.986463, 45.003084, 45.019528, 45.035695, 45.052330, 45.069044, 45.086857, 45.103028, 45.119091, 45.135639, 45.152354, 45.169050, 45.185634, 45.202221, 45.218819, 45.235455, 45.252318, 45.269570, 45.285458, 45.302150, 45.318786, 45.336580, 45.352136, 45.368838, 45.385537, 45.402132, 45.418782, 45.435475, 45.452237, 45.468953, 45.487018, 45.502264, 45.519092, 45.535648, 45.552268, 45.568904, 45.588483, 45.602471, 45.618942, 45.635776, 45.652367, 45.669081, 45.687323, 45.702439, 45.719086, 45.735928, 45.752475, 45.769166, 45.785890, 45.802425, 45.819002, 45.837660, 45.852478, 45.869076, 45.885783, 45.902483, 45.919105, 45.935839, 45.954175, 45.969283, 45.985918, 46.002382, 46.019380, 46.036757, 46.053020, 46.069363, 46.087735, 46.102641, 46.119309, 46.136051, 46.152734, 46.169399, 46.186027, 46.202962, 46.219459, 46.236565, 46.252993, 46.269661, 46.286296, 46.307116, 46.319860, 46.338708, 46.353089, 46.369867, 46.386506, 46.403182, 46.420009, 46.436631, 46.454143, 46.470125, 46.487212, 46.503705, 46.520197, 46.536802, 46.554196, 46.570287, 46.588812, 46.603412, 46.620230, 46.636994, 46.653544, 46.670268, 46.686941, 46.703727, 46.720372, 46.738062, 46.753603, 46.770264, 46.786948, 46.803598, 46.820369, 46.838696, 46.853690, 46.870331, 46.887014, 46.903769, 46.920394, 46.937221, 46.953815, 46.970439, 46.987865, 47.003871, 47.020527, 47.037308, 47.053906, 47.070569, 47.088654, 47.104606, 47.120703, 47.137304, 47.153931, 47.170672, 47.187356, 47.204132, 47.220812, 47.237844, 47.253993, 47.271524, 47.287577, 47.304037, 47.320762, 47.339467, 47.354218, 47.372376, 47.387477, 47.404093, 47.420912, 47.437615, 47.454223, 47.470948, 47.487991, 47.504120, 47.521043, 47.537555, 47.555755, 47.571068, 47.589630, 47.604179, 47.621010, 47.637949, 47.654184, 47.670940, 47.687720, 47.704586, 47.721535, 47.738814, 47.758154, 47.771196, 47.788703, 47.804663, 47.821263, 47.839737, 47.854566, 47.872194, 47.890731, 47.904729, 47.921589, 47.938112, 47.954746, 47.971439, 47.988539, 48.005660, 48.021673, 48.038285, 48.055066, 48.071695, 48.089681, 48.105180, 48.121905, 48.138451, 48.155257, 48.171845, 48.189188, 48.205783, 48.221531, 48.238250, 48.254956, 48.271578, 48.288325, 48.305767, 48.321932, 48.339631, 48.355087, 48.371752, 48.388434, 48.405167, 48.421998, 48.438539, 48.456656, 48.472473, 48.488518, 48.505155, 48.521848, 48.538519, 48.555963, 48.572065, 48.590747, 48.605245, 48.622739, 48.638738, 48.655363, 48.672098, 48.688860, 48.706691, 48.722274, 48.739625, 48.757169, 48.772066, 48.788875, 48.805475, 48.822179, 48.840727, 48.855657, 48.872383, 48.888984, 48.906481, 48.924079, 48.939003, 48.955846, 48.972380, 48.989063, 49.005679, 49.022463, 49.039050, 49.055615, 49.072387, 49.090643, 49.105835, 49.123280, 49.143315, 49.156008, 49.172482, 49.189343, 49.206236, 49.222599, 49.239335, 49.255950, 49.272614, 49.289192, 49.305964, 49.322628, 49.340612, 49.356073, 49.372595, 49.389280, 49.406104, 49.422623, 49.439390, 49.456995, 49.473511, 49.489513, 49.506078, 49.522772, 49.539463, 49.556942, 49.572985, 49.591679, 49.606206, 49.622872, 49.639508, 49.656271, 49.673535, 49.689806, 49.706788, 49.722920, 49.739577, 49.756187, 49.772939, 49.789571, 49.806280, 49.822937, 49.841647, 49.856255, 49.872893, 49.889623, 49.906373, 49.923238, 49.939769, 49.956924, 49.973890, 49.990654, 50.006606, 50.023217, 50.039904, 50.056495, 50.073245, 50.092693, 50.106467, 50.123261, 50.140001, 50.156623, 50.173344, 50.189941, 50.206965, 50.223242, 50.239978, 50.258419, 50.273326, 50.290061, 50.306697, 50.323329, 50.339980, 50.358551, 50.373398, 50.391068, 50.407050, 50.423538, 50.440524, 50.456794, 50.473487, 50.490269, 50.510588, 50.524407, 50.540379, 50.556974, 50.573674, 50.590302, 50.608682, 50.623716, 50.640363, 50.657005, 50.673665, 50.690920, 50.707232, 50.724420, 50.740354, 50.756999, 50.773694, 50.790262, 50.806979, 50.823741, 50.840314, 50.858593, 50.873641, 50.890423, 50.907121, 50.924133, 50.941073, 50.957121, 50.973654, 50.990372, 51.007014, 51.023744, 51.040425, 51.057089, 51.073774, 51.090480, 51.108526, 51.123859, 51.140393, 51.157184, 51.173770, 51.190626, 51.207023, 51.223724, 51.240301, 51.257020, 51.273816, 51.290333, 51.307084, 51.324509, 51.340412, 51.359256, 51.373859, 51.390274, 51.406934, 51.425069, 51.440775, 51.457008, 51.474471, 51.490507, 51.507139, 51.523821, 51.540410, 51.557153, 51.575382, 51.590478, 51.607154, 51.626071, 51.640614, 51.657187, 51.674233, 51.691283, 51.707216, 51.723785, 51.740514, 51.757247, 51.773796, 51.790525, 51.807197, 51.823899, 51.842232, 51.857290, 51.875537, 51.890606, 51.907430, 51.924772, 51.940642, 51.957317, 51.973958, 51.990612, 52.007326, 52.023975, 52.040709, 52.058168, 52.074140, 52.090752, 52.107374, 52.125510, 52.141741, 52.157722, 52.175189, 52.190975, 52.207564, 52.225092, 52.244991, 52.257691, 52.274361, 52.291110, 52.307776, 52.324417, 52.341144, 52.357872, 52.376605, 52.391242, 52.408498, 52.424547, 52.441326, 52.457923, 52.475686, 52.491509, 52.508295, 52.524720, 52.541692, 52.558075, 52.574987, 52.592192, 52.608544, 52.626907, 52.641824, 52.658809, 52.675434, 52.691798, 52.708097, 52.725134, 52.742369, 52.758628, 52.774833, 52.791801, 52.808247, 52.825192, 52.841586, 52.858563, 52.876764, 52.891928, 52.908635, 52.925327, 52.941963, 52.958361, 52.976082, 52.991736, 53.008732, 53.025070, 53.041912, 53.058390, 53.075364, 53.091760, 53.108769, 53.126605, 53.142092, 53.159121, 53.175354, 53.243608, 53.254937, 53.266314, 53.277501, 53.288598, 53.299950, 53.311010, 53.325517, 53.342176, 53.358918, 53.377480, 53.393705, 53.409071, 53.425675, 53.442341, 53.458998, 53.475635, 53.492315, 53.509052, 53.525731, 53.542356, 53.560634, 53.575805, 53.592416, 53.609067, 53.627436, 53.642963, 53.659081, 53.675792, 53.692413, 53.709146, 53.725816, 53.742460, 53.759129, 53.775854, 53.794042, 53.809201, 53.825977, 53.846509, 53.859247, 53.878243, 53.893351, 53.909381, 53.926099, 53.942779, 53.959354, 53.976142, 53.992802, 54.009436, 54.026167, 54.042902, 54.059564, 54.076293, 54.093053, 54.109720, 54.128441, 54.144361, 54.159781, 54.176363, 54.193045, 54.210534, 54.226567, 54.243187, 54.259811, 54.276505, 54.293146, 54.309833, 54.326536, 54.343304, 54.359984, 54.378466, 54.393256, 54.409856, 54.426509, 54.443910, 54.459999, 54.476544, 54.493145, 54.509893, 54.526565, 54.543219, 54.559961, 54.576596, 54.593364, 54.610066, 54.628485, 54.643559, 54.659906, 54.676595, 54.693263, 54.709929, 54.726588, 54.743309, 54.759939, 54.776676, 54.793287, 54.810034, 54.826673, 54.843377, 54.860136, 54.879360, 54.893613, 54.910409, 54.927122, 54.943800, 54.960428, 54.977124, 54.993787, 55.010447, 55.027194, 55.044651, 55.060751, 55.077294, 55.094066, 55.110717, 55.129288, 55.143979, 55.160649, 55.177296, 55.194963, 55.210736, 55.227415, 55.244085, 55.262246, 55.277423, 55.294103, 55.310730, 55.327566, 55.344213, 55.361408, 55.379375, 55.394130, 55.411663, 55.429190, 55.444211, 55.460996, 55.477664, 55.494284, 55.510952, 55.527676, 55.544310, 55.560970, 55.577767, 55.594453, 55.611659, 55.629407, 55.648322, 55.661026, 55.677845, 55.694436, 55.711065, 55.727878, 55.744435, 55.762006, 55.778815, 55.794663, 55.812203, 55.828139, 55.845543, 55.862110, 55.879536, 55.894777, 55.911478, 55.928074, 55.944801, 55.961450, 55.978029, 55.994840, 56.011403, 56.028138, 56.044769, 56.061389, 56.078095, 56.095635, 56.111640, 56.129413, 56.144842, 56.161583, 56.178187, 56.194831, 56.211517, 56.228087, 56.244718, 56.261463, 56.278068, 56.294839, 56.311467, 56.328141, 56.344949, 56.361992, 56.380186, 56.394898, 56.411539, 56.428187, 56.444857, 56.461561, 56.478254, 56.494885, 56.511553, 56.528287, 56.544852, 56.562412, 56.578393, 56.595036, 56.612006, 56.630340, 56.644905, 56.661630, 56.678359, 56.695018, 56.711656, 56.728385, 56.745015, 56.763214, 56.779252, 56.795208, 56.812100, 56.828566, 56.845675, 56.862318, 56.880377, 56.895176, 56.911853, 56.928554, 56.945161, 56.963360, 56.978587, 56.995979, 57.012082, 57.028666, 57.045295, 57.061999, 57.082658, 57.095823, 57.112493, 57.130342, 57.145404, 57.162114, 57.178798, 57.195438, 57.212135, 57.229701, 57.245646, 57.262235, 57.280409, 57.295802, 57.312387, 57.329156, 57.345730, 57.362532, 57.381173, 57.395905, 57.412547, 57.429196, 57.445842, 57.462579, 57.480062, 57.496018, 57.512622, 57.529279, 57.546508, 57.562980, 57.579267, 57.595908, 57.612681, 57.631366, 57.645956, 57.662694, 57.679362, 57.695973, 57.712672, 57.729362, 57.746018, 57.762702, 57.779395, 57.796134, 57.813629, 57.830200, 57.846208, 57.862874, 57.881396, 57.896180, 57.912929, 57.929634, 57.946283, 57.962897, 57.979615, 57.996316, 58.013748, 58.029852, 58.046416, 58.063032, 58.079830, 58.096920, 58.113058, 58.131365, 58.146436, 58.163111, 58.179803, 58.197248, 58.213260, 58.229844, 58.247974, 58.263226, 58.279875, 58.296576, 58.313286, 58.329912, 58.347013, 58.363276, 58.381340, 58.396606, 58.413240, 58.431378, 58.447419, 58.463491, 58.480114, 58.496731, 58.513402, 58.530149, 58.546805, 58.563493, 58.580107, 58.597574, 58.614387, 58.635540, 58.648510, 58.663497, 58.680174, 58.697588, 58.713656, 58.730193, 58.746871, 58.763561, 58.780247, 58.796917, 58.813824, 58.830274, 58.846901, 58.863580, 58.880273, 58.898260, 58.913626, 58.930285, 58.946919, 58.963640, 58.980314, 58.997839, 59.013787, 59.030525, 59.047114, 59.064260, 59.080952, 59.097098, 59.113817, 59.131453, 59.150730, 59.164081, 59.180602, 59.198099, 59.214083, 59.230693, 59.247404, 59.264050, 59.280813, 59.297521, 59.314644, 59.330843, 59.347464, 59.364071, 59.380813, 59.399361, 59.414019, 59.430758, 59.447409, 59.464107, 59.480787, 59.497451, 59.514156, 59.530871, 59.547565, 59.564182, 59.581398, 59.597512, 59.615050, 59.631069, 59.649332, 59.664315, 59.682511, 59.697676, 59.715189, 59.731184, 59.747745, 59.764435, 59.781162, 59.797981, 59.814658, 59.831219, 59.848504, 59.866027, 
12, 20, 0, 1.637302, 1.666199, 1.800210, 1.897913, 2.000844, 1.989879, 1.932874, 1.842891, 1.686716, 1.501422, 1.320983, 1.097324, 0.841182, 0.574878, 0.293396, 0.087370, 0.491355, 0.927231, 1.364087, 1.826477, 2.371823, 2.859965, 3.407402, 4.009569, 4.509418, 5.084567, 5.587010, 6.128952, 6.467937, 6.853660, 7.211829, 7.473229, 7.698946, 7.932069, 7.981174, 8.025947, 8.026590, 7.966500, 7.852383, 7.698416, 7.494316, 7.246926, 6.998115, 6.702296, 6.393543, 6.072519, 5.726100, 5.367839, 5.017631, 4.674103, 4.335721, 4.001315, 3.671090, 3.384867, 3.079064, 2.802157, 2.552953, 2.310772, 2.106307, 1.908093, 1.754851, 1.567227, 1.417662, 1.303156, 1.200509, 1.135924, 1.038853, 0.961965, 0.891090, 0.800815, 0.711617, 0.568166, 0.515843, 0.395019, 0.286175, 0.192545, 0.106722, 0.035498, 0.014392, 0.060161, 0.103704, 0.145509, 0.201728, 0.272178, 0.344889, 0.443583, 0.542414, 0.641623, 0.718825, 0.796596, 0.856638, 0.908286, 0.965463, 1.007643, 1.036692, 1.062761, 1.077364, 1.079246, 1.079309, 1.076720, 1.060777, 1.121241, 1.073050, 0.978811, 0.893955, 0.829984, 0.787020, 0.767875, 0.772026, 0.825985, 0.869724, 0.994531, 1.166100, 1.364494, 1.601803, 1.882232, 2.193143, 2.630039, 2.920506, 3.326860, 3.751551, 4.257349, 4.619017, 5.022165, 5.470306, 5.775446, 6.079693, 6.335491, 6.550623, 6.683976, 6.711939, 6.834325, 6.822537, 6.668749, 6.586432, 6.463427, 6.295607, 6.243578, 5.943180, 5.676760, 5.572237, 5.146449, 4.885245, 4.622612, 4.350895, 4.078131, 3.823859, 3.591978, 3.355719, 3.136564, 2.939095, 2.769624, 2.627296, 2.495304, 2.370869, 2.271233, 2.189360, 2.110321, 2.020655, 1.957914, 1.903441, 1.840043, 1.772065, 1.695578, 1.624568, 1.564930, 1.426805, 1.435838, 1.370501, 1.304549, 1.221192, 1.163609, 1.067715, 0.995027, 0.921977, 0.848322, 0.801073, 0.756028, 0.704334, 0.629442, 0.554565, 0.499497, 0.399450, 0.436251, 0.373940, 0.325840, 0.290039, 0.256441, 0.241999, 0.222364, 0.220027, 0.223261, 0.230951, 0.244327, 0.274819, 0.302216, 0.356263, 0.421000, 0.498011, 0.583940, 0.693303, 0.795248, 0.905534, 1.014296, 1.119998, 1.223844, 1.314976, 1.408483, 1.476915, 1.507075, 1.534290, 1.530967, 1.523890, 1.384745, 1.469723, 1.444067, 1.337100, 1.387454, 1.363930, 1.343444, 1.222452, 1.293147, 1.145942, 1.226520, 1.226422, 1.214298, 1.183804, 1.243985, 1.154663, 1.291155, 1.351038, 1.395953, 1.471943, 1.537550, 1.525253, 1.716736, 1.817411, 1.832816, 2.015572, 2.115325, 2.201573, 2.276390, 2.238280, 2.280616, 2.421352, 2.296650, 2.276142, 2.377642, 2.177916, 2.118792, 2.189805, 1.967071, 1.921976, 1.868012, 1.832760, 1.812200, 1.801524, 1.806854, 1.810773, 1.831291, 1.877397, 1.870819, 1.905277, 1.950241, 2.006084, 2.117716, 2.165252, 2.247983, 2.307787, 2.361100, 2.503138, 2.462121, 2.490407, 2.493038, 2.468023, 2.420542, 2.364324, 2.296331, 2.208935, 2.117942, 1.994769, 1.873436, 1.717406, 1.555762, 1.392325, 1.225883, 1.064382, 0.615179, 0.536703, 0.481082, 0.447815, 0.443040, 0.447637, 0.459643, 0.544457, 0.549185, 0.608574, 0.667959, 0.679738, 0.715187, 0.720782, 0.726220, 0.716015, 0.596621, 0.603006, 0.495307, 0.321788, 0.100341, 0.192657, 0.551865, 0.976815, 1.458456, 1.993401, 2.615001, 3.280944, 3.982919, 4.742253, 5.534402, 6.518136, 7.248426, 8.115171, 8.979347, 9.824114, 10.626221, 11.393841, 12.100724, 12.831423, 13.366764, 13.849773, 14.238140, 14.546662, 14.733134, 14.837287, 14.641704, 14.545257, 14.645663, 14.182340, 13.922442, 13.921538, 13.315379, 12.982096, 12.931867, 12.261134, 11.880337, 11.484309, 11.095696, 11.028162, 10.334218, 9.953708, 9.561552, 9.170820, 8.802020, 8.443401, 8.090917, 7.770472, 7.454432, 7.120797, 6.842572, 6.586943, 6.362663, 6.157575, 5.991796, 5.861381, 5.747045, 5.663154, 5.594005, 5.536385, 5.484807, 5.421295, 5.355051, 5.310957, 5.231013, 5.154793, 5.060018, 4.944107, 4.835466, 4.714005, 4.582470, 4.437345, 4.285505, 4.110118, 3.928295, 3.740181, 3.547790, 3.318637, 3.078912, 2.815650, 2.552380, 2.279555, 2.025820, 1.750035, 1.518885, 1.310069, 1.123008, 0.960841, 0.821889, 0.715073, 0.656237, 0.643607, 0.679665, 0.707925, 0.783416, 0.858860, 0.966166, 1.077446, 1.195865, 1.291016, 1.362517, 1.416814, 1.465583, 1.484619, 1.488478, 1.456470, 1.406266, 1.329167, 1.260817, 1.169898, 1.036568, 0.901845, 0.771246, 0.647965, 0.525929, 0.394251, 0.292859, 0.189002, 0.110096, 0.039591, 0.013535, 0.072564, 0.127114, 0.162231, 0.196348, 0.230685, 0.265619, 0.302141, 0.318087, 0.333233, 0.362968, 0.390336, 0.411496, 0.497272, 0.435066, 0.444041, 0.463648, 0.478530, 0.502510, 0.555877, 0.617330, 0.705397, 0.805288, 0.928119, 1.060485, 1.190814, 1.302563, 1.410400, 1.586046, 1.563861, 1.598431, 1.619534, 1.636266, 1.703035, 1.640641, 1.694455, 1.655991, 1.607103, 1.646033, 1.610826, 1.533307, 1.524994, 1.464830, 1.394386, 1.269323, 1.160054, 1.051898, 0.941346, 0.789871, 0.634506, 0.509030, 0.382672, 0.254037, 0.126705, 0.003600, 0.118376, 0.236942, 0.354301, 0.472064, 0.608181, 0.723561, 0.857346, 0.994705, 1.132455, 1.268065, 1.402641, 1.525110, 1.627306, 1.697445, 1.761065, 1.807402, 1.841780, 1.862724, 1.831301, 1.893135, 1.887144, 1.885740, 1.921375, 1.946290, 1.912413, 1.928430, 1.892495, 1.866615, 1.816839, 1.760748, 1.690470, 1.648163, 1.541050, 1.506250, 1.454521, 1.350057, 1.302822, 1.190858, 1.135814, 1.036214, 0.934019, 0.760582, 0.623457, 0.510768, 0.407623, 0.294224, 0.192768, 0.101076, 0.028756, 0.120568, 0.118083, 0.179362, 0.237305, 0.292467, 0.344511, 0.387207, 0.435356, 0.478186, 0.532063, 0.574828, 0.608857, 0.640929, 0.656527, 0.680383, 0.713805, 0.659581, 0.654082, 0.628270, 0.591874, 0.552411, 0.478147, 0.430960, 0.333628, 0.276034, 0.222030, 0.132802, 0.059984, 0.027963, 0.105973, 0.228336, 0.345790, 0.444516, 0.544265, 0.652076, 0.769050, 0.890846, 0.997433, 1.086349, 1.164533, 1.257284, 1.287482, 1.340944, 1.423444, 1.476187, 1.536548, 1.600606, 1.674838, 1.731479, 1.782253, 1.847974, 1.947020, 2.003263, 2.050657, 2.096982, 2.125803, 2.132318, 2.136144, 2.133678, 2.105236, 2.062786, 2.015299, 1.950977, 1.881798, 1.802380, 1.720720, 1.625354, 1.524699, 1.427277, 1.328931, 1.238408, 1.144818, 1.068011, 0.990937, 0.912249, 0.846760, 0.780905, 0.734383, 0.705542, 0.680829, 0.668151, 0.652882, 0.613614, 0.591030, 0.571353, 0.534013, 0.512693, 0.474407, 0.434290, 0.405038, 0.371911, 0.321609, 0.255390, 0.206269, 0.147479, 0.089959, 0.040454, 0.019467, 0.068888, 0.106372, 0.140138, 0.190235, 0.226324, 0.258474, 0.274968, 0.300302, 0.356478, 0.300770, 0.293228, 0.282285, 0.262391, 0.239354, 0.211271, 0.199272, 0.177719, 0.146899, 0.114224, 0.061203, 0.002065, 0.061766, 0.119922, 0.181016, 0.238717, 0.303225, 0.359955, 0.416266, 0.455074, 0.496809, 0.513204, 0.530688, 0.557320, 0.562795, 0.574364, 0.573943, 0.576925, 0.556450, 0.480671, 0.525001, 0.500264, 0.486595, 0.481882, 0.469588, 0.439339, 0.410004, 0.395581, 0.386883, 0.371375, 0.361766, 0.266857, 0.238091, 0.220252, 0.192471, 0.193174, 0.268083, 0.216613, 0.250011, 0.341013, 0.344744, 0.389126, 0.419884, 0.441831, 0.447663, 0.453519, 0.457627, 0.464448, 0.456843, 0.455422, 0.456216, 0.463978, 0.468320, 0.453135, 0.424129, 0.376434, 0.304032, 0.218037, 0.107758, 0.002844, 0.118476, 0.220104, 0.336125, 0.448396, 0.560181, 0.662312, 0.737054, 0.796996, 0.847762, 0.896844, 0.925695, 0.944366, 0.945384, 0.911815, 0.883487, 0.828149, 0.761303, 0.717288, 0.656386, 0.602233, 0.555182, 0.462489, 0.456920, 0.411528, 0.374799, 0.338278, 0.309079, 0.272336, 0.245471, 0.217896, 0.205750, 0.205421, 0.205606, 0.205548, 0.211722, 0.225488, 0.272134, 0.329493, 0.387874, 0.467235, 0.563414, 0.673791, 0.798681, 0.927913, 1.082409, 1.248933, 1.417233, 1.587307, 1.754184, 1.918700, 2.095681, 2.256778, 2.422789, 2.589894, 2.762380, 2.937816, 3.112969, 3.279350, 3.427707, 3.552964, 3.621547, 3.705701, 3.722949, 3.734643, 3.687050, 3.663889, 3.533443, 3.426815, 3.311761, 3.244719, 3.068844, 2.899726, 2.731650, 2.564503, 2.416097, 2.280318, 2.176810, 2.061013, 1.984852, 1.907205, 1.914142, 1.792125, 1.731509, 1.662749, 1.587808, 1.476791, 1.380310, 1.273869, 1.121075, 0.974336, 0.847513, 0.728368, 0.670978, 0.509940, 0.423471, 0.420289, 0.269886, 0.211198, 0.158518, 0.122003, 0.158314, 0.041676, 0.006693, 0.041968, 0.069586, 0.072073, 0.027501, 0.110582, 0.010861, 0.009961, 0.027980, 0.066991, 0.111238, 0.062297, 0.237839, 0.338318, 0.313368, 0.581362, 0.729199, 0.884089, 1.056548, 1.235547, 1.418140, 1.610007, 1.793153, 1.962616, 2.126613, 2.265375, 2.391638, 2.487392, 2.586851, 2.658467, 2.721488, 2.755097, 2.751140, 2.791229, 2.783756, 2.788718, 2.804986, 2.816854, 2.836677, 2.843352, 2.788823, 2.787059, 2.725719, 2.647471, 2.542797, 2.429346, 2.292190, 2.153614, 2.010052, 1.886384, 1.758635, 1.650768, 1.558349, 1.489698, 1.427963, 1.376879, 1.326983, 1.274486, 1.226752, 1.194802, 1.140579, 1.091438, 1.039289, 0.986596, 0.931739, 0.885253, 0.827151, 0.781461, 0.806890, 0.697824, 0.658841, 0.625201, 0.592242, 0.573936, 0.556336, 0.568657, 0.579011, 0.586775, 0.617779, 0.649227, 0.676262, 0.713750, 0.746770, 0.859278, 0.863591, 0.850197, 0.934027, 0.900654, 0.920290, 0.955224, 0.967295, 0.981029, 1.060758, 0.987068, 1.000214, 0.980354, 0.974385, 1.008167, 0.943724, 0.924611, 0.883971, 0.769724, 0.693528, 0.631831, 0.493489, 0.405058, 0.271321, 0.098168, 0.072864, 0.265508, 0.412478, 0.472271, 0.535094, 0.640315, 0.633627, 0.650712, 0.670954, 0.691804, 0.722329, 0.772931, 0.799788, 0.847663, 0.894355, 0.928288, 0.973871, 1.025146, 1.035822, 1.057332, 1.074765, 1.087540, 1.079758, 1.059085, 1.041154, 1.025166, 0.993601, 0.955097, 0.911954, 0.882223, 0.832455, 0.792755, 0.754463, 0.725146, 0.743683, 0.683355, 0.666175, 0.644132, 0.633122, 0.617747, 0.606282, 0.598678, 0.563504, 0.529008, 0.493566, 0.450868, 0.386423, 0.335024, 0.299775, 0.257091, 0.218391, 0.184996, 0.162882, 0.132538, 0.119592, 0.096583, 0.079520, 0.067453, 0.060171, 0.070312, 0.076547, 0.094231, 0.099322, 0.095273, 0.079326, 0.078461, 0.068421, 0.044436, 0.015108, 0.019581, 0.052233, 0.093715, 0.146135, 0.194822, 0.231787, 0.279730, 0.310631, 0.332422, 0.349188, 0.360537, 0.404510, 0.374512, 0.380327, 0.407661, 0.384167, 0.360922, 0.354366, 0.364184, 0.393131, 0.464132, 0.495315, 0.562481, 0.646743, 0.754451, 0.866747, 1.003018, 1.147065, 1.339100, 1.449960, 1.628228, 1.794657, 1.993560, 2.206246, 2.426554, 2.661112, 2.942829, 3.126101, 3.383610, 3.645128, 3.914002, 4.210349, 4.496605, 4.765331, 4.990756, 5.215233, 5.439854, 5.600757, 5.757176, 5.775973, 5.791897, 5.844529, 5.678125, 5.558557, 5.507355, 5.212608, 5.030437, 4.842853, 4.640059, 4.410851, 4.170021, 3.956579, 3.726993, 3.502265, 3.276700, 3.064153, 2.835894, 2.628134, 2.407616, 2.183620, 1.967805, 1.767695, 1.580980, 1.392769, 1.217974, 1.061331, 0.924282, 0.801231, 0.699930, 0.593944, 0.496163, 0.426139, 0.359910, 0.306671, 0.254888, 0.183424, 0.121449, 0.074417, 0.042795, 0.009577, 0.060278, 0.117473, 0.154133, 0.186287, 0.212281, 0.252785, 0.256206, 0.311853, 0.354400, 0.376890, 0.393036, 0.390598, 0.363864, 0.330786, 0.300406, 0.253422, 0.186398, 0.151132, 0.093153, 0.052633, 0.017342, 0.012773, 0.029239, 0.047489, 0.059900, 0.061705, 0.059615, 0.068429, 0.013833, 0.074261, 0.087437, 0.108745, 0.112663, 0.190858, 0.215169, 0.251824, 0.280756, 0.311440, 0.333933, 0.354298, 0.359124, 0.380800, 0.389827, 0.316013, 0.410446, 0.424659, 0.424347, 0.442907, 0.466609, 0.472696, 0.472536, 0.474624, 0.470170, 0.475534, 0.466803, 0.462215, 0.451287, 0.444918, 0.353257, 0.441840, 0.441405, 0.445001, 0.441699, 0.447648, 0.436670, 0.422129, 0.408984, 0.400802, 0.396854, 0.306296, 0.391646, 0.388344, 0.288173, 0.218511, 0.317152, 0.234429, 0.280713, 0.135654, 0.098468, 0.143834, 0.016350, 0.070409, 0.115316, 0.157006, 0.181171, 0.226143, 0.261323, 0.288365, 0.313574, 0.347244, 0.386985, 0.452300, 0.493580, 0.532950, 0.614851, 0.676954, 0.713101, 0.734134, 0.746809, 0.754049, 0.738623, 0.716116, 0.669486, 0.578932, 0.522646, 0.447385, 0.379174, 0.314232, 0.237556, 0.194012, 0.149526, 0.121010, 0.093482, 0.070209, 0.018928, 0.017394, 0.043077, 0.119592, 0.193685, 0.278426, 0.431716, 0.569680, 0.732154, 0.881636, 1.041428, 1.208208, 1.362550, 1.500750, 1.617207, 1.733602, 1.832261, 1.922252, 1.991627, 2.036975, 2.054385, 2.052696, 2.013891, 1.961174, 1.880913, 1.820731, 1.688456, 1.614305, 1.525887, 1.458931, 1.339290, 1.293062, 1.212860, 1.201394, 1.178221, 1.004131, 1.063033, 1.018116, 0.982875, 0.937064, 0.897039, 0.874320, 0.849861, 0.838433, 0.769311, 0.835243, 0.824582, 0.809448, 0.781055, 0.762652, 0.654619, 0.698043, 0.653373, 0.624676, 0.472065, 0.482512, 0.486644, 0.322675, 0.373259, 0.326599, 0.194353, 0.259867, 0.150890, 0.142220, 0.214962, 0.101088, 0.100765, 0.102999, 0.119618, 0.155360, 0.193691, 0.255646, 0.320167, 0.405381, 0.489947, 0.559294, 0.628574, 0.695639, 0.744832, 0.787904, 0.819340, 0.831269, 0.820275, 0.800469, 0.762258, 0.707743, 0.639415, 0.566914, 0.490824, 0.394030, 0.295779, 0.185295, 0.066383, 0.053620, 0.171268, 0.348880, 0.520050, 0.643696, 0.803083, 0.909296, 1.012976, 1.083575, 1.147009, 1.190533, 1.221479, 1.237964, 1.230413, 1.224274, 1.203587, 1.204695, 1.193426, 1.189856, 1.177056, 1.181222, 1.185013, 1.200130, 1.209201, 1.203132, 1.192237, 1.163750, 1.128921, 1.065903, 1.008418, 0.934892, 0.863534, 0.780419, 0.695421, 0.625457, 0.552956, 0.477539, 0.415665, 0.338139, 0.272511, 0.202080, 0.083178, 0.051895, 0.177880, 0.302201, 0.471926, 0.649608, 0.828626, 0.995638, 1.136397, 1.258549, 1.392310, 1.471449, 1.538493, 1.588291, 1.614259, 1.644403, 1.659307, 1.674118, 1.692373, 1.718401, 1.754679, 1.784491, 1.823336, 1.842200, 1.790835, 1.847586, 1.831699, 1.802288, 1.759368, 1.685787, 1.591667, 1.487703, 1.377631, 1.215022, 1.132913, 1.046018, 0.973657, 0.891835, 0.819347, 0.653494, 0.655855, 0.579334, 0.497621, 0.415301, 0.310881, 0.180602, 0.076774, 0.124994, 0.284141, 0.575706, 0.735710, 0.895762, 1.029172, 1.182846, 1.285614, 1.387381, 1.450500, 1.495889, 1.518822, 1.530033, 1.540950, 1.536458, 1.572707, 1.582885, 1.603793, 1.630742, 1.647669, 1.677129, 1.707396, 1.727286, 1.728021, 1.716220, 1.673231, 1.599356, 1.511752, 1.402169, 1.236330, 1.149969, 1.039152, 0.931881, 0.847045, 0.757889, 0.715170, 0.669359, 0.653749, 0.653922, 0.659616, 0.677677, 0.707211, 0.747899, 0.780138, 0.801077, 0.820273, 0.806242, 0.836382, 0.823980, 0.825365, 0.757432, 0.769227, 0.725888, 0.687315, 0.644939, 0.611638, 0.579929, 0.563960, 0.531590, 0.501638, 0.453227, 0.395362, 0.303704, 0.217789, 0.120705, 0.020776, 0.080078, 0.116335, 0.269421, 0.370918, 0.439957, 0.561343, 0.676228, 0.747410, 0.846699, 0.935471, 0.997530, 1.048975, 1.100126, 1.115387, 1.070964, 1.022895, 0.810456, 0.835904, 0.711826, 0.583612, 0.432666, 0.284370, 0.117910, 0.035131, 0.177342, 0.322552, 0.415871, 0.583206, 0.505069, 0.476781, 0.417037, 0.362450, 0.155296, 0.000486, 0.188772, 0.422018, 0.621152, 0.846568, 1.006821, 1.255071, 1.474423, 1.651660, 1.856128, 2.063519, 2.239388, 2.458917, 2.591686, 2.766787, 2.995393, 3.085757, 3.227144, 3.365671, 3.487577, 3.605182, 3.705729, 3.794753, 3.869471, 3.914462, 3.945683, 3.950469, 3.958120, 3.938459, 3.887822, 3.838740, 3.774127, 3.689962, 3.605469, 3.515273, 3.428109, 3.338684, 3.259882, 3.185163, 3.118847, 3.054881, 2.987743, 2.926935, 2.854691, 2.773230, 2.692295, 2.610592, 2.522340, 2.447814, 2.376346, 2.319019, 2.274146, 2.241689, 2.220277, 2.229096, 2.186467, 2.165862, 2.158147, 2.147344, 2.117537, 2.081277, 2.048363, 1.990299, 1.938924, 1.898909, 1.848847, 1.800191, 1.763445, 1.687132, 1.690672, 1.653035, 1.626506, 1.586531, 1.537966, 1.485484, 1.427029, 1.366808, 1.288944, 1.212298, 1.132611, 1.073726, 1.021829, 0.996814, 0.972048, 0.984285, 0.978244, 0.984889, 0.995418, 1.012764, 1.039020, 1.080902, 1.117173, 1.147722, 1.187695, 1.249199, 1.304668, 1.355391, 1.421422, 1.481550, 1.525585, 1.577816, 1.621895, 1.655917, 1.695376, 1.656665, 1.790186, 1.828831, 1.871727, 1.928847, 1.965531, 2.001153, 2.042466, 2.086120, 2.119132, 2.146665, 2.168682, 2.181524, 2.187597, 2.191485, 2.100111, 2.205602, 2.219443, 2.237940, 2.243529, 2.263432, 2.269193, 2.256476, 2.240064, 2.119816, 2.193474, 2.145407, 1.972687, 2.022216, 1.945795, 1.717209, 1.721812, 1.597094, 1.335259, 1.353587, 1.111603, 1.038501, 1.094398, 0.932377, 0.905602, 0.940540, 0.773427, 0.715129, 0.647668, 0.560936, 0.487212, 0.422620, 0.363707, 0.333014, 0.311116, 0.303916, 0.325307, 0.354735, 0.399521, 0.475241, 0.504246, 0.564409, 0.624001, 0.681616, 0.740252, 0.805966, 0.844323, 0.849046, 0.858833, 0.868244, 0.828054, 0.795815, 0.761381, 0.707000, 0.654270, 0.608872, 0.571135, 0.574028, 0.533653, 0.557002, 0.580600, 0.609480, 0.636497, 0.650167, 0.656701, 0.629182, 0.559769, 0.480432, 0.373712, 0.270768, 0.160881, 0.061480, 0.018907, 0.084782, 0.151220, 0.191632, 0.249119, 0.309102, 0.373434, 0.439504, 0.508010, 0.582142, 0.673966, 0.776534, 0.866704, 0.978421, 1.079393, 1.175235, 1.259402, 1.341806, 1.505467, 1.488794, 1.541763, 1.597038, 1.651545, 1.705063, 1.753388, 1.786262, 1.879795, 1.825737, 1.843726, 1.765337, 1.714653, 1.651430, 1.493075, 1.363028, 1.231548, 1.074791, 0.907263, 0.761300, 0.615598, 0.445722, 0.310365, 0.175977, 0.072219, 0.041256, 0.121873, 0.200848, 0.304220, 0.366759, 0.464187, 0.526012, 0.571069, 0.591443, 0.607901, 0.622937, 0.608575, 0.610349, 0.583545, 0.558393, 0.508373, 0.466382, 0.436748, 0.388875, 0.352200, 0.256150, 0.229389, 0.206009, 0.182900, 0.169371, 0.161919, 0.161720, 0.183743, 0.213706, 0.264847, 0.323125, 0.408842, 0.512742, 0.616662, 0.736096, 0.850747, 0.969444, 1.095325, 1.226571, 1.351896, 1.465545, 1.586395, 1.662165, 1.741042, 1.837737, 1.928024, 2.033514, 2.137478, 2.255380, 2.370650, 2.486038, 2.597431, 2.693331, 2.776769, 2.839689, 2.875908, 2.893012, 2.908992, 2.901794, 2.884913, 2.853882, 2.817342, 2.765507, 2.703955, 2.625574, 2.462440, 2.322710, 2.275306, 2.105821, 1.921032, 1.726852, 1.517922, 1.289520, 1.034846, 0.784382, 0.507668, 0.220396, 0.080231, 0.382035, 0.684981, 0.976262, 1.466070, 1.564544, 1.822710, 2.072861, 2.301095, 2.490527, 2.658783, 2.792016, 2.892630, 2.973929, 3.001294, 2.995682, 2.954343, 2.868393, 2.753487, 2.577869, 2.453321, 2.249412, 2.070574, 1.881477, 1.661420, 1.448516, 1.210543, 0.936606, 0.616680, 0.350046, 0.054579, 0.244067, 0.547257, 0.849341, 1.150076, 1.457986, 1.754324, 2.031018, 2.276761, 2.527609, 2.761445, 2.961513, 3.202715, 3.347604, 3.524069, 3.701573, 3.850905, 3.958548, 4.030391, 4.058718, 4.060784, 4.045411, 3.984414, 3.936658, 3.912134, 3.762057, 3.683017, 3.601608, 3.523671, 3.449048, 3.353190, 3.248280, 3.115894, 2.957426, 2.767959, 2.568880, 2.342617, 2.116559, 1.895882, 1.706940, 1.519681, 1.366439, 1.245262, 1.122775, 1.008928, 0.907194, 0.789181, 0.692633, 0.587825, 0.488214, 0.376919, 0.274054, 0.183781, 0.135232, 0.083659, 0.060206, 0.052633, 0.053418, 0.057729, 0.068665, 0.060081, 0.069460, 0.014768, 0.094036, 0.194925, 0.293155, 0.409162, 0.519623, 0.636059, 0.748142, 0.901872, 1.010340, 1.096901, 1.150243, 1.175265, 1.143435, 1.078668, 0.964623, 0.832176, 0.635768, 0.452854, 0.170793, 0.135108, 0.408461, 0.695289, 0.986160, 1.274998, 1.552035, 1.831131, 2.100731, 2.412591, 2.620509, 2.847685, 3.072217, 3.277171, 3.392893, 3.623659, 3.792861, 3.917160, 4.011884, 4.060038, 4.080904, 4.069280, 4.048026, 3.992471, 3.911640, 3.799741, 3.663912, 3.508249, 3.336704, 3.132187, 2.752447, 2.750214, 2.547228, 2.382949, 2.246204, 2.129326, 2.038403, 1.958707, 1.886978, 1.829914, 1.758648, 1.676058, 1.607279, 1.532612, 1.341877, 1.266446, 1.203033, 1.134514, 1.189500, 1.129256, 0.960553, 0.929038, 1.006182, 0.878545, 0.838458, 0.794450, 0.743014, 0.690973, 0.633637, 0.575468, 0.507089, 0.444378, 0.374946, 0.307960, 0.266009, 0.229628, 0.163523, 0.124288, 0.069778, 0.030605, 0.032850, 0.107035, 0.204255, 0.319282, 0.456110, 0.599754, 0.736755, 0.877572, 0.979044, 1.112572, 1.207568, 1.291894, 1.383144, 1.474739, 1.627088, 1.661883, 1.762395, 1.873419, 1.993750, 2.105631, 2.217793, 2.311320, 2.370929, 2.420039, 2.456653, 2.484924, 2.498446, 2.498982, 2.496328, 2.489344, 2.472239, 2.442300, 2.407401, 2.365194, 2.321677, 2.257658, 2.189691, 2.130644, 2.051920, 1.952325, 1.851597, 1.735608, 1.604841, 1.463696, 1.260541, 1.108605, 0.953385, 0.790633, 0.627572, 0.465512, 0.302451, 0.136072, 0.025122, 0.190281, 0.352819, 0.491043, 0.650806, 0.764958, 0.889530, 1.009602, 1.100528, 1.194479, 1.140797, 1.221622, 1.295175, 1.316154, 1.420914, 1.472004, 1.509915, 1.524823, 1.536881, 1.539339, 1.518576, 1.481414, 1.434138, 1.387976, 1.325337, 1.271567, 1.194438, 1.075953, 0.860968, 0.863926, 0.728667, 0.583601, 0.407645, 0.224438, 0.056087, 0.120715, 0.293736, 0.455224, 0.598717, 0.735294, 0.981213, 1.015451, 1.138840, 1.359898, 1.375731, 1.484535, 1.681222, 1.674233, 1.754898, 1.903278, 1.952985, 1.970838, 1.956400, 1.926773, 1.870859, 1.786411, 1.675368, 1.529262, 1.386515, 1.202798, 1.002983, 0.806380, 0.609018, 0.404411, 0.176413, 0.075950, 0.337216, 0.579738, 0.802981, 1.022179, 1.269765, 1.513429, 1.750495, 1.994169, 2.190130, 2.412981, 2.637362, 2.863187, 3.088777, 3.316410, 3.506334, 3.641658, 3.783268, 3.893006, 3.993648, 4.065968, 4.125367, 4.166495, 4.185901, 4.124606, 4.184957, 4.183037, 4.183760, 4.170137, 4.138081, 4.063235, 3.960592, 3.846482, 3.707627, 3.556265, 3.404938, 3.259939, 3.121031, 2.989096, 2.842673, 2.628291, 2.578409, 2.416164, 2.256849, 2.093873, 1.925485, 1.762802, 1.598889, 1.433102, 1.293721, 1.173965, 1.067907, 0.999262, 0.935466, 0.915119, 0.912271, 0.848503, 0.967737, 1.024029, 1.100751, 1.195208, 1.281470, 1.364268, 1.451843, 1.536184, 1.593109, 1.638065, 1.647367, 1.627743, 1.605769, 1.581477, 1.388109, 1.468961, 1.416726, 1.348280, 1.266219, 1.178203, 1.065588, 0.932406, 0.774616, 0.433106, 0.450642, 0.274046, 0.107315, 0.024585, 0.276424, 0.198816, 0.343696, 0.322646, 0.172575, 0.110299, 0.125461, 0.065068, 0.178083, 0.153876, 0.333851, 0.314966, 0.363480, 0.525345, 0.429913, 0.437577, 0.577967, 0.480805, 0.510040, 0.562892, 0.638932, 0.724032, 0.814924, 0.915774, 1.005972, 1.066699, 1.105313, 1.076786, 1.039076, 0.981668, 0.895142, 0.805032, 0.723932, 0.658837, 0.615569, 0.569814, 0.546959, 0.553238, 0.564579, 0.555664, 0.573978, 0.608603, 0.625349, 0.691825, 0.770761, 0.895510, 1.021702, 1.161507, 1.338964, 1.453735, 1.585965, 1.715046, 1.832857, 1.922912, 2.003811, 2.051692, 2.061786, 2.033828, 1.990917, 1.927917, 1.843832, 1.735581, 1.622638, 1.401724, 1.355562, 1.268448, 1.046330, 0.870224, 0.689543, 0.517083, 0.348802, 0.159098, 0.013040, 0.173873, 0.319920, 0.448210, 0.574483, 0.678317, 0.755789, 0.827928, 0.864631, 0.884168, 0.894396, 0.888962, 0.810956, 0.756947, 0.683749, 0.594991, 0.503037, 0.413497, 0.318012, 0.231436, 0.274126, 0.110216, 0.084813, 0.069887, 0.047263, 0.024125, 0.009282, 0.009963, 0.074277, 0.035164, 0.016421, 0.020829, 0.069962, 0.115956, 0.171428, 0.359863, 0.258267, 0.300971, 0.495613, 0.430688, 0.515414, 0.763285, 0.711026, 0.822037, 1.099190, 1.073319, 1.197464, 1.484279, 1.448769, 1.689967, 1.771141, 1.715684, 1.905481, 1.961432, 1.889896, 2.083348, 2.168897, 2.237383, 2.335008, 2.413362, 2.487591, 2.536031, 2.566702, 2.560307, 2.515736, 2.433105, 2.339993, 2.222716, 2.082350, 1.931089, 1.822630, 1.744394, 1.658856, 1.565908, 1.496788, 1.415634, 1.340312, 1.273149, 1.208596, 1.154980, 1.118892, 1.082273, 1.050117, 1.010703, 0.966980, 0.938968, 0.911385, 0.891755, 0.909263, 0.927111, 0.944516, 0.962012, 0.980169, 0.984005, 0.968768, 0.925426, 0.866565, 0.785965, 0.707583, 0.643407, 0.597635, 0.550585, 0.510731, 0.506932, 0.489545, 0.524483, 0.550464, 0.584780, 0.612436, 0.649448, 0.760232, 0.703972, 0.722989, 0.746776, 0.761379, 0.774731, 0.770171, 0.755925, 0.771377, 0.836674, 0.793338, 0.811160, 0.833881, 0.845795, 0.859381, 0.967988, 0.900911, 0.915538, 0.932401, 0.945709, 0.959739, 0.949531, 0.927189, 0.914037, 0.876472, 0.829429, 0.767596, 0.714641, 0.651921, 0.610194, 0.594278, 0.470754, 0.393069, 0.325970, 0.247184, 0.191313, 0.206795, 0.081795, 0.122334, 0.021064, 0.015628, 0.093300, 0.001606, 0.005136, 0.127874, 0.165663, 0.195813, 0.245678, 0.191247, 0.369929, 0.443135, 0.537866, 0.652218, 0.777762, 0.897164, 1.008154, 1.122225, 1.227576, 1.330128, 1.420661, 1.504483, 1.574731, 1.640809, 1.687749, 1.732016, 1.765927, 1.778177, 1.781248, 1.769719, 1.752239, 1.711737, 1.655017, 1.596318, 1.515654, 1.429151, 1.327836, 1.208464, 1.068864, 0.930774, 0.782482, 0.612381, 0.453285, 0.308909, 0.159227, 0.013442, 0.151547, 0.301333, 0.438520, 0.584203, 0.709243, 0.840191, 0.965596, 1.109503, 1.267284, 1.446380, 1.561267, 1.656448, 1.751112, 1.807394, 1.832390, 1.849096, 1.835795, 1.815910, 1.780694, 1.741953, 1.701691, 1.572548, 1.635111, 1.606729, 1.574840, 1.546976, 1.506923, 1.461193, 1.424024, 1.405149, 1.383520, 1.368210, 1.353610, 1.276577, 1.290436, 1.237804, 1.168350, 0.964681, 1.022243, 0.951154, 0.898729, 0.857884, 0.819047, 0.780613, 0.760259, 0.734789, 0.692363, 0.655041, 0.608008, 0.561550, 0.497790, 0.443333, 0.255327, 0.320550, 0.261124, 0.063466, 0.011360, 0.033127, 0.208379, 0.150984, 0.330044, 0.401475, 0.387950, 0.614224, 0.782476, 0.856004, 1.245043, 1.527272, 1.686748, 2.136595, 2.440956, 2.753286, 3.065785, 3.355271, 3.648021, 3.958165, 4.257788, 4.598909, 4.947869, 5.320816, 5.718147, 6.134503, 6.568148, 7.013477, 7.480932, 7.954506, 8.427801, 8.905846, 9.374076, 9.804824, 10.239386, 10.632450, 10.960945, 11.274643, 11.583241, 11.763973, 11.905372, 11.966809, 11.968083, 11.889964, 11.706994, 11.447200, 11.127502, 10.735553, 10.298711, 9.806695, 9.288476, 8.718238, 8.113857, 7.471135, 6.798491, 6.074768, 5.328029, 4.574972, 3.792570, 2.997021, 2.207040, 1.144247, 0.667164, 0.044876, 0.712874, 1.328214, 1.861380, 2.331174, 2.711926, 3.044774, 3.316086, 3.535521, 3.701151, 3.825566, 3.878883, 3.895010, 3.824663, 3.692900, 3.523742, 3.302067, 3.040039, 2.762331, 2.409799, 2.036106, 1.624498, 1.213308, 0.794308, 0.356009, 0.013661, 0.341903, 0.652459, 0.951427, 1.213742, 1.476235, 1.760616, 2.023535, 2.283539, 2.528787, 2.691849, 2.845454, 2.991976, 3.121295, 3.197507, 3.356698, 3.429667, 3.467581, 3.484567, 3.476955, 3.456836, 3.409527, 3.321529, 3.237397, 3.132443, 3.008621, 2.732455, 2.714397, 2.556937, 2.249474, 2.084246, 2.041477, 1.867777, 1.704407, 1.403027, 1.369965, 1.220063, 0.968495, 0.974332, 0.841914, 0.603507, 0.617161, 0.528986, 0.348173, 0.290433, 0.202133, 0.132001, 0.069479, 0.035525, 0.026884, 0.032544, 0.038433, 0.091481, 0.159785, 0.235225, 0.331259, 0.436071, 0.548280, 0.675483, 0.731976, 0.807389, 0.875316, 0.957550, 1.062393, 1.091193, 1.158969, 1.226441, 1.290058, 1.344787, 1.390967, 1.433038, 1.446477, 1.448807, 1.442092, 1.441148, 1.431257, 1.423301, 1.419227, 1.424552, 1.446222, 1.475263, 1.519366, 1.559482, 1.597873, 1.629088, 1.653036, 1.682225, 1.683705, 1.670819, 1.643045, 1.613329, 1.574190, 1.527338, 1.483251, 1.431651, 1.388610, 1.348058, 1.327864, 1.305190, 1.285069, 1.263198, 1.247821, 1.234540, 1.201233, 1.160125, 1.109813, 1.045797, 0.965702, 0.879068, 0.785478, 0.687027, 0.564247, 0.456198, 0.358730, 0.271202, 0.199327, 0.109145, 0.042844, 0.044357, 0.129451, 0.299311, 0.302315, 0.387489, 0.465823, 0.528717, 0.574657, 0.619323, 0.665848, 0.718772, 0.770364, 0.843138, 0.934319, 1.043013, 1.172455, 1.310703, 1.564919, 1.621395, 1.792347, 1.945411, 2.095312, 2.233869, 2.374528, 2.512787, 2.626217, 2.826689, 2.916510, 2.945889, 3.142969, 3.256718, 3.282182, 3.490055, 3.637303, 3.675846, 3.900578, 4.030353, 4.145640, 4.235267, 4.282255, 4.330605, 4.352023, 4.345541, 4.339496, 4.334402, 4.316191, 4.340647, 4.358966, 4.377879, 4.399939, 4.430109, 4.483628, 4.538125, 4.583423, 4.645042, 4.694014, 4.723309, 4.761395, 4.786180, 4.800579, 4.804302, 4.784496, 4.760271, 4.731208, 4.633666, 4.552867, 4.434348, 4.316329, 4.198578, 4.080679, 3.964487, 3.847958, 3.732269, 3.617102, 3.499520, 3.389405, 3.276129, 3.160871, 3.019674, 2.827967, 2.631148, 2.418789, 2.203593, 1.977520, 1.759164, 1.540677, 1.331131, 1.122160, 0.921614, 0.704048, 0.507287, 0.312209, 0.107955, 0.071532, 0.252539, 0.444515, 0.645393, 0.846491, 1.003266, 1.173006, 1.358985, 1.483406, 1.626249, 1.732537, 1.837079, 1.940409, 2.053075, 2.149056, 2.237771, 2.292873, 2.348478, 2.393813, 2.419070, 2.460416, 2.474473, 2.470183, 2.456768, 2.363040, 2.386401, 2.374716, 2.421660, 2.443331, 2.405180, 2.478450, 2.497583, 2.536576, 2.583310, 2.628973, 2.655618, 2.780020, 2.861401, 2.922806, 3.051834, 3.159703, 3.201427, 3.306462, 3.330312, 3.374125, 3.455116, 3.422724, 3.426677, 3.463097, 3.426311, 3.422283, 3.460197, 3.387085, 3.366057, 3.356651, 3.328094, 3.286973, 3.261742, 3.216272, 3.161630, 3.106358, 3.034327, 2.969161, 2.890862, 2.788957, 2.675033, 2.559669, 2.433826, 2.307144, 2.173735, 2.046658, 1.916471, 1.768351, 1.644877, 1.531753, 1.409630, 1.291078, 1.197071, 1.084507, 0.985157, 0.868020, 0.756251, 0.661211, 0.562771, 0.464110, 0.353520, 0.267701, 0.191698, 0.125972, 0.047955, 0.017151, 0.058697, 0.132301, 0.144079, 0.183722, 0.229025, 0.269427, 0.319240, 0.376919, 0.429098, 0.498330, 0.548443, 0.599580, 0.646959, 0.684309, 0.709678, 0.726516, 0.741951, 0.747471, 0.739050, 0.725920, 0.699362, 0.673252, 0.626715, 0.578433, 0.528495, 0.483650, 0.413590, 0.351277, 0.292479, 0.223992, 0.160902, 0.088871, 0.010382, 0.074941, 0.155149, 0.232430, 0.326519, 0.407139, 0.502394, 0.579133, 0.636208, 0.696862, 0.750493, 0.784144, 0.741010, 0.836200, 0.845012, 0.850126, 0.844491, 0.841117, 0.828562, 0.822950, 0.830092, 0.861160, 0.865646, 0.860664, 0.855654, 0.833428, 0.749190, 0.694485, 0.753493, 0.713134, 0.574689, 0.529676, 0.593520, 0.465684, 0.453679, 0.491800, 0.344839, 0.287195, 0.346512, 0.191163, 0.150647, 0.107615, 0.066664, 0.025508, 0.016160, 0.005537, 0.025964, 0.057741, 0.085849, 0.123345, 0.148031, 0.175859, 0.186640, 0.186388, 0.170337, 0.115421, 0.026868, 0.075951, 0.186924, 0.307178, 0.438373, 0.554863, 0.678272, 0.789300, 0.896701, 0.989947, 1.077580, 1.158432, 1.254461, 1.350383, 1.447460, 1.533068, 1.626918, 1.723324, 1.798757, 1.834300, 1.860556, 1.859972, 1.855983, 1.846261, 1.833233, 1.808652, 1.775754, 1.750346, 1.704560, 1.667082, 1.623772, 1.571895, 1.530250, 1.462621, 1.418572, 1.365160, 1.312123, 1.262058, 1.230643, 1.166114, 1.129442, 1.125104, 1.115157, 1.132906, 1.163755, 1.223537, 1.177477, 1.334863, 1.428206, 1.555790, 1.701241, 1.860655, 2.031820, 2.161496, 2.247124, 2.345883, 2.429479, 2.503760, 2.561141, 2.594466, 2.608703, 2.527857, 2.550023, 2.486361, 2.389203, 2.278279, 2.072737, 1.962861, 1.771318, 1.551752, 1.301635, 1.018213, 0.723811, 0.391208, 0.031245, 0.357695, 0.891203, 1.221327, 1.678066, 2.257441, 2.613565, 3.085383, 3.654506, 3.996306, 4.519943, 4.938894, 5.270525, 5.697391, 6.028926, 6.286932, 6.541983, 6.750592, 6.930586, 6.926348, 6.901354, 6.763746, 6.604388, 6.390763, 6.116076, 5.808809, 5.476830, 5.124767, 4.751919, 4.388805, 4.027864, 3.682202, 3.335124, 3.005709, 2.690791, 2.368587, 2.110547, 1.739799, 1.428266, 1.110733, 0.813643, 0.539515, 0.308083, 0.090425, 0.094703, 0.238983, 0.354148, 0.439678, 0.495400, 0.519087, 0.524177, 0.519905, 0.511853, 0.485648, 0.467488, 0.448320, 0.408516, 0.357049, 0.300447, 0.247464, 0.202356, 0.143656, 0.070066, 0.014279, 0.101290, 0.211333, 0.305298, 0.417905, 0.508805, 0.599366, 0.684189, 0.740514, 0.783127, 0.798817, 0.801567, 0.790593, 0.750980, 0.708668, 0.639593, 0.564105, 0.473060, 0.397017, 0.308793, 0.206164, 0.116343, 0.006915, 0.079447, 0.190128, 0.270708, 0.348483, 0.418170, 0.492296, 0.552070, 0.698794, 0.654694, 0.714431, 0.759805, 0.800612, 0.840180, 0.869757, 0.883160, 0.888446, 0.876178, 0.897687, 0.894686, 0.890066, 0.880598, 0.884653, 0.960944, 0.881713, 0.892793, 0.913249, 0.926161, 0.944557, 0.966001, 0.974205, 1.003544, 1.095630, 1.044096, 1.055727, 1.067787, 1.072024, 1.064448, 1.142473, 1.052713, 1.036015, 1.039688, 1.039298, 1.140979, 1.067064, 1.085923, 1.216026, 1.157787, 1.207283, 1.359987, 1.312777, 1.361627, 1.457081, 1.548856, 1.596711, 1.626814, 1.647636, 1.673883, 1.684506, 1.621536, 1.699607, 1.687012, 1.678665, 1.678738, 1.668512, 1.677878, 1.697993, 1.723835, 1.736016, 1.759008, 1.791589, 1.810232, 1.843678, 1.872825, 1.898837, 1.918692, 1.928617, 1.939739, 1.941677, 1.933669, 1.943719, 1.949069, 1.952716, 1.975055, 1.985768, 1.994231, 1.992751, 2.003189, 1.985894, 2.014662, 2.012348, 2.003756, 1.954163, 1.942996, 1.897873, 1.840936, 1.754843, 1.675160, 1.595446, 1.519022, 1.454098, 1.377196, 1.315777, 1.221560, 1.169408, 1.140716, 1.104715, 1.087375, 1.075194, 1.055234, 1.054139, 1.046134, 1.038519, 1.105995, 1.037246, 1.056877, 1.076092, 1.065782, 1.049713, 1.003433, 0.945578, 0.890691, 0.764792, 0.641144, 0.481188, 0.303570, 0.174011, 0.072692, 0.046778, 0.042952, 0.050849, 0.026029, 0.013855, 0.019560, 0.015688, 0.016697, 0.063491, 0.125078, 0.218360, 0.316936, 0.374519, 0.541103, 0.614253, 0.651947, 0.749267, 0.749922, 0.783312, 0.861964, 0.796997, 0.859111, 0.850738, 0.787239, 0.858764, 0.836556, 0.887801, 0.989722, 1.016836, 1.077026, 1.124671, 1.150281, 1.142257, 1.108399, 1.063517, 0.998446, 0.930237, 0.878636, 0.835266, 0.805545, 0.781043, 0.756958, 0.728566, 0.686840, 0.616881, 0.525721, 0.388544, 0.242839, 0.066389, 0.117170, 0.293665, 0.463654, 0.617286, 0.750450, 0.885070, 1.023766, 1.155247, 1.254789, 1.450055, 1.529999, 1.705475, 1.846217, 1.979249, 2.116272, 2.231973, 2.345956, 2.442998, 2.509625, 2.564353, 2.591595, 2.594493, 2.586723, 2.568230, 2.552506, 2.537241, 2.513402, 2.486718, 2.451960, 2.427184, 2.389635, 2.361438, 2.311644, 2.283197, 2.245390, 2.207980, 2.185796, 2.162935, 2.141566, 2.109547, 2.087950, 2.066069, 2.041989, 1.989234, 1.941387, 1.858722, 1.767541, 1.684036, 1.562716, 1.417370, 1.273443, 1.128947, 0.984057, 0.840611, 0.760773, 0.551198, 0.332469, 0.101995, 0.145040, 0.386048, 0.639814, 0.898122, 1.160865, 1.424602, 1.690670, 1.955773, 2.217431, 2.478113, 2.725507, 2.924778, 3.076062, 3.181491, 3.329778, 3.428992, 3.475017, 3.515383, 3.526508, 3.484592, 3.410432, 3.295807, 3.155161, 2.967162, 2.733526, 2.465966, 2.165313, 1.840683, 1.359217, 1.078239, 0.651378, 0.069741, 0.273426, 0.769972, 1.272902, 1.799846, 2.324202, 2.849088, 3.361041, 3.962308, 4.351269, 4.830766, 5.364192, 5.811350, 6.158866, 6.619862, 6.912070, 7.289444, 7.522522, 7.751928, 7.957415, 8.131280, 8.273881, 8.304994, 8.334212, 8.414776, 8.326775, 8.266336, 8.191492, 8.117115, 7.922985, 7.738465, 7.531918, 7.315188, 7.075225, 6.853105, 6.618087, 6.374193, 6.147792, 5.930923, 5.706090, 5.495073, 5.292668, 5.110771, 4.921176, 4.743884, 4.583325, 4.435437, 4.301392, 4.172488, 4.042584, 3.910435, 3.820233, 3.718805, 3.642900, 3.587516, 3.526935, 3.489128, 3.443492, 3.394504, 3.356773, 3.296894, 3.245278, 3.202994, 3.153636, 3.111725, 3.075006, 3.045195, 3.005840, 2.957361, 2.896341, 2.822639, 2.728005, 2.617016, 2.499312, 2.377570, 2.234265, 2.079718, 1.925725, 1.756098, 1.596527, 1.417323, 1.247516, 1.075474, 0.915458, 0.752879, 0.604110, 0.456912, 0.319899, 0.201718, 0.101492, 0.022253, 0.049297, 0.086433, 0.108955, 0.108549, 0.083315, 0.055738, 0.023550, 0.025366, 0.087415, 0.163313, 0.238929, 0.244500, 0.438935, 0.528946, 0.627920, 0.756508, 0.887191, 1.027836, 1.176394, 1.325317, 1.474888, 1.626394, 1.770256, 1.904932, 2.036254, 2.147831, 2.151239, 2.220867, 2.416638, 2.483435, 2.385922, 2.430759, 2.591538, 2.475126, 2.479364, 2.484629, 2.489247, 2.535845, 2.495102, 2.501400, 2.508929, 2.517585, 2.504701, 2.493852, 2.482076, 2.471595, 2.446809, 2.418896, 2.372226, 2.317051, 2.274938, 2.122703, 2.008672, 1.859030, 1.698076, 1.625946, 1.327198, 1.111699, 0.920945, 0.730983, 0.554046, 0.394711, 0.259570, 0.144846, 0.076729, 0.022493, 0.006597, 0.029563, 0.027816, 0.012165, 0.072481, 0.160780, 0.248026, 0.349231, 0.471881, 0.613816, 0.764981, 0.925380, 1.115313, 1.303037, 1.481035, 1.640193, 1.783508, 1.900553, 2.008146, 2.091707, 2.188847, 2.254616, 2.309127, 2.373268, 2.428518, 2.464537, 2.479521, 2.479514, 2.487748, 2.469927, 2.409625, 2.327089, 2.228799, 2.120224, 2.013648, 1.908178, 1.644768, 1.738716, 1.688905, 1.641240, 
,,,0.014625, 0.040876, 0.059334, 0.086831, 0.105243, 0.119842, 0.133021, 0.145722, 0.158965, 0.171855, 0.184730, 0.197505, 0.210621, 0.223523, 0.236300, 0.252592, 0.270507, 0.285313, 0.302024, 0.318380, 0.335063, 0.351734, 0.368447, 0.385126, 0.401682, 0.418507, 0.435086, 0.456153, 0.468742, 0.485533, 0.501745, 0.520052, 0.535144, 0.551790, 0.568459, 0.585237, 0.601794, 0.618471, 0.635194, 0.651902, 0.668557, 0.685199, 0.703103, 0.718909, 0.735702, 0.752694, 0.770963, 0.785505, 0.802246, 0.818956, 0.835513, 0.852300, 0.869211, 0.887018, 0.902385, 0.918952, 0.935659, 0.952615, 0.969164, 0.985854, 1.004158, 1.020907, 1.035824, 1.052487, 1.069098, 1.087210, 1.102465, 1.119070, 1.135771, 1.152420, 1.169101, 1.190226, 1.202814, 1.219245, 1.235901, 1.252999, 1.270893, 1.286024, 1.302777, 1.319337, 1.336110, 1.352730, 1.369534, 1.386095, 1.402830, 1.419529, 1.436319, 1.452840, 1.470134, 1.486252, 1.502840, 1.520870, 1.536318, 1.552927, 1.569623, 1.587125, 1.603110, 1.619749, 1.636341, 1.652870, 1.669482, 1.687223, 1.702860, 1.719754, 1.737762, 1.753083, 1.770910, 1.786353, 1.802978, 1.821176, 1.836305, 1.853004, 1.869694, 1.886358, 1.903083, 1.919685, 1.936517, 1.955375, 1.970369, 1.986512, 2.003148, 2.021947, 2.036580, 2.053230, 2.069943, 2.086499, 2.103294, 2.119926, 2.136585, 2.153334, 2.170957, 2.186921, 2.203502, 2.220162, 2.238107, 2.253656, 2.272043, 2.286731, 2.307352, 2.320238, 2.336730, 2.353496, 2.370074, 2.387598, 2.403543, 2.420209, 2.436852, 2.454167, 2.470364, 2.487357, 2.503917, 2.521907, 2.537184, 2.553898, 2.570571, 2.587163, 2.603783, 2.620484, 2.637179, 2.653951, 2.670976, 2.687304, 2.704519, 2.721166, 2.737252, 2.753919, 2.774005, 2.787357, 2.804026, 2.820719, 2.837376, 2.856541, 2.870916, 2.887378, 2.904215, 2.920777, 2.938408, 2.954472, 2.971344, 2.987566, 3.004141, 3.020900, 3.042950, 3.056305, 3.070850, 3.089005, 3.104473, 3.121047, 3.137718, 3.154278, 3.170900, 3.187581, 3.204206, 3.221257, 3.237386, 3.254134, 3.270906, 3.288462, 3.306108, 3.321777, 3.337693, 3.354218, 3.370843, 3.387553, 3.404338, 3.421006, 3.437722, 3.454495, 3.471440, 3.487673, 3.504281, 3.521989, 3.537848, 3.555992, 3.571161, 3.587788, 3.606318, 3.621384, 3.638099, 3.654877, 3.673027, 3.688690, 3.705878, 3.721665, 3.738440, 3.754832, 3.775223, 3.789211, 3.807026, 3.821550, 3.838271, 3.854890, 3.871567, 3.888223, 3.904986, 3.921691, 3.939130, 3.955432, 3.971593, 3.988101, 4.005539, 4.021489, 4.038255, 4.056948, 4.071464, 4.088238, 4.104935, 4.121535, 4.138273, 4.154905, 4.171732, 4.188401, 4.206365, 4.221710, 4.238441, 4.255107, 4.273275, 4.288816, 4.306953, 4.322045, 4.340223, 4.355386, 4.372048, 4.388800, 4.405499, 4.425170, 4.439335, 4.455921, 4.472455, 4.489088, 4.509404, 4.522521, 4.538891, 4.558754, 4.572639, 4.589057, 4.605633, 4.622309, 4.638956, 4.656693, 4.672565, 4.689619, 4.706127, 4.722413, 4.739120, 4.755772, 4.772619, 4.790270, 4.807954, 4.822947, 4.839642, 4.856313, 4.872954, 4.889999, 4.908710, 4.923377, 4.940419, 4.958165, 4.973289, 4.990024, 5.006544, 5.023380, 5.039997, 5.058868, 5.074239, 5.090180, 5.106847, 5.123486, 5.140138, 5.156824, 5.174106, 5.190690, 5.206834, 5.223543, 5.240267, 5.257041, 5.273564, 5.290151, 5.308859, 5.323564, 5.340290, 5.356863, 5.374550, 5.390450, 5.407010, 5.423578, 5.441902, 5.457013, 5.473723, 5.490398, 5.507090, 5.523731, 5.540410, 5.558911, 5.574707, 5.590635, 5.607335, 5.623890, 5.640584, 5.657334, 5.675337, 5.690884, 5.707391, 5.723927, 5.740507, 5.757776, 5.773772, 5.790413, 5.807057, 5.824934, 5.840373, 5.857049, 5.873845, 5.890408, 5.907214, 5.924139, 5.940307, 5.957082, 5.973581, 5.990914, 6.006882, 6.023167, 6.039869, 6.056611, 6.073144, 6.092728, 6.106639, 6.123334, 6.140815, 6.156705, 6.173847, 6.190174, 6.206816, 6.223678, 6.240318, 6.256946, 6.273614, 6.290234, 6.306905, 6.323602, 6.341871, 6.357102, 6.373617, 6.390485, 6.407039, 6.424100, 6.440402, 6.457075, 6.473636, 6.490358, 6.506956, 6.524572, 6.540641, 6.557160, 6.573891, 6.592747, 6.607347, 6.623899, 6.640519, 6.657807, 6.673658, 6.690435, 6.706963, 6.723618, 6.740211, 6.756880, 6.773634, 6.790211, 6.806948, 6.823690, 6.841641, 6.856957, 6.873694, 6.890402, 6.907038, 6.924142, 6.941645, 6.957250, 6.973823, 6.991346, 7.007319, 7.023911, 7.040564, 7.057343, 7.074132, 7.091846, 7.107332, 7.124099, 7.140878, 7.157404, 7.174100, 7.190579, 7.207337, 7.224025, 7.240583, 7.257400, 7.273901, 7.290486, 7.307113, 7.323717, 7.342804, 7.357299, 7.374215, 7.390946, 7.407525, 7.424758, 7.440880, 7.457606, 7.474221, 7.490867, 7.507618, 7.524303, 7.540951, 7.557656, 7.574317, 7.592797, 7.607641, 7.624421, 7.641335, 7.658746, 7.674766, 7.691941, 7.708051, 7.726668, 7.741497, 7.758096, 7.774748, 7.791480, 7.808136, 7.824862, 7.843078, 7.858355, 7.875761, 7.891934, 7.908263, 7.924961, 7.941523, 7.958220, 7.974992, 7.991680, 8.008502, 8.025140, 8.041900, 8.058646, 8.075359, 8.093754, 8.110189, 8.125872, 8.142247, 8.158778, 8.175467, 8.192065, 8.208676, 8.225440, 8.242070, 8.258716, 8.277207, 8.295548, 8.312768, 8.328660, 8.345967, 8.361840, 8.380618, 8.400836, 8.425985, 8.444666, 8.462976, 8.482508, 8.503881, 8.522142, 8.539134, 8.553415, 8.567768, 8.581153, 8.595752, 8.609294, 8.622759, 8.635636, 8.649404, 8.663129, 8.676169, 8.692427, 8.709137, 8.726771, 8.742563, 8.759141, 8.775891, 8.792499, 8.809188, 8.825904, 8.842940, 8.860798, 8.876439, 8.893066, 8.909285, 8.926000, 8.942631, 8.959332, 8.975993, 8.992641, 9.010260, 9.026225, 9.042869, 9.059459, 9.076266, 9.093724, 9.110968, 9.126878, 9.143076, 9.159825, 9.176479, 9.193327, 9.209976, 9.226613, 9.243292, 9.259989, 9.276675, 9.293286, 9.311071, 9.329520, 9.343535, 9.361724, 9.377258, 9.393827, 9.410024, 9.426721, 9.443428, 9.460166, 9.476689, 9.493248, 9.509888, 9.526377, 9.543000, 9.560905, 9.577488, 9.593432, 9.611808, 9.626749, 9.643775, 9.659979, 9.676891, 9.693585, 9.710274, 9.726945, 9.744464, 9.760417, 9.776951, 9.793473, 9.810210, 9.826949, 9.843939, 9.861636, 9.877426, 9.893927, 9.910328, 9.926955, 9.943606, 9.960307, 9.976901, 9.993641, 10.010273, 10.026876, 10.043631, 10.060303, 10.077148, 10.093678, 10.112636, 10.127107, 10.143691, 10.160471, 10.176972, 10.193755, 10.210486, 10.227014, 10.243997, 10.260585, 10.277133, 10.293756, 10.310592, 10.327250, 10.343917, 10.362604, 10.377708, 10.393864, 10.410550, 10.427243, 10.443891, 10.460631, 10.477262, 10.494001, 10.510674, 10.527355, 10.544016, 10.560703, 10.579156, 10.594905, 10.610922, 10.629721, 10.644977, 10.661214, 10.677541, 10.694297, 10.711807, 10.727919, 10.744382, 10.761105, 10.778608, 10.794545, 10.811092, 10.827794, 10.844551, 10.861745, 10.879740, 10.894087, 10.910782, 10.927432, 10.944077, 10.961631, 10.977558, 10.994135, 11.010803, 11.027537, 11.044136, 11.060898, 11.077503, 11.094737, 11.110955, 11.129669, 11.144300, 11.160971, 11.177639, 11.194396, 11.210953, 11.227502, 11.244342, 11.260960, 11.278471, 11.294533, 11.311127, 11.327747, 11.344967, 11.361654, 11.379614, 11.394609, 11.411366, 11.428881, 11.444857, 11.461421, 11.478159, 11.494769, 11.511499, 11.528069, 11.544826, 11.561635, 11.578346, 11.595111, 11.611637, 11.629624, 11.644903, 11.661458, 11.678300, 11.694846, 11.711709, 11.728206, 11.744956, 11.761607, 11.778244, 11.795119, 11.811684, 11.828900, 11.845132, 11.862012, 11.879609, 11.894990, 11.911797, 11.929157, 11.945188, 11.961629, 11.978424, 11.995046, 12.011541, 12.028298, 12.045960, 12.061503, 12.078227, 12.094647, 12.111798, 12.128001, 12.146639, 12.165229, 12.178252, 12.194665, 12.211345, 12.227996, 12.244426, 12.261076, 12.277747, 12.294495, 12.311215, 12.328026, 12.344636, 12.361249, 12.377872, 12.396470, 12.411200, 12.427888, 12.444587, 12.462136, 12.478102, 12.495487, 12.511478, 12.529583, 12.545314, 12.561795, 12.578344, 12.595369, 12.612560, 12.628270, 12.646730, 12.661460, 12.678125, 12.694690, 12.712164, 12.728036, 12.744580, 12.761220, 12.777957, 12.794591, 12.813358, 12.828060, 12.845366, 12.861363, 12.878059, 12.896564, 12.912283, 12.929067, 12.944989, 12.962533, 12.979136, 12.995163, 13.011766, 13.028392, 13.045413, 13.061848, 13.078514, 13.095574, 13.111780, 13.128420, 13.146693, 13.161671, 13.178362, 13.194998, 13.211649, 13.229251, 13.245234, 13.263857, 13.278414, 13.295196, 13.311912, 13.329035, 13.345639, 13.362637, 13.378642, 13.396661, 13.411878, 13.428564, 13.445184, 13.461884, 13.478627, 13.495190, 13.511894, 13.528643, 13.545679, 13.561997, 13.579151, 13.596110, 13.612134, 13.628697, 13.646568, 13.662039, 13.678737, 13.695372, 13.712325, 13.728800, 13.745385, 13.762251, 13.778973, 13.796704, 13.812594, 13.829751, 13.845883, 13.862569, 13.879289, 13.897587, 13.912603, 13.929234, 13.945915, 13.962626, 13.979241, 13.995945, 14.012593, 14.029287, 14.049561, 14.063003, 14.080054, 14.096141, 14.112772, 14.129494, 14.147653, 14.162829, 14.181241, 14.196356, 14.213167, 14.229894, 14.246648, 14.263180, 14.279951, 14.296615, 14.313841, 14.329979, 14.346601, 14.363268, 14.379981, 14.398492, 14.413421, 14.431004, 14.447792, 14.463759, 14.480285, 14.497073, 14.513712, 14.530325, 14.547126, 14.564179, 14.580337, 14.597179, 14.613694, 14.630310, 14.648565, 14.663426, 14.680268, 14.696932, 14.713658, 14.730243, 14.746935, 14.763676, 14.780281, 14.797487, 14.814167, 14.830387, 14.847004, 14.863564, 14.880262, 14.899356, 14.915911, 14.936167, 14.948830, 14.963680, 14.980372, 14.997070, 15.013903, 15.030794, 15.047537, 15.064371, 15.080498, 15.097216, 15.113770, 15.130509, 15.152473, 15.164910, 15.180509, 15.197169, 15.213857, 15.230578, 15.247172, 15.264019, 15.280661, 15.297777, 15.313986, 15.330672, 15.347229, 15.363968, 15.380651, 15.398139, 15.415631, 15.431627, 15.447515, 15.464131, 15.480784, 15.499121, 15.514331, 15.530900, 15.548078, 15.564542, 15.581826, 15.599189, 15.614259, 15.630907, 15.647589, 15.665534, 15.680984, 15.697589, 15.714430, 15.730954, 15.748576, 15.764546, 15.780981, 15.799131, 15.814253, 15.830916, 15.847389, 15.864082, 15.884554, 15.897466, 15.914181, 15.932527, 15.947498, 15.964155, 15.981625, 15.997620, 16.014287, 16.030954, 16.049043, 16.064884, 16.080859, 16.097567, 16.114259, 16.130915, 16.147596, 16.164353, 16.182519, 16.197626, 16.214254, 16.230887, 16.247645, 16.264371, 16.281049, 16.297648, 16.314317, 16.330911, 16.347594, 16.364315, 16.380931, 16.397659, 16.414312, 16.432417, 16.448459, 16.464496, 16.481073, 16.497910, 16.514614, 16.531089, 16.548247, 16.564535, 16.581196, 16.597797, 16.614577, 16.631216, 16.649486, 16.664557, 16.682416, 16.698958, 16.714666, 16.731299, 16.748940, 16.764854, 16.781898, 16.799686, 16.814749, 16.831527, 16.848168, 16.864787, 16.881567, 16.898116, 16.914825, 16.933520, 16.948163, 16.964782, 16.981561, 16.998217, 17.014877, 17.031464, 17.048781, 17.068675, 17.081397, 17.098099, 17.114767, 17.131437, 17.148195, 17.164817, 17.183424, 17.198187, 17.214818, 17.232491, 17.248388, 17.265100, 17.281736, 17.298663, 17.315004, 17.331699, 17.348365, 17.365039, 17.381767, 17.398392, 17.415010, 17.433388, 17.448367, 17.465041, 17.481651, 17.498485, 17.515199, 17.532605, 17.549857, 17.565435, 17.582056, 17.598685, 17.615424, 17.632170, 17.648764, 17.665739, 17.683457, 17.698879, 17.715464, 17.732242, 17.748944, 17.765999, 17.782179, 17.798830, 17.815564, 17.832155, 17.848919, 17.865593, 17.882163, 17.898826, 17.915567, 17.934362, 17.948974, 17.965568, 17.982286, 17.999055, 18.015818, 18.032799, 18.049020, 18.067231, 18.082376, 18.099977, 18.115881, 18.132441, 18.149084, 18.165844, 18.184374, 18.199215, 18.215804, 18.234305, 18.250191, 18.266581, 18.282751, 18.299373, 18.316129, 18.332728, 18.349492, 18.365998, 18.382731, 18.399310, 18.416042, 18.435384, 18.449537, 18.466068, 18.482604, 18.502585, 18.516547, 18.533101, 18.549289, 18.565966, 18.582719, 18.599322, 18.616047, 18.632721, 18.650275, 18.666150, 18.684431, 18.699295, 18.716151, 18.732885, 18.749534, 18.766635, 18.782808, 18.799526, 18.817016, 18.833852, 18.849710, 18.866283, 18.882908, 18.899627, 18.916265, 18.934457, 18.949646, 18.966381, 18.983049, 18.999784, 19.016961, 19.033116, 19.049797, 19.066467, 19.083182, 19.099741, 19.116468, 19.133080, 19.149808, 19.167670, 19.188412, 19.204741, 19.218326, 19.233316, 19.249795, 19.266988, 19.283131, 19.299867, 19.316495, 19.333229, 19.349852, 19.366506, 19.383175, 19.399855, 19.417373, 19.434227, 19.451588, 19.466817, 19.483444, 19.500625, 19.518776, 19.533497, 19.550255, 19.566861, 19.583486, 19.600994, 19.617791, 19.633665, 19.650228, 19.666909, 19.685251, 19.702601, 19.716931, 19.733851, 19.750405, 19.768300, 19.783892, 19.800394, 19.817005, 19.833788, 19.850457, 19.868180, 19.884114, 19.904712, 19.917509, 19.934923, 19.952775, 19.967509, 19.984128, 20.001099, 20.017328, 20.033843, 20.050524, 20.067181, 20.083840, 20.100495, 20.117163, 20.133857, 20.150628, 20.167276, 20.184152, 20.203263, 20.217788, 20.234487, 20.251529, 20.267724, 20.284725, 20.305349, 20.322199, 20.338277, 20.355165, 20.375358, 20.393473, 20.409347, 20.423326, 20.436918, 20.453483, 20.468239, 20.484953, 20.501722, 20.518261, 20.534845, 20.551594, 20.568209, 20.585001, 20.603170, 20.619240, 20.635224, 20.651729, 20.668342, 20.684929, 20.705374, 20.718443, 20.735860, 20.752132, 20.768409, 20.788912, 20.801797, 20.818381, 20.834981, 20.851685, 20.868360, 20.884952, 20.901706, 20.918378, 20.936001, 20.951893, 20.970295, 20.985621, 21.001752, 21.018481, 21.035066, 21.051822, 21.068448, 21.085153, 21.102043, 21.118578, 21.135243, 21.151870, 21.168572, 21.185242, 21.201984, 21.221003, 21.236271, 21.252151, 21.268774, 21.285471, 21.302192, 21.318846, 21.335596, 21.352079, 21.368887, 21.385336, 21.402077, 21.418642, 21.436262, 21.452066, 21.468491, 21.488335, 21.501627, 21.518318, 21.534973, 21.551725, 21.568343, 21.584954, 21.601712, 21.618472, 21.635085, 21.651761, 21.669992, 21.685141, 21.701910, 21.718529, 21.736492, 21.753407, 21.768659, 21.785197, 21.801860, 21.818601, 21.835304, 21.851950, 21.868607, 21.885289, 21.901951, 21.918645, 21.935350, 21.952176, 21.968821, 21.989271, 22.003188, 22.018623, 22.035318, 22.052114, 22.068680, 22.085353, 22.102038, 22.118674, 22.135366, 22.152093, 22.168744, 22.185490, 22.202172, 22.219242, 22.235528, 22.254239, 22.268842, 22.285560, 22.302179, 22.318846, 22.335563, 22.352204, 22.368922, 22.385656, 22.402323, 22.419031, 22.436555, 22.452502, 22.469673, 22.485848, 22.505182, 22.519317, 22.535921, 22.553488, 22.569440, 22.586881, 22.602842, 22.619447, 22.636119, 22.653618, 22.669496, 22.686165, 22.702884, 22.719391, 22.736994, 22.755300, 22.769567, 22.786154, 22.802849, 22.819517, 22.836203, 22.852902, 22.869532, 22.886148, 22.902904, 22.919766, 22.937234, 22.953546, 22.971637, 22.986480, 23.005292, 23.019929, 23.037510, 23.053525, 23.070128, 23.086777, 23.103468, 23.121609, 23.136799, 23.153567, 23.170293, 23.186900, 23.203973, 23.220185, 23.236792, 23.255223, 23.270145, 23.286807, 23.303460, 23.320087, 23.336791, 23.353474, 23.374108, 23.387141, 23.403599, 23.420281, 23.436861, 23.454167, 23.470214, 23.486843, 23.505988, 23.520546, 23.537884, 23.554869, 23.570708, 23.587220, 23.604801, 23.620712, 23.637424, 23.656496, 23.676710, 23.693776, 23.708846, 23.723001, 23.737881, 23.755397, 23.770344, 23.787071, 23.804003, 23.820540, 23.837319, 23.854767, 23.870852, 23.887559, 23.904317, 23.921678, 23.937990, 23.954448, 23.970726, 23.987544, 24.006215, 24.023676, 24.040517, 24.056141, 24.070788, 24.089036, 24.104129, 24.120963, 24.138498, 24.154456, 24.171930, 24.188321, 24.206023, 24.221200, 24.237785, 24.256349, 24.271975, 24.288855, 24.304677, 24.321375, 24.337976, 24.354518, 24.372103, 24.388955, 24.404715, 24.421365, 24.438512, 24.454618, 24.471212, 24.487913, 24.506298, 24.521992, 24.537962, 24.554681, 24.575124, 24.588047, 24.604608, 24.621213, 24.637807, 24.654804, 24.671525, 24.688417, 24.705706, 24.721285, 24.738713, 24.756327, 24.771314, 24.787951, 24.804705, 24.821305, 24.838061, 24.854736, 24.871420, 24.888141, 24.904689, 24.921472, 24.938070, 24.955051, 24.971317, 24.988056, 25.006111, 25.021335, 25.038181, 25.054818, 25.071457, 25.088119, 25.104766, 25.121569, 25.138248, 25.154890, 25.171792, 25.188162, 25.205751, 25.221598, 25.238226, 25.256863, 25.271496, 25.287976, 25.305323, 25.321176, 25.337722, 25.354433, 25.371100, 25.387751, 25.404524, 25.421265, 25.439361, 25.455459, 25.471331, 25.487850, 25.504625, 25.523201, 25.537953, 25.554690, 25.571336, 25.587922, 25.604710, 25.621339, 25.637998, 25.654863, 25.675839, 25.688199, 25.704683, 25.721330, 25.737962, 25.754749, 25.773119, 25.788006, 25.804778, 25.821406, 25.838044, 25.854809, 25.871452, 25.888136, 25.904989, 25.921561, 25.938621, 25.954949, 25.971582, 25.988222, 26.004999, 26.023918, 26.038485, 26.054977, 26.071631, 26.088262, 26.105752, 26.122499, 26.138346, 26.154855, 26.172030, 26.188335, 26.204913, 26.221666, 26.238334, 26.254908, 26.273148, 26.288330, 26.305880, 26.321836, 26.338431, 26.355207, 26.371911, 26.388662, 26.405393, 26.422127, 26.438731, 26.455436, 26.472035, 26.488658, 26.505317, 26.524125, 26.538607, 26.555319, 26.572049, 26.588702, 26.605405, 26.622037, 26.638730, 26.656384, 26.672897, 26.688816, 26.705555, 26.722226, 26.738899, 26.755664, 26.774172, 26.788875, 26.805593, 26.822323, 26.838911, 26.855600, 26.872349, 26.889000, 26.905726, 26.922783, 26.938896, 26.955691, 26.972354, 26.989839, 27.007234, 27.024413, 27.039441, 27.056141, 27.072845, 27.089538, 27.106250, 27.123035, 27.139693, 27.156299, 27.174555, 27.189685, 27.207152, 27.222998, 27.239573, 27.256282, 27.274168, 27.289652, 27.306237, 27.322976, 27.341282, 27.356521, 27.374634, 27.390418, 27.406778, 27.423493, 27.440186, 27.456845, 27.475498, 27.490196, 27.506847, 27.525205, 27.540271, 27.556906, 27.573591, 27.590139, 27.607784, 27.623663, 27.640313, 27.656896, 27.673576, 27.691077, 27.707155, 27.723677, 27.740402, 27.757033, 27.775097, 27.790544, 27.807192, 27.824169, 27.840942, 27.857658, 27.874334, 27.891408, 27.907525, 27.924248, 27.940898, 27.957551, 27.974316, 27.990901, 28.007617, 28.026062, 28.040920, 28.057706, 28.075098, 28.091207, 28.107706, 28.124462, 28.141538, 28.158167, 28.174558, 28.191145, 28.207836, 28.224452, 28.241158, 28.259207, 28.276092, 28.291122, 28.307795, 28.324497, 28.341215, 28.357820, 28.376133, 28.391750, 28.408071, 28.425503, 28.441333, 28.458093, 28.474666, 28.491355, 28.507964, 28.526073, 28.541396, 28.558921, 28.574866, 28.591474, 28.608196, 28.625369, 28.642054, 28.658097, 28.675813, 28.691605, 28.708370, 28.725769, 28.741740, 28.759099, 28.778098, 28.792869, 28.808556, 28.825135, 28.841848, 28.858605, 28.875143, 28.892733, 28.908582, 28.925281, 28.941810, 28.958594, 28.975162, 28.991866, 29.008388, 29.027051, 29.041908, 29.058508, 29.075196, 29.092820, 29.109552, 29.125914, 29.142447, 29.158774, 29.175574, 29.192244, 29.209212, 29.225756, 29.242365, 29.259092, 29.277106, 29.292518, 29.309120, 29.326648, 29.342534, 29.360400, 29.375883, 29.392861, 29.408979, 29.425538, 29.442318, 29.458916, 29.475599, 29.492319, 29.508881, 29.531140, 29.544942, 29.558954, 29.575610, 29.592156, 29.608991, 29.626050, 29.642609, 29.658801, 29.675641, 29.693089, 29.709001, 29.725526, 29.742208, 29.758834, 29.775400, 29.794066, 29.808576, 29.825238, 29.842186, 29.858608, 29.875725, 29.891858, 29.908530, 29.925088, 29.941826, 29.958537, 29.975140, 29.991876, 30.008519, 30.026667, 30.041877, 30.060038, 30.075175, 30.091990, 30.108606, 30.125780, 30.141972, 30.158641, 30.175361, 30.193486, 30.208679, 30.225342, 30.241971, 30.258737, 30.275445, 30.292013, 30.309999, 30.325375, 30.342146, 30.359676, 30.376183, 30.392380, 30.408991, 30.425858, 30.442627, 30.459237, 30.475960, 30.492598, 30.509423, 30.526068, 30.542700, 30.561145, 30.576116, 30.592681, 30.609932, 30.629645, 30.642749, 30.659375, 30.676043, 30.692688, 30.709471, 30.726007, 30.743621, 30.759567, 30.776224, 30.792886, 30.811063, 30.826261, 30.843031, 30.859473, 30.876542, 30.892945, 30.909587, 30.926302, 30.942851, 30.959411, 30.976969, 30.992712, 31.009396, 31.026071, 31.043490, 31.061079, 31.076327, 31.092822, 31.110101, 31.126297, 31.142881, 31.159607, 31.176297, 31.192924, 31.209618, 31.226308, 31.244576, 31.259762, 31.276472, 31.293142, 31.311931, 31.326504, 31.343169, 31.360403, 31.378086, 31.393152, 31.409837, 31.426442, 31.443084, 31.459830, 31.477360, 31.493290, 31.509929, 31.526548, 31.543259, 31.562034, 31.576638, 31.593926, 31.610061, 31.626649, 31.643418, 31.660242, 31.676683, 31.693281, 31.709898, 31.731516, 31.745678, 31.760088, 31.776838, 31.793429, 31.812013, 31.827667, 31.844191, 31.860286, 31.876960, 31.893564, 31.910276, 31.926844, 31.943449, 31.959974, 31.976656, 31.993987, 32.010003, 32.026569, 32.043184, 32.059914, 32.077970, 32.093674, 32.109864, 32.126515, 32.143236, 32.159919, 32.177462, 32.193421, 32.210002, 32.226696, 32.243361, 32.260865, 32.276875, 32.293505, 32.310265, 32.328870, 32.344175, 32.360542, 32.376861, 32.393513, 32.410198, 32.426919, 32.443533, 32.460222, 32.476855, 32.493550, 32.510206, 32.526864, 32.543535, 32.560464, 32.578890, 32.593843, 32.610278, 32.626994, 32.643627, 32.661745, 32.676982, 32.693673, 32.710385, 32.727009, 32.743679, 32.760347, 32.777059, 32.793710, 32.810387, 32.828852, 32.843917, 32.860426, 32.878634, 32.893863, 32.910451, 32.927129, 32.944592, 32.960685, 32.981155, 32.993847, 33.010566, 33.027271, 33.044135, 33.060556, 33.078816, 33.093879, 33.110450, 33.127140, 33.143790, 33.160506, 33.177075, 33.193751, 33.210408, 33.227100, 33.244635, 33.261392, 33.277275, 33.293927, 33.310570, 33.328822, 33.345235, 33.360638, 33.377236, 33.393953, 33.410612, 33.427251, 33.443915, 33.461425, 33.477389, 33.493994, 33.510694, 33.527343, 33.544390, 33.560945, 33.578923, 33.595320, 33.610858, 33.627455, 33.644176, 33.660768, 33.677406, 33.694144, 33.710764, 33.727436, 33.744152, 33.760800, 33.778515, 33.794239, 33.810918, 33.828913, 33.844389, 33.860848, 33.877630, 33.894259, 33.910849, 33.927580, 33.944273, 33.960948, 33.977596, 33.994258, 34.012364, 34.027848, 34.044735, 34.061171, 34.078971, 34.094421, 34.111052, 34.127746, 34.144418, 34.161029, 34.177675, 34.195194, 34.211154, 34.227751, 34.244445, 34.261095, 34.277837, 34.295313, 34.311444, 34.329965, 34.344565, 34.361212, 34.378051, 34.394695, 34.411579, 34.428293, 34.444958, 34.461600, 34.478261, 34.494949, 34.511543, 34.528238, 34.545271, 34.561743, 34.580798, 34.594907, 34.611660, 34.628349, 34.644972, 34.661706, 34.678374, 34.694959, 34.711745, 34.728381, 34.745021, 34.761773, 34.778452, 34.796618, 34.812077, 34.831954, 34.846109, 34.862119, 34.878709, 34.895378, 34.911892, 34.928693, 34.945229, 34.961932, 34.978583, 34.995268, 35.011873, 35.028511, 35.045536, 35.061893, 35.078549, 35.098886, 35.112043, 35.128622, 35.145204, 35.161840, 35.178620, 35.195235, 35.211918, 35.228544, 35.245248, 35.261942, 35.279505, 35.295513, 35.312177, 35.328740, 35.345384, 35.367819, 35.379342, 35.395356, 35.412012, 35.428651, 35.445372, 35.462042, 35.478703, 35.496243, 35.512262, 35.529105, 35.545908, 35.563048, 35.579323, 35.596004, 35.612595, 35.630853, 35.645963, 35.662647, 35.679352, 35.696027, 35.712686, 35.729394, 35.745979, 35.762849, 35.779382, 35.796502, 35.813188, 35.829383, 35.846166, 35.862798, 35.880769, 35.896165, 35.912835, 35.930299, 35.946280, 35.962849, 35.979563, 35.996227, 36.012964, 36.030606, 36.046599, 36.063410, 36.079641, 36.096177, 36.113017, 36.129365, 36.147818, 36.162728, 36.179360, 36.196071, 36.212822, 36.229411, 36.246119, 36.262852, 36.279436, 36.296449, 36.312812, 36.329477, 36.346196, 36.362847, 36.379503, 36.398570, 36.413220, 36.429826, 36.446571, 36.464150, 36.480084, 36.496681, 36.513477, 36.530062, 36.547273, 36.563405, 36.580167, 36.596730, 36.613260, 36.629849, 36.647802, 36.663039, 36.679665, 36.696345, 36.713068, 36.729754, 36.746439, 36.763209, 36.779945, 36.797050, 36.813263, 36.830030, 36.846648, 36.863386, 36.880021, 36.898708, 36.915020, 36.930096, 36.946706, 36.964284, 36.980254, 36.996857, 37.013589, 37.030313, 37.047563, 37.063595, 37.080283, 37.097845, 37.113741, 37.130394, 37.148851, 37.167081, 37.187225, 37.198923, 37.213666, 37.230320, 37.247077, 37.263876, 37.281002, 37.297081, 37.313698, 37.330339, 37.347077, 37.363901, 37.380525, 37.398678, 37.414197, 37.430864, 37.447461, 37.464225, 37.480881, 37.502564, 37.514856, 37.531028, 37.547816, 37.565100, 37.580860, 37.598340, 37.614369, 37.630980, 37.649821, 37.664376, 37.681026, 37.697649, 37.714308, 37.731007, 37.747793, 37.764452, 37.781654, 37.797733, 37.814446, 37.831950, 37.847987, 37.865375, 37.881394, 37.899861, 37.914565, 37.931204, 37.947958, 37.964515, 37.981214, 37.997980, 38.014622, 38.031219, 38.047949, 38.064486, 38.081239, 38.097876, 38.114473, 38.131183, 38.149695, 38.164547, 38.181239, 38.198740, 38.214726, 38.231387, 38.248971, 38.265461, 38.281471, 38.298136, 38.314801, 38.331492, 38.348100, 38.364818, 38.381500, 38.399786, 38.414865, 38.431519, 38.448092, 38.464787, 38.482427, 38.499015, 38.515363, 38.531557, 38.548217, 38.564808, 38.581537, 38.598213, 38.614845, 38.631553, 38.649695, 38.666023, 38.681774, 38.698286, 38.715004, 38.731753, 38.748402, 38.765558, 38.781668, 38.799213, 38.815240, 38.831794, 38.848467, 38.865145, 38.881812, 38.899721, 38.915188, 38.931852, 38.949317, 38.965331, 38.981988, 38.998698, 39.015804, 39.031954, 39.050224, 39.065296, 39.081988, 39.098645, 39.116169, 39.132106, 39.150783, 39.166243, 39.182185, 39.199647, 39.215636, 39.232316, 39.249035, 39.266194, 39.282352, 39.300828, 39.315986, 39.332670, 39.349404, 39.366045, 39.382675, 39.400751, 39.415923, 39.432685, 39.449325, 39.466119, 39.482743, 39.499548, 39.516514, 39.532721, 39.549473, 39.565967, 39.582718, 39.599170, 39.615855, 39.636034, 39.650598, 39.665912, 39.682625, 39.699268, 39.716038, 39.732694, 39.749831, 39.766406, 39.782714, 39.799312, 39.816021, 39.832718, 39.849320, 39.866026, 39.882756, 39.900613, 39.916079, 39.932780, 39.949372, 39.966131, 39.982817, 39.999998, 40.016191, 40.032840, 40.049577, 40.066190, 40.082890, 40.099583, 40.116269, 40.132941, 40.151567, 40.166261, 40.182957, 40.199677, 40.216536, 40.233186, 40.249732, 40.266404, 40.283009, 40.299780, 40.316476, 40.333123, 40.349827, 40.366528, 40.383096, 40.401559, 40.416603, 40.433313, 40.450138, 40.466951, 40.483537, 40.500656, 40.516883, 40.533598, 40.550292, 40.566955, 40.583682, 40.600338, 40.616962, 40.633675, 40.652553, 40.667108, 40.684571, 40.700648, 40.718576, 40.735172, 40.750340, 40.766935, 40.783520, 40.800207, 40.816927, 40.833608, 40.850267, 40.866907, 40.883644, 40.900289, 40.920671, 40.933819, 40.950455, 40.967065, 40.984268, 41.000686, 41.017039, 41.033729, 41.050456, 41.067040, 41.083773, 41.100456, 41.120938, 41.133762, 41.150443, 41.167117, 41.185648, 41.200457, 41.217411, 41.234032, 41.250888, 41.267579, 41.284249, 41.300933, 41.317575, 41.334259, 41.351015, 41.368468, 41.385381, 41.401205, 41.417824, 41.435812, 41.451163, 41.468032, 41.485457, 41.502117, 41.518050, 41.535620, 41.551443, 41.568044, 41.584739, 41.601298, 41.618083, 41.634700, 41.651391, 41.668055, 41.686757, 41.701408, 41.718355, 41.734791, 41.751320, 41.768024, 41.784625, 41.801338, 41.818020, 41.835467, 41.851532, 41.868066, 41.884763, 41.901369, 41.918029, 41.936643, 41.951494, 41.968503, 41.984914, 42.001472, 42.018902, 42.034895, 42.051534, 42.068088, 42.084847, 42.101470, 42.118198, 42.136371, 42.151555, 42.168206, 42.186637, 42.201669, 42.218681, 42.234886, 42.251501, 42.268188, 42.284915, 42.302569, 42.318375, 42.335004, 42.351710, 42.368379, 42.385028, 42.401739, 42.419986, 42.436802, 42.451976, 42.468655, 42.486095, 42.501924, 42.522414, 42.535268, 42.551802, 42.568371, 42.585066, 42.601770, 42.618395, 42.635082, 42.651670, 42.668393, 42.685029, 42.703665, 42.718479, 42.735010, 42.751685, 42.768402, 42.785004, 42.801730, 42.818370, 42.835108, 42.851726, 42.868429, 42.885169, 42.902661, 42.918705, 42.935286, 42.953632, 42.969147, 42.985256, 43.002036, 43.018673, 43.035305, 43.052129, 43.069528, 43.085452, 43.102919, 43.118824, 43.135429, 43.152075, 43.168816, 43.185484, 43.203580, 43.219173, 43.235421, 43.252118, 43.268771, 43.285450, 43.302953, 43.318910, 43.335442, 43.352283, 43.368958, 43.385786, 43.402527, 43.419124, 43.435934, 43.453579, 43.469486, 43.485564, 43.502220, 43.518866, 43.535594, 43.552234, 43.568902, 43.585642, 43.602248, 43.619006, 43.635634, 43.652237, 43.668980, 43.685727, 43.705543, 43.719257, 43.735735, 43.752421, 43.769002, 43.785694, 43.802382, 43.818994, 43.836624, 43.852549, 43.869117, 43.885766, 43.902421, 43.919155, 43.937823, 43.952693, 43.970499, 43.985951, 44.002576, 44.022737, 44.035829, 44.052580, 44.069267, 44.086049, 44.102679, 44.119436, 44.136059, 44.152729, 44.169536, 44.186065, 44.202772, 44.221463, 44.236100, 44.252762, 44.269491, 44.287012, 44.303014, 44.319629, 44.336348, 44.354045, 44.369961, 44.387499, 44.403560, 44.420123, 44.437670, 44.454193, 44.471663, 44.486878, 44.503514, 44.520260, 44.536844, 44.553588, 44.570229, 44.587763, 44.603725, 44.620257, 44.636970, 44.653780, 44.670334, 44.686909, 44.704214, 44.721560, 44.736918, 44.753716, 44.770247, 44.787011, 44.803646, 44.820260, 44.836977, 44.853622, 44.870286, 44.886976, 44.903690, 44.920427, 44.937145, 44.953742, 44.972540, 44.987089, 45.003727, 45.020440, 45.037117, 45.053821, 45.070428, 45.087089, 45.103822, 45.120421, 45.138073, 45.154138, 45.171483, 45.188603, 45.203899, 45.222619, 45.237037, 45.253737, 45.271288, 45.287197, 45.303789, 45.320518, 45.337078, 45.354592, 45.370651, 45.388762, 45.403848, 45.421062, 45.438677, 45.454179, 45.472545, 45.487486, 45.504127, 45.521633, 45.537644, 45.554275, 45.570893, 45.589098, 45.604268, 45.620968, 45.637617, 45.654546, 45.671222, 45.691624, 45.704767, 45.722549, 45.738569, 45.754470, 45.771123, 45.787759, 45.804450, 45.821158, 45.837826, 45.854545, 45.871081, 45.887919, 45.904633, 45.922566, 45.937959, 45.954615, 45.972520, 45.987804, 46.004482, 46.021180, 46.037883, 46.054586, 46.071230, 46.087940, 46.104538, 46.121222, 46.137927, 46.154574, 46.171778, 46.187890, 46.204595, 46.222391, 46.237931, 46.254589, 46.271261, 46.287942, 46.304632, 46.321342, 46.337930, 46.354637, 46.372225, 46.388211, 46.404769, 46.421978, 46.438245, 46.454873, 46.473427, 46.488427, 46.505142, 46.521835, 46.538512, 46.555248, 46.571954, 46.588545, 46.605181, 46.622032, 46.638710, 46.655410, 46.672066, 46.688691, 46.705344, 46.723416, 46.739470, 46.755555, 46.772203, 46.790331, 46.805569, 46.822246, 46.838907, 46.855608, 46.872192, 46.889913, 46.906184, 46.923886, 46.938946, 46.955647, 46.974446, 46.988900, 47.005566, 47.022282, 47.039031, 47.055754, 47.072369, 47.088981, 47.105640, 47.122508, 47.139139, 47.155744, 47.173800, 47.190116, 47.206039, 47.224519, 47.239351, 47.256029, 47.272636, 47.293160, 47.305983, 47.322658, 47.339294, 47.356046, 47.372777, 47.389783, 47.406454, 47.422556, 47.439270, 47.455978, 47.474382, 47.489285, 47.506781, 47.522890, 47.539428, 47.556207, 47.572721, 47.590307, 47.606360, 47.623004, 47.640098, 47.656419, 47.672979, 47.689572, 47.706206, 47.724404, 47.739558, 47.756182, 47.775277, 47.789807, 47.806239, 47.822848, 47.839550, 47.856318, 47.873013, 47.891123, 47.906360, 47.923007, 47.939591, 47.956410, 47.974348, 47.989688, 48.006535, 48.026939, 48.039528, 48.056212, 48.072635, 48.089296, 48.106024, 48.122692, 48.139853, 48.156073, 48.172632, 48.189337, 48.206043, 48.222704, 48.241287, 48.256057, 48.273656, 48.289550, 48.307025, 48.323021, 48.339599, 48.356323, 48.373171, 48.390485, 48.406866, 48.424201, 48.441195, 48.457049, 48.473551, 48.491499, 48.506864, 48.523546, 48.541170, 48.557159, 48.573694, 48.590336, 48.607047, 48.623727, 48.640869, 48.657250, 48.673604, 48.690293, 48.707054, 48.723637, 48.742386, 48.756944, 48.773556, 48.790276, 48.807026, 48.823673, 48.840397, 48.857109, 48.873816, 48.890810, 48.907017, 48.923792, 48.940402, 48.957046, 48.975244, 48.992334, 49.007157, 49.023823, 49.040508, 49.057243, 49.073886, 49.090542, 49.108775, 49.124011, 49.141040, 49.157255, 49.173923, 49.190568, 49.207291, 49.224774, 49.242395, 49.257359, 49.273968, 49.291665, 49.307518, 49.324155, 49.340824, 49.357502, 49.374402, 49.391306, 49.407514, 49.425010, 49.441045, 49.457646, 49.477813, 49.492392, 49.508486, 49.524466, 49.540996, 49.557693, 49.575241, 49.591175, 49.607822, 49.624569, 49.641541, 49.657655, 49.674382, 49.690975, 49.707689, 49.724343, 49.743170, 49.758712, 49.774603, 49.791114, 49.807812, 49.824522, 49.841394, 49.857838, 49.875202, 49.891107, 49.907560, 49.924237, 49.940884, 49.957600, 49.974287, 49.992257, 50.007728, 50.024366, 50.041064, 50.057750, 50.074448, 50.091142, 50.109378, 50.124901, 50.141133, 50.157856, 50.174615, 50.192415, 50.208452, 50.226520, 50.243393, 50.258203, 50.274925, 50.291762, 50.308382, 50.325011, 50.341732, 50.359848, 50.375053, 50.391817, 50.408413, 50.425068, 50.441791, 50.458471, 50.475469, 50.493333, 50.508308, 50.525185, 50.541835, 50.558561, 50.579198, 50.591890, 50.609038, 50.625656, 50.642065, 50.658758, 50.675433, 50.692007, 50.708798, 50.725472, 50.744279, 50.758770, 50.775520, 50.792159, 50.808884, 50.825595, 50.842503, 50.858817, 50.875884, 50.892211, 50.908883, 50.925575, 50.943258, 50.958886, 50.975664, 50.994212, 51.008997, 51.025643, 51.044201, 51.059110, 51.075711, 51.092916, 51.109858, 51.125976, 51.142479, 51.159208, 51.175848, 51.192509, 51.209267, 51.226001, 51.244288, 51.259157, 51.276658, 51.292429, 51.313063, 51.325825, 51.342770, 51.358991, 51.375630, 51.392337, 51.408982, 51.426451, 51.442509, 51.459091, 51.476482, 51.492410, 51.510318, 51.525502, 51.542125, 51.558982, 51.575515, 51.593207, 51.609490, 51.625574, 51.642222, 51.658812, 51.675483, 51.692054, 51.708751, 51.725366, 51.742071, 51.760131, 51.775445, 51.792097, 51.808745, 51.825486, 51.842242, 51.859614, 51.875627, 51.892219, 51.909727, 51.926551, 51.942452, 51.959028, 51.975748, 51.992432, 52.011263, 52.025902, 52.042478, 52.060074, 52.076053, 52.092509, 52.110557, 52.125939, 52.142549, 52.159248, 52.175850, 52.192513, 52.209205, 52.225905, 52.242579, 52.262260, 52.276004, 52.292582, 52.309334, 52.325968, 52.342611, 52.359371, 52.375988, 52.392749, 52.410914, 52.425984, 52.442736, 52.459389, 52.475966, 52.492721, 52.511235, 52.525960, 52.542706, 52.560313, 52.576360, 52.593117, 52.609676, 52.626536, 52.643312, 52.662385, 52.676710, 52.693369, 52.710027, 52.726687, 52.743457, 52.761281, 52.776629, 52.793404, 52.810136, 52.826721, 52.844371, 52.860062, 52.876671, 52.893377, 52.909962, 52.926631, 52.943295, 52.959967, 52.976646, 52.998128, 53.012462, 53.026882, 53.043612, 53.060219, 53.076861, 53.093895, 53.110048, 53.126914, 53.143546, 53.160081, 53.176894, 53.193599, 53.210413, 53.227094, 53.243802, 53.262198, 53.277283, 53.294097, 53.310762, 53.327274, 53.344018, 53.360674, 53.377376, 53.394159, 53.411690, 53.427936, 53.444444, 53.462130, 53.478879, 53.494790, 53.513409, 53.528232, 53.544875, 53.562033, 53.579559, 53.596553, 53.611513, 53.628102, 53.644765, 53.663234, 53.678129, 53.694867, 53.711395, 53.728228, 53.745778, 53.764324, 53.778493, 53.794986, 53.811536, 53.832138, 53.845550, 53.861643, 53.878318, 53.895003, 53.911654, 53.928417, 53.945110, 53.961743, 53.978493, 53.994997, 54.013386, 54.028457, 54.045446, 54.061679, 54.078863, 54.095007, 54.111871, 54.128519, 54.146543, 54.161805, 54.178485, 54.195145, 54.211781, 54.230076, 54.245125, 54.263250, 54.278642, 54.295786, 54.311980, 54.328953, 54.345198, 54.361877, 54.378603, 54.395283, 54.411944, 54.428637, 54.445389, 54.462045, 54.478649, 54.496119, 54.513328, 54.528691, 54.545826, 54.562528, 54.578605, 54.595251, 54.611895, 54.628547, 54.645365, 54.661870, 54.678602, 54.696145, 54.712133, 54.728814, 54.745384, 54.764160, 54.778845, 54.795286, 54.812476, 54.828490, 54.845225, 54.861855, 54.878504, 54.895303, 54.911843, 54.928574, 54.945270, 54.961810, 54.978543, 54.995353, 55.014108, 55.028777, 55.045916, 55.062586, 55.078903, 55.095443, 55.112169, 55.128791, 55.145444, 55.162135, 55.178796, 55.195573, 55.215778, 55.235204, 55.247897, 55.264791, 55.278722, 55.295254, 55.312377, 55.328722, 55.345275, 55.362002, 55.378650, 55.395333, 55.412018, 55.428625, 55.445441, 55.462017, 55.478701, 55.495350, 55.514027, 55.528876, 55.545799, 55.562082, 55.578796, 55.595409, 55.612231, 55.629670, 55.645665, 55.662278, 55.678907, 55.695705, 55.712205, 55.728936, 55.745421, 55.764077, 55.778706, 55.795879, 55.812909, 55.828852, 55.845469, 55.862104, 55.878738, 55.895457, 55.912122, 55.928776, 55.945480, 55.962142, 55.979807, 55.995539, 56.014185, 56.028774, 56.046915, 56.062398, 56.078938, 56.095609, 56.112321, 56.128910, 56.145647, 56.162409, 56.178922, 56.195735, 56.212353, 56.228988, 56.245714, 56.264133, 56.279003, 56.296251, 56.312509, 56.329042, 56.345784, 56.362461, 56.379129, 56.395866, 56.412527, 56.429169, 56.445900, 56.462456, 56.480648, 56.496142, 56.514268, 56.529385, 56.546968, 56.565202, 56.579524, 56.596122, 56.613671, 56.629608, 56.646203, 56.662913, 56.679517, 56.696182, 56.712818, 56.729503, 56.746239, 56.764213, 56.779392, 56.796548, 56.812752, 56.831026, 56.846166, 56.862767, 56.880884, 56.896373, 56.912866, 56.929577, 56.946244, 56.963005, 56.979694, 56.996325, 57.015115, 57.032769, 57.046479, 57.062953, 57.079595, 57.096258, 57.112913, 57.129608, 57.146258, 57.162928, 57.179605, 57.196250, 57.212976, 57.229669, 57.247197, 57.265168, 57.279805, 57.296738, 57.313078, 57.329713, 57.346388, 57.363154, 57.379734, 57.396421, 57.413136, 57.429798, 57.446460, 57.463125, 57.479777, 57.496492, 57.515031, 57.529800, 57.546580, 57.563187, 57.579885, 57.596550, 57.613210, 57.629851, 57.646526, 57.663226, 57.679868, 57.696578, 57.713307, 57.729995, 57.746711, 57.765020, 57.780812, 57.796854, 57.813405, 57.830084, 57.847617, 57.863612, 57.880248, 57.896917, 57.914478, 57.930380, 57.946979, 57.964581, 57.980488, 57.997135, 58.015210, 58.030509, 58.047165, 58.063709, 58.080418, 58.097951, 58.114802, 58.130721, 58.147538, 58.164239, 58.180823, 58.197533, 58.214247, 58.231004, 58.247600, 58.267016, 58.281549, 58.297670, 58.314332, 58.330947, 58.347692, 58.364264, 58.380983, 58.397619, 58.414322, 58.430997, 58.447726, 58.464342, 58.481098, 58.497773, 58.516025, 58.530963, 58.547757, 58.564377, 58.581158, 58.597952, 58.614525, 58.631289, 58.647964, 58.665455, 58.681433, 58.699581, 58.714768, 58.731413, 58.748073, 58.766998, 58.781308, 58.797979, 58.814683, 58.831351, 58.847974, 58.864673, 58.881360, 58.898014, 58.916237, 58.931428, 58.948265, 58.964935, 58.981659, 59.002954, 59.016954, 59.031792, 59.048516, 59.065160, 59.081846, 59.098443, 59.115190, 59.131863, 59.148520, 59.165181, 59.181880, 59.198596, 59.215307, 59.232076, 59.248867, 59.266940, 59.281963, 59.298595, 59.315259, 59.331903, 59.348473, 59.365839, 59.381966, 59.398500, 59.415100, 59.431823, 59.448507, 59.466129, 59.482139, 59.498644, 59.517806, 59.532054, 59.548726, 59.565306, 59.582771, 59.598777, 59.615421, 59.632135, 59.648833, 59.665597, 59.682268, 59.698857, 59.715650, 59.732480, 59.749118, 59.765650, 59.784039, 59.798812, 59.815594, 59.832318, 
12, 34, 2, 0.586125, 0.517230, 0.346062, 0.281752, 0.182927, 0.201701, 0.214425, 0.238678, 0.268902, 0.321127, 0.415605, 0.494956, 0.606582, 0.769565, 0.933810, 1.097251, 1.259573, 1.414553, 1.568827, 1.676062, 1.878785, 2.023633, 2.156251, 2.265079, 2.352111, 2.411044, 2.431685, 2.414662, 2.388536, 2.331910, 2.240930, 2.123124, 1.973810, 1.815481, 1.492711, 1.336941, 1.216547, 0.817568, 0.713868, 0.266578, 0.158476, 0.278118, 0.396488, 0.671418, 1.112142, 1.389721, 1.515170, 1.932818, 2.158430, 2.367447, 2.539594, 2.668937, 2.773658, 2.854773, 2.894222, 2.903322, 2.858195, 2.779738, 2.659920, 2.522274, 2.362793, 2.221235, 2.068959, 1.915331, 1.738769, 1.528890, 1.314955, 1.131975, 0.932297, 0.735211, 0.536326, 0.376127, 0.211798, 0.076214, 0.056794, 0.215989, 0.373647, 0.505526, 0.632995, 0.758312, 0.882675, 0.995013, 1.095211, 1.186900, 1.280490, 1.373704, 1.438334, 1.514388, 1.616866, 1.735093, 1.868117, 2.015072, 2.174160, 2.346131, 2.528208, 2.719979, 2.927450, 3.127172, 3.341285, 3.560214, 3.780288, 4.014261, 4.266723, 4.508255, 4.707304, 4.868588, 5.012762, 5.167224, 5.316693, 5.451916, 5.585834, 5.692882, 5.798297, 5.892516, 5.995232, 6.084783, 6.156156, 6.218915, 6.277506, 6.331351, 6.367209, 6.354269, 6.425900, 6.434385, 6.356837, 6.397618, 6.374852, 6.298482, 6.220246, 6.144797, 6.053529, 5.949118, 5.837900, 5.717773, 5.573570, 5.414272, 5.253658, 4.979731, 4.913549, 4.617973, 4.566343, 4.386960, 4.202380, 4.004257, 3.818092, 3.628644, 3.417602, 3.224630, 3.025936, 2.822186, 2.617642, 2.278894, 2.194327, 2.011597, 1.732560, 1.571411, 1.470181, 1.307361, 1.186526, 1.066791, 0.956938, 0.865411, 0.773430, 0.685381, 0.591253, 0.500114, 0.404809, 0.314635, 0.217948, 0.152625, 0.090150, 0.021447, 0.042936, 0.111003, 0.176589, 0.223502, 0.270254, 0.281449, 0.269568, 0.228249, 0.152585, 0.005273, 0.158179, 0.330172, 0.501342, 0.701124, 0.917509, 1.136397, 1.330261, 1.497990, 1.665525, 1.832226, 1.927146, 1.965664, 1.983338, 1.972285, 1.922541, 1.861003, 1.806904, 1.747655, 1.682743, 1.594866, 1.489346, 1.347477, 1.179651, 1.001927, 0.814877, 0.630074, 0.439452, 0.265006, 0.097955, 0.059633, 0.211793, 0.342991, 0.570540, 0.606853, 0.720525, 0.828835, 0.916688, 0.968962, 0.983260, 0.971320, 0.935115, 0.871206, 0.762987, 0.687071, 0.567778, 0.424104, 0.286160, 0.150686, 0.025899, 0.115409, 0.133449, 0.268105, 0.409261, 0.552238, 0.704609, 0.862264, 1.011208, 1.141913, 1.212566, 1.249528, 1.203392, 1.227491, 1.193861, 1.038209, 1.020483, 0.915322, 0.823922, 0.667681, 0.614908, 0.547495, 0.482527, 0.438532, 0.406591, 0.373096, 0.380325, 0.394205, 0.373845, 0.406396, 0.428057, 0.444540, 0.497571, 0.517757, 0.516493, 0.576023, 0.589884, 0.571697, 0.626506, 0.588235, 0.609715, 0.632662, 0.643993, 0.651231, 0.663502, 0.678619, 0.706543, 0.719305, 0.723566, 0.723067, 0.731762, 0.734700, 0.724321, 0.723570, 0.725085, 0.724150, 0.731928, 0.729219, 0.739337, 0.764044, 0.772070, 0.764983, 0.752845, 0.746499, 0.720790, 0.680470, 0.639834, 0.593886, 0.552865, 0.521116, 0.485331, 0.460829, 0.429441, 0.398714, 0.378159, 0.360126, 0.337190, 0.312742, 0.286331, 0.269486, 0.254769, 0.232883, 0.223713, 0.188280, 0.150915, 0.115317, 0.088434, 0.061838, 0.027318, 0.006124, 0.019594, 0.045715, 0.074598, 0.084558, 0.106556, 0.106387, 0.100564, 0.109324, 0.110093, 0.094708, 0.090953, 0.069472, 0.053005, 0.046134, 0.046108, 0.047360, 0.036500, 0.031832, 0.039893, 0.046834, 0.046976, 0.042696, 0.048717, 0.052489, 0.072352, 0.080712, 0.085723, 0.092648, 0.107418, 0.118339, 0.197830, 0.133922, 0.154158, 0.143370, 0.156608, 0.160326, 0.166891, 0.177183, 0.185169, 0.202154, 0.215049, 0.224737, 0.237917, 0.249908, 0.281397, 0.383746, 0.361541, 0.435244, 0.536567, 0.661836, 0.824575, 0.994877, 1.190740, 1.404193, 1.660827, 1.937195, 2.381755, 2.658234, 2.858695, 3.400557, 3.763434, 3.941203, 4.483156, 4.647262, 4.969250, 5.447601, 5.567128, 5.966438, 6.184979, 6.259677, 6.546797, 6.683496, 6.799022, 6.897882, 6.975974, 7.008326, 7.014491, 7.008240, 6.985866, 6.964811, 6.927758, 6.898623, 6.874896, 6.841625, 6.807764, 6.760558, 6.711626, 6.646775, 6.589720, 6.521250, 6.446980, 6.369529, 6.269296, 6.177630, 6.079247, 5.983104, 5.886860, 5.791560, 5.699756, 5.594836, 5.465921, 5.333364, 5.203013, 5.031482, 4.819272, 4.605425, 4.392013, 4.178460, 3.965463, 3.751436, 3.537311, 3.323329, 3.109842, 2.895365, 2.681221, 2.466478, 2.252248, 2.027565, 1.768657, 1.503054, 1.217151, 0.968129, 0.703215, 0.429594, 0.162712, 0.096701, 0.362828, 0.639644, 0.915247, 1.221934, 1.534443, 1.844667, 2.155509, 2.421797, 2.729638, 2.979625, 3.231388, 3.490287, 3.728153, 3.944390, 4.159585, 4.375441, 4.591046, 4.807219, 5.022936, 5.251150, 5.496749, 5.812576, 6.068925, 6.383172, 6.694143, 6.938384, 7.218896, 7.484748, 7.749122, 7.921326, 8.158985, 8.377539, 8.544585, 8.647457, 8.712812, 8.763232, 8.775083, 8.769486, 8.736202, 8.599891, 8.542548, 8.474199, 8.490673, 8.297062, 8.190669, 8.198471, 7.965988, 7.823988, 7.789308, 7.498284, 7.341928, 7.156127, 6.983337, 6.835327, 6.682039, 6.526028, 6.360443, 6.195074, 6.037167, 5.860188, 5.687000, 5.525812, 5.383730, 5.236646, 5.092946, 4.910296, 4.733332, 4.539836, 4.332468, 4.107179, 3.861079, 3.611103, 3.376289, 3.145582, 2.915400, 2.682343, 2.458330, 2.216515, 1.988758, 1.773658, 1.578353, 1.389195, 1.237380, 1.088360, 0.964309, 0.836295, 0.744747, 0.660866, 0.561652, 0.479932, 0.398979, 0.298995, 0.246833, 0.204885, 0.184125, 0.173849, 0.186806, 0.218686, 0.235154, 0.252292, 0.279024, 0.293809, 0.323265, 0.313503, 0.318965, 0.322755, 0.334795, 0.347823, 0.363329, 0.403838, 0.450898, 0.488067, 0.541641, 0.596426, 0.651303, 0.671539, 0.710671, 0.690235, 0.678808, 0.648396, 0.593176, 0.517911, 0.438440, 0.347874, 0.264404, 0.114029, 0.063839, 0.043812, 0.142545, 0.231357, 0.343198, 0.448561, 0.579969, 0.705030, 0.842357, 0.976876, 1.094237, 1.199124, 1.285747, 1.366821, 1.425846, 1.481639, 1.534907, 1.585512, 1.636672, 1.749464, 1.714178, 1.743416, 1.759634, 1.774568, 1.785260, 1.772099, 1.750450, 1.719899, 1.685608, 1.590373, 1.505869, 1.391662, 1.306038, 1.177333, 1.082946, 0.940351, 0.784230, 0.642021, 0.497789, 0.365651, 0.208401, 0.047913, 0.111560, 0.273028, 0.429697, 0.588120, 0.746206, 0.903775, 1.060483, 1.217129, 1.373225, 1.528014, 1.684334, 1.839288, 1.971537, 2.088422, 2.182464, 2.278664, 2.367810, 2.452713, 2.543584, 2.629712, 2.711408, 2.847801, 2.958191, 3.043742, 3.143038, 3.223008, 3.308851, 3.390608, 3.484121, 3.542017, 3.607200, 3.652751, 3.694469, 3.740555, 3.786078, 3.813993, 3.848482, 3.880159, 3.905897, 3.919370, 3.924769, 3.920121, 3.914174, 3.895920, 3.876895, 3.834161, 3.773863, 3.720541, 3.649985, 3.491182, 3.441255, 3.366373, 3.268202, 3.155481, 3.016963, 2.855074, 2.664224, 2.465489, 2.248321, 2.008262, 1.753906, 1.481819, 1.188840, 0.889146, 0.592487, 0.297040, 0.016736, 0.335193, 0.664293, 1.010148, 1.355557, 1.731512, 2.113697, 2.495824, 2.889582, 3.274586, 3.722391, 4.016124, 4.352480, 4.681227, 4.969352, 5.206418, 5.435983, 5.642532, 5.779822, 5.851601, 5.850516, 5.794350, 5.690012, 5.404063, 5.295836, 5.047313, 4.758321, 4.472380, 4.153817, 3.671774, 3.452774, 2.921396, 2.567764, 2.381018, 1.871250, 1.548721, 1.402069, 0.958941, 0.689351, 0.573818, 0.214336, 0.008498, 0.186792, 0.349133, 0.478009, 0.590374, 0.691619, 0.781046, 0.850691, 0.914513, 0.967223, 1.007165, 1.038537, 1.066789, 1.103533, 1.136295, 1.169149, 1.207692, 1.241628, 1.279338, 1.312916, 1.354537, 1.396315, 1.425885, 1.458685, 1.494735, 1.528446, 1.553472, 1.587166, 1.621333, 1.663768, 1.703912, 1.749944, 1.783005, 1.818883, 1.864679, 1.905420, 1.955820, 1.994530, 2.034858, 2.073998, 2.136087, 2.207258, 2.281569, 2.365417, 2.450553, 2.540973, 2.631076, 2.716419, 2.792518, 2.871178, 2.938384, 2.993250, 3.052017, 3.094436, 3.125601, 3.141603, 3.149487, 3.164088, 3.164488, 3.150802, 3.138303, 3.100721, 3.056913, 3.004113, 2.934726, 2.898923, 2.748121, 2.631964, 2.504751, 2.361588, 2.196475, 2.006169, 1.831073, 1.654189, 1.482591, 1.299717, 1.135152, 0.958452, 0.786917, 0.619022, 0.460868, 0.272537, 0.124010, 0.086325, 0.233774, 0.400832, 0.595356, 0.774175, 0.939443, 1.092682, 1.235963, 1.327029, 1.461933, 1.553499, 1.627517, 1.625947, 1.741607, 1.781061, 1.818688, 1.838445, 1.844201, 1.840867, 1.812027, 1.678661, 1.727515, 1.648787, 1.419705, 1.431701, 1.321483, 1.064352, 0.921786, 0.787925, 0.641529, 0.479628, 0.365238, 0.156390, 0.007502, 0.184678, 0.337909, 0.476646, 0.583390, 0.669566, 0.757766, 0.831317, 0.888850, 0.928347, 0.943725, 0.932326, 0.916289, 0.877420, 0.796029, 0.705003, 0.587280, 0.472597, 0.363481, 0.263733, 0.169574, 0.083832, 0.022684, 0.025271, 0.066460, 0.084964, 0.093730, 0.091460, 0.067501, 0.020466, 0.055555, 0.146675, 0.258914, 0.406687, 0.560607, 0.739398, 0.924495, 1.124317, 1.333415, 1.549300, 1.765924, 1.973780, 2.160104, 2.352360, 2.504584, 2.805533, 2.838848, 2.820353, 2.793416, 2.737429, 2.661033, 2.561187, 2.445694, 2.316793, 2.220565, 2.021743, 1.881646, 1.731775, 1.589597, 1.402921, 1.230534, 1.046656, 0.856464, 0.652232, 0.469123, 0.269634, 0.089140, 0.082592, 0.211891, 0.318292, 0.499185, 0.585822, 0.671089, 0.732740, 0.789055, 0.821666, 0.836001, 0.839452, 0.821518, 0.785488, 0.739487, 0.560483, 0.570129, 0.564811, 0.380677, 0.447204, 0.278230, 0.247600, 0.317211, 0.186943, 0.271690, 0.287441, 0.228720, 0.364195, 0.355304, 0.444076, 0.617191, 0.662584, 0.764220, 0.934445, 0.966191, 1.065340, 1.233292, 1.260078, 1.338419, 1.402897, 1.454260, 1.510442, 1.548628, 1.591881, 1.623521, 1.658997, 1.698842, 1.742621, 1.789719, 1.824623, 1.863840, 1.885590, 1.895648, 1.893550, 1.883145, 1.859838, 1.827083, 1.799732, 1.759211, 1.722328, 1.692902, 1.662353, 1.635026, 1.626005, 1.617971, 1.612803, 1.601096, 1.611887, 1.606862, 1.588876, 1.583874, 1.593765, 1.596389, 1.585787, 1.578882, 1.568858, 1.558882, 1.535219, 1.505405, 1.484062, 1.466905, 1.471168, 1.491206, 1.571316, 1.654476, 1.798907, 2.018291, 2.282864, 2.565976, 2.936011, 3.351327, 3.788124, 4.242602, 4.696839, 5.146363, 5.573598, 6.025441, 6.403274, 6.783262, 7.156096, 7.510380, 7.986703, 8.288804, 8.717142, 9.185610, 9.720207, 10.319321, 10.969106, 11.680533, 12.609421, 13.207634, 13.992729, 14.789443, 15.550494, 16.283931, 16.947870, 17.544792, 18.039209, 18.475469, 18.493215, 18.716305, 18.828264, 18.860743, 18.825492, 18.540552, 18.479516, 18.200184, 17.819072, 17.379475, 16.852623, 16.284024, 15.657414, 15.000317, 14.338847, 13.655851, 12.968973, 12.303754, 11.624844, 10.702764, 10.111166, 9.781470, 9.013412, 8.701116, 8.199597, 7.537771, 7.257401, 6.799532, 6.238593, 5.838201, 5.442348, 5.045257, 4.637064, 4.198496, 3.758904, 3.253439, 2.712552, 2.136400, 1.563440, 0.955903, 0.317619, 0.311978, 0.938243, 1.566453, 2.196784, 2.795463, 3.363113, 3.928048, 4.462325, 4.964475, 5.429482, 5.872047, 6.288541, 6.678881, 7.040784, 7.391538, 7.725511, 8.066670, 8.419896, 8.781209, 9.162435, 9.545583, 9.966488, 10.403478, 10.848947, 11.307418, 11.806845, 12.303975, 12.811867, 13.302248, 13.799578, 14.297087, 14.702509, 15.087888, 15.412496, 15.714927, 15.943515, 16.051157, 16.079432, 15.994653, 15.804885, 15.516588, 15.122149, 14.632205, 14.041409, 13.391305, 12.681347, 11.957056, 11.150748, 10.351773, 9.559790, 8.784938, 8.030119, 7.300321, 6.595583, 5.596797, 5.290976, 4.709080, 4.188545, 3.708035, 3.290244, 2.936140, 2.608141, 2.335515, 2.126086, 1.972938, 1.866142, 1.791185, 1.761443, 1.720500, 1.665186, 1.822366, 1.884458, 1.954053, 2.031398, 2.082809, 2.118261, 2.133731, 2.126423, 2.107030, 2.056967, 2.008523, 1.942760, 1.856209, 1.771702, 1.531269, 1.599890, 1.524125, 1.466351, 1.422251, 1.405193, 1.392932, 1.386141, 1.397740, 1.417779, 1.280772, 1.455232, 1.458999, 1.306998, 1.458712, 1.281830, 1.245493, 1.368628, 1.122468, 1.052781, 1.167362, 0.891233, 0.813940, 0.740622, 0.671467, 0.636412, 0.634563, 0.639152, 0.662063, 0.712487, 0.787345, 0.822272, 0.888772, 0.950696, 1.030421, 1.101304, 1.180497, 1.264616, 1.340676, 1.407661, 1.484399, 1.554591, 1.621220, 1.670312, 1.731602, 1.790007, 1.836474, 1.900309, 1.973624, 2.044478, 2.121566, 2.222497, 2.374458, 2.430531, 2.540396, 2.655740, 2.775455, 2.884862, 2.988393, 3.077040, 3.098649, 3.087423, 3.101640, 3.013380, 2.942307, 2.860715, 2.765715, 2.659048, 2.533823, 2.408257, 2.289937, 2.089299, 2.071702, 1.956958, 1.865083, 1.738137, 1.619583, 1.488337, 1.354078, 1.216823, 1.089236, 0.965308, 0.842510, 0.725109, 0.632877, 0.555344, 0.481091, 0.434720, 0.394757, 0.386335, 0.332738, 0.296099, 0.243804, 0.175357, 0.063396, 0.056254, 0.202970, 0.366857, 0.540702, 0.729809, 0.909268, 1.076427, 1.242795, 1.394888, 1.546524, 1.693678, 2.060250, 2.032933, 2.232825, 2.428221, 2.620696, 2.799455, 2.938314, 3.057235, 3.141547, 3.180387, 3.174537, 3.145454, 3.098474, 3.008079, 2.937215, 2.919595, 2.720020, 2.611680, 2.491060, 2.350834, 2.202545, 2.053422, 1.908314, 1.759203, 1.607345, 1.434941, 1.273643, 1.179115, 0.955405, 0.797178, 0.704246, 0.499096, 0.370638, 0.299903, 0.119032, 0.066268, 0.039411, 0.141740, 0.241086, 0.335255, 0.420794, 0.503934, 0.590696, 0.667464, 0.741833, 0.813309, 0.882204, 0.940525, 0.978608, 1.003642, 1.025767, 1.041828, 1.063511, 1.078878, 1.077359, 1.085792, 1.093228, 1.094982, 1.089872, 1.094050, 1.108040, 1.116848, 1.110394, 1.105994, 1.106226, 1.094802, 1.077778, 1.050470, 1.038727, 0.974915, 0.913049, 0.871438, 0.821738, 0.765705, 0.702867, 0.620687, 0.550013, 0.463790, 0.361330, 0.252298, 0.123781, 0.016864, 0.147747, 0.277520, 0.406997, 0.515654, 0.627995, 0.718081, 0.774093, 0.819048, 0.847616, 0.832619, 0.836614, 0.808140, 0.761433, 0.709705, 0.669405, 0.609195, 0.563983, 0.499075, 0.437403, 0.341744, 0.219245, 0.114799, 0.016094, 0.094712, 0.231441, 0.350514, 0.469716, 0.622639, 0.780376, 0.937648, 1.069649, 1.224645, 1.330184, 1.468218, 1.595720, 1.720170, 1.839831, 1.948705, 1.996537, 2.014271, 2.074707, 2.142511, 2.230916, 2.324309, 2.423929, 2.558530, 2.684350, 2.812592, 2.948275, 3.082354, 3.209816, 3.319448, 3.421801, 3.455973, 3.611176, 3.618425, 3.759152, 3.817187, 3.777402, 3.889038, 3.898582, 3.825065, 3.881657, 3.756321, 3.719821, 3.655222, 3.596612, 3.511122, 3.403806, 3.263445, 3.097912, 2.910247, 2.679160, 2.423584, 2.167852, 1.891473, 1.626873, 1.362594, 1.114768, 0.862631, 0.602898, 0.374455, 0.166156, 0.028544, 0.200720, 0.347499, 0.482632, 0.613279, 0.743890, 0.850483, 0.937028, 1.003935, 1.039819, 1.058877, 1.031185, 0.986775, 0.888528, 0.768182, 0.633131, 0.479561, 0.297671, 0.086916, 0.096664, 0.266226, 0.443229, 0.581060, 0.705622, 0.810934, 0.892362, 0.962253, 1.011384, 1.035572, 1.140708, 1.154709, 1.320145, 1.439604, 1.608490, 1.787937, 1.989947, 2.174318, 2.324637, 2.458509, 2.590692, 2.677581, 2.749790, 2.797340, 2.823723, 2.838179, 2.747276, 2.851851, 2.850499, 2.857507, 2.847647, 2.829260, 2.818502, 2.722880, 2.807131, 2.843665, 2.932985, 3.070815, 3.273293, 3.550967, 3.861965, 4.348943, 4.830034, 5.490804, 6.270003, 7.236997, 8.366290, 9.625677, 11.381977, 12.433427, 13.903497, 15.414287, 17.320233, 18.430240, 19.879823, 21.567346, 22.817434, 23.711809, 25.027130, 25.795092, 26.838748, 27.572053, 28.227214, 28.767846, 29.202599, 29.597198, 29.940831, 30.160050, 30.385358, 30.398218, 30.439722, 30.417428, 30.345097, 30.224929, 30.050453, 29.859045, 29.634039, 29.376672, 29.090863, 28.786702, 28.470151, 28.144937, 27.824537, 27.503570, 27.172715, 26.861197, 26.528893, 26.198503, 25.864417, 25.513399, 25.147884, 24.791455, 24.442595, 24.087912, 23.719475, 23.343773, 22.947090, 22.554181, 22.158591, 21.774277, 21.390359, 20.996614, 20.613716, 20.243659, 19.892520, 19.568648, 19.262930, 18.978518, 18.719567, 18.488039, 18.277602, 18.075864, 17.882410, 17.704141, 17.501046, 17.286912, 17.055906, 16.819172, 16.564627, 16.285053, 15.963071, 15.620749, 15.243873, 14.857970, 14.431454, 14.014778, 13.562604, 13.119126, 12.654057, 12.064215, 11.585675, 11.096375, 10.600884, 10.093109, 9.574859, 9.025690, 8.451951, 7.880791, 7.291710, 6.709426, 6.135235, 5.567915, 5.064504, 4.615466, 4.211640, 3.858659, 3.549279, 3.077001, 3.043953, 2.822090, 2.619935, 2.445143, 2.302440, 2.193824, 2.132804, 2.050053, 2.002694, 1.981525, 1.961788, 1.946520, 1.901339, 1.867554, 1.688866, 1.766579, 1.719278, 1.639325, 1.555245, 1.462025, 1.352858, 1.249371, 1.109176, 0.978572, 0.828532, 0.703054, 0.559076, 0.425194, 0.310324, 0.042017, 0.073365, 0.048097, 0.179930, 0.483133, 0.449525, 0.602671, 0.921546, 0.935627, 1.107434, 1.474092, 1.498923, 1.880422, 2.069431, 2.268937, 2.469892, 2.675653, 2.890562, 3.104134, 3.322275, 3.539556, 3.714990, 3.953218, 4.177689, 4.401751, 4.622569, 4.838944, 5.019014, 5.219982, 5.367238, 5.495832, 5.584527, 5.636110, 5.649030, 5.630091, 5.577614, 5.470427, 5.325791, 5.195413, 5.015719, 4.808024, 4.553854, 4.293692, 3.997697, 3.670148, 3.412291, 3.121269, 2.833040, 2.544130, 2.258374, 1.972476, 1.688733, 1.403457, 1.128033, 0.850725, 0.574297, 0.325599, 0.072017, 0.107366, 0.273575, 0.409114, 0.520575, 0.591659, 0.621924, 0.646808, 0.652309, 0.635570, 0.568671, 0.505000, 0.442592, 0.364689, 0.259434, 0.148672, 0.033688, 0.083327, 0.237780, 0.400590, 0.569093, 0.731589, 0.909509, 1.089838, 1.313000, 1.554232, 1.799186, 2.030658, 2.274092, 2.520296, 2.765761, 3.029576, 3.302013, 3.709443, 3.898619, 4.226080, 4.559959, 4.893672, 5.302607, 5.525413, 5.844408, 6.133026, 6.392884, 6.628555, 6.839659, 7.015478, 7.179752, 7.331635, 7.493942, 7.664810, 7.843103, 8.004350, 8.128296, 8.240011, 8.280838, 8.324463, 8.387021, 8.272594, 8.183704, 8.148775, 7.853280, 7.621669, 7.504095, 7.012909, 6.635034, 6.212731, 5.737618, 5.238743, 4.733020, 4.188610, 3.629110, 3.078404, 2.536894, 2.012552, 1.510099, 1.044710, 0.609553, 0.229773, 0.117327, 0.406893, 0.662243, 0.884965, 1.041020, 1.186823, 1.310923, 1.405092, 1.465097, 1.507928, 1.544564, 1.585009, 1.631292, 1.677433, 1.724546, 1.780849, 1.824463, 1.873747, 1.923252, 1.940265, 1.975766, 2.004143, 2.008789, 1.990559, 1.959926, 1.913181, 1.871906, 1.819514, 1.722545, 1.649669, 1.551224, 1.472977, 1.379748, 1.276609, 1.133008, 0.989105, 0.847334, 0.703094, 0.559115, 0.416503, 0.274153, 0.131911, 0.040616, 0.149765, 0.289343, 0.429056, 0.568180, 0.705841, 0.843241, 0.984939, 1.117837, 1.252808, 1.388102, 1.519765, 1.629782, 1.733540, 1.814212, 1.846308, 1.834918, 1.804528, 1.699733, 1.697054, 1.646881, 1.593942, 1.570620, 1.540278, 1.546738, 1.579042, 1.689258, 1.814057, 1.938931, 2.129132, 2.412368, 2.760697, 3.193517, 3.823344, 4.249723, 4.872290, 5.756154, 6.496235, 7.053324, 8.056044, 8.844751, 9.405442, 10.388079, 11.130654, 11.854288, 12.514108, 13.136716, 13.712024, 14.231091, 14.718062, 15.160643, 15.569576, 15.927189, 16.214629, 16.434403, 16.567536, 16.689478, 16.748437, 16.742860, 16.583357, 16.482950, 16.341777, 16.157161, 15.741743, 15.571912, 15.154865, 14.698477, 14.202754, 13.667754, 13.117046, 12.550064, 11.963706, 11.330830, 10.721206, 10.096074, 9.475395, 8.872504, 8.279695, 7.723336, 7.180009, 6.651450, 6.170431, 5.734716, 5.341309, 4.997984, 4.701102, 4.361580, 4.227374, 4.022470, 3.859538, 3.727368, 3.616420, 3.530622, 3.458126, 3.407415, 3.341926, 3.235249, 3.137631, 3.039699, 2.941966, 2.854620, 2.779172, 2.710931, 2.675218, 2.666532, 2.720465, 2.826175, 3.005989, 3.253270, 3.702225, 3.901352, 4.278525, 4.687172, 5.127926, 5.562492, 5.998453, 6.436259, 6.857036, 7.260031, 7.634495, 7.994616, 8.332543, 8.638031, 8.906911, 9.261288, 9.354860, 9.531409, 9.665620, 9.750531, 9.781618, 9.741057, 9.664206, 9.544899, 9.401325, 9.211244, 8.923147, 8.718885, 8.456159, 8.147157, 7.863972, 7.626682, 7.263995, 7.013384, 6.631740, 6.309242, 6.027195, 5.577945, 5.187653, 4.882393, 4.396050, 3.997645, 3.692488, 3.256763, 2.927415, 2.626670, 2.365058, 2.145184, 1.961601, 1.811929, 1.669925, 1.511220, 1.334714, 1.218951, 1.144113, 1.061506, 1.015434, 0.959455, 0.899856, 0.844402, 0.736977, 0.654209, 0.568382, 0.491343, 0.422666, 0.295651, 0.228489, 0.152026, 0.072603, 0.019415, 0.041883, 0.110604, 0.186007, 0.323329, 0.421492, 0.496686, 0.561188, 0.644212, 0.694565, 0.745700, 0.789460, 0.811776, 0.800052, 0.756937, 0.694528, 0.619628, 0.519076, 0.396511, 0.274939, 0.119691, 0.165918, 0.218066, 0.389395, 0.518749, 0.678714, 0.804075, 0.935198, 1.049533, 1.161199, 1.240562, 1.332771, 1.379487, 1.409851, 1.398753, 1.353693, 1.297053, 1.160773, 0.995970, 0.789890, 0.558196, 0.255310, 0.071976, 0.431053, 0.803117, 1.184764, 1.544007, 1.876595, 2.192193, 2.486354, 2.725473, 2.942217, 3.168632, 3.348160, 3.466765, 3.544238, 3.581100, 3.569181, 3.505943, 3.371776, 3.192259, 2.962405, 2.684634, 2.414182, 2.139863, 1.884569, 1.695642, 1.492888, 1.528292, 1.693828, 1.951831, 2.288973, 2.767243, 3.517065, 4.085488, 5.121486, 6.091840, 6.879175, 8.324950, 9.575086, 10.523448, 12.187038, 13.497471, 14.458733, 16.075658, 17.290632, 18.472657, 19.596379, 20.410478, 21.729543, 22.759267, 23.523156, 24.677462, 25.597165, 26.476422, 27.325101, 27.965683, 28.905242, 29.653777, 30.249672, 31.117949, 31.840404, 32.636053, 33.270378, 33.940285, 34.591452, 35.210541, 35.816929, 36.414800, 37.016165, 37.581454, 38.103114, 38.532473, 38.868671, 39.074961, 39.130726, 38.996319, 38.661930, 38.121629, 37.349803, 36.331773, 35.054127, 33.469235, 31.581103, 28.666108, 27.137502, 24.692435, 22.212783, 19.726810, 17.304201, 14.942895, 12.685390, 10.539826, 8.595522, 6.846465, 5.304099, 3.987489, 2.862616, 1.925080, 1.139061, 0.486839, 0.026796, 0.410658, 0.671007, 0.867511, 1.052300, 1.425871, 1.424713, 1.631302, 1.853181, 2.100341, 2.369473, 2.633266, 2.855504, 3.014753, 3.229144, 3.405219, 3.536372, 3.645069, 3.740216, 3.783779, 3.936427, 3.823805, 3.801724, 3.859286, 3.909649, 3.993689, 4.109050, 4.233610, 4.366029, 4.502566, 4.643872, 4.754795, 4.906203, 4.788797, 4.735466, 4.709207, 4.448533, 4.236286, 4.001065, 3.740433, 3.479916, 3.220416, 3.002175, 2.675747, 2.383181, 2.005874, 1.620989, 1.242942, 0.861376, 0.405502, 0.099449, 0.280738, 0.578616, 0.750040, 0.898114, 0.993196, 1.043764, 1.055164, 1.048604, 1.010453, 0.966611, 0.905092, 0.825354, 0.713033, 0.584190, 0.398349, 0.149565, 0.160468, 0.549367, 0.982129, 1.471597, 2.004743, 2.597750, 3.204865, 3.848107, 4.529330, 5.220673, 5.919569, 6.861429, 7.500441, 7.962318, 8.596249, 9.206301, 9.746781, 10.253257, 10.685681, 11.047868, 11.315100, 11.561386, 11.699551, 11.772626, 11.793253, 11.751504, 11.632152, 11.448729, 11.196535, 10.889477, 10.538493, 10.160996, 9.744418, 9.318543, 8.858080, 8.433819, 7.970640, 7.525596, 7.098028, 6.696875, 6.305669, 5.960803, 5.644292, 5.203681, 5.109004, 4.873493, 4.673146, 4.513193, 4.372344, 4.290236, 4.215743, 4.179883, 4.156462, 4.167386, 4.196376, 4.233207, 4.279847, 4.327659, 4.364947, 4.285184, 4.368012, 4.321636, 4.240392, 4.117436, 3.982089, 3.817910, 3.645055, 3.453881, 3.247084, 3.040181, 2.821651, 2.611830, 2.401488, 2.212381, 1.886497, 1.844215, 1.661251, 1.480325, 1.288180, 0.965495, 0.943993, 0.759921, 0.604641, 0.452092, 0.337336, 0.239449, 0.165992, 0.099826, 0.054909, 0.029234, 0.069111, 0.026597, 0.051146, 0.072774, 0.111236, 0.146127, 0.172285, 0.210779, 0.153548, 0.165795, 0.251427, 0.152744, 0.226093, 0.216272, 0.092686, 0.054819, 0.016686, 0.023974, 0.070073, 0.106126, 0.167976, 0.240615, 0.322280, 0.390694, 0.480337, 0.561410, 0.639628, 0.656217, 0.774498, 0.834938, 0.887636, 0.933411, 0.981632, 1.010371, 1.028466, 1.067622, 1.096245, 1.103737, 1.096887, 1.064136, 1.018941, 0.963224, 0.873742, 0.751888, 0.610128, 0.452179, 0.255090, 0.064573, 0.153048, 0.398878, 0.629716, 0.835563, 1.032554, 1.185873, 1.319379, 1.447720, 1.548953, 1.642418, 1.752169, 1.871992, 2.003466, 2.143833, 2.286944, 2.437667, 2.575112, 2.704066, 2.806936, 2.911323, 2.994055, 3.020913, 3.030018, 2.997183, 2.933527, 2.834913, 2.705994, 2.431658, 2.392945, 2.220872, 2.037737, 1.840873, 1.638140, 1.441308, 1.221095, 1.003908, 0.767552, 0.505635, 0.226081, 0.082712, 0.538002, 0.685978, 1.136985, 1.254614, 1.507207, 1.716634, 2.015512, 2.062282, 2.198334, 2.326306, 2.520907, 2.535047, 2.614895, 2.684987, 2.765883, 2.821532, 2.876757, 2.977644, 2.931099, 2.952447, 3.022620, 2.951145, 2.912273, 2.881155, 2.821354, 2.752487, 2.653689, 2.515261, 2.405467, 2.244779, 2.059183, 1.880403, 1.707936, 1.523496, 1.318393, 1.139479, 0.924368, 0.690899, 0.425465, 0.164205, 0.118708, 0.423591, 0.728376, 1.033401, 1.330588, 1.621808, 1.910022, 2.211211, 2.492848, 2.770281, 3.011605, 3.190417, 3.356788, 3.523591, 3.690366, 3.860360, 4.029781, 4.198874, 4.340166, 4.467375, 4.511054, 4.529390, 4.532276, 4.524948, 4.494111, 4.436292, 4.359433, 4.264760, 4.171551, 4.070293, 3.943516, 3.789986, 3.630832, 3.462656, 3.272063, 3.053848, 2.820216, 2.557670, 2.284584, 2.006862, 1.710224, 1.446729, 1.177083, 0.927639, 0.685064, 0.466122, 0.245775, 0.031268, 0.176294, 0.396045, 0.629099, 0.881835, 1.271389, 1.436815, 1.742766, 2.081099, 2.443138, 2.836740, 3.254281, 3.681187, 4.123059, 4.567269, 5.037085, 5.492618, 5.927685, 6.513211, 6.781333, 7.180647, 7.698708, 7.878414, 8.198213, 8.471531, 8.715406, 9.045176, 9.176316, 9.279217, 9.321583, 9.294595, 9.215178, 9.044437, 8.780890, 8.445897, 8.023541, 7.344863, 6.958591, 6.308419, 5.603115, 4.856290, 4.090157, 3.327692, 2.569188, 1.840828, 1.118866, 0.412412, 0.284798, 0.972756, 1.671152, 2.373876, 3.377505, 3.803937, 4.798511, 5.193034, 5.837067, 6.709510, 7.001034, 7.486978, 7.883730, 8.158028, 8.415398, 8.381202, 8.329360, 8.128924, 7.835714, 7.432082, 6.940860, 6.387549, 5.906455, 4.972980, 4.160440, 3.271289, 2.313833, 1.281720, 0.155493, 1.049973, 2.336998, 3.702688, 5.142720, 6.657738, 8.220864, 9.800340, 11.403061, 12.998058, 14.557801, 16.068308, 17.539219, 18.952184, 20.325156, 21.624963, 22.863091, 24.031651, 25.149525, 26.195863, 27.139576, 28.009486, 28.816465, 29.530111, 30.171928, 30.700714, 31.120326, 31.435999, 31.636268, 31.822666, 31.936210, 32.018425, 32.088125, 32.145075, 32.207616, 32.258421, 32.303343, 32.363526, 32.458553, 32.548036, 32.675645, 32.860736, 33.006464, 33.165068, 33.269935, 33.348068, 33.383273, 33.381924, 33.353101, 33.306908, 33.225359, 33.118943, 32.980364, 32.825979, 32.635261, 32.431483, 32.212604, 31.986372, 31.734095, 31.479896, 31.204420, 30.767782, 30.573586, 30.222058, 29.853848, 29.454015, 29.030365, 28.561000, 28.069646, 27.321762, 27.044869, 26.525808, 25.999560, 25.512264, 25.070348, 24.710492, 24.453857, 24.314407, 24.286250, 24.359087, 24.570686, 24.902391, 25.335920, 25.877188, 26.663089, 27.194239, 27.912231, 28.626915, 29.326555, 29.983446, 30.575001, 31.128610, 31.619680, 32.074136, 32.514981, 32.966266, 33.544918, 33.963032, 34.522257, 35.256561, 35.768122, 36.457726, 37.342810, 37.937657, 38.935587, 39.764987, 40.414540, 41.486252, 42.340943, 43.186930, 44.035145, 44.851734, 45.640825, 46.398359, 47.132141, 47.821651, 48.465340, 49.070791, 49.623395, 50.127773, 50.589333, 50.995566, 51.346948, 51.613728, 51.867403, 52.052583, 52.159275, 52.202144, 52.188309, 52.121940, 51.985582, 51.794549, 51.564794, 51.295725, 50.993349, 50.661411, 50.292943, 49.904612, 49.506441, 49.119363, 48.701864, 48.290141, 47.888960, 47.481905, 47.068699, 46.648902, 46.225023, 45.820160, 45.417082, 45.042098, 44.622774, 44.239086, 43.863832, 43.484292, 43.108945, 42.593174, 42.392978, 42.040940, 41.697206, 41.371672, 41.068515, 40.781075, 40.522181, 40.284653, 40.084239, 39.914789, 39.787068, 39.660869, 39.578511, 39.504306, 39.436332, 39.378930, 39.340534, 39.316319, 39.243601, 39.355593, 39.424409, 39.540938, 39.708472, 39.934488, 40.178794, 40.454931, 40.866098, 41.188545, 41.661077, 42.193860, 42.824672, 43.563309, 44.416903, 45.632097, 46.424875, 47.555188, 48.768343, 50.062624, 51.416813, 52.836277, 54.289653, 55.754464, 57.627334, 59.066501, 60.088666, 61.851747, 63.191074, 64.420169, 65.580629, 66.393053, 67.655959, 68.343690, 69.173148, 70.027291, 70.492830, 70.945582, 71.238584, 71.383372, 71.361577, 71.245126, 71.212666, 70.857004, 70.631734, 70.401827, 70.199446, 70.021866, 69.873392, 69.779149, 69.701179, 69.655843, 69.613626, 69.556293, 69.503844, 69.418862, 69.287406, 69.134473, 68.800570, 68.449231, 68.033327, 67.541111, 66.981247, 66.350321, 65.644703, 64.877464, 64.061416, 63.190868, 62.263013, 61.310340, 60.326929, 59.341868, 58.350054, 57.375825, 56.443528, 55.552470, 54.712064, 53.926519, 53.222066, 52.599875, 52.078081, 51.652328, 51.331785, 51.112403, 51.000134, 50.976704, 51.049049, 51.238082, 51.441648, 51.733170, 52.082300, 52.447949, 52.826371, 53.179089, 53.504198, 53.788880, 54.016476, 54.224734, 54.432292, 54.591248, 54.698348, 54.834073, 54.985761, 55.180678, 55.430553, 55.868980, 56.245215, 56.794692, 57.446110, 58.217668, 59.060118, 60.033566, 61.125107, 62.321346, 63.579423, 64.889901, 66.212548, 67.527693, 69.199757, 70.083399, 71.633610, 72.462591, 73.578644, 74.672020, 75.724951, 76.745875, 77.716186, 78.614960, 79.447691, 80.204603, 80.862311, 81.444003, 81.972469, 82.540101, 82.832784, 83.177791, 83.473551, 83.681258, 83.866630, 83.950921, 83.938706, 83.831011, 83.620776, 83.335978, 82.981045, 82.561608, 82.108650, 81.610677, 81.095309, 80.565547, 79.825847, 79.340527, 79.093798, 78.509704, 78.183798, 78.055040, 77.686010, 77.519471, 77.391262, 77.321577, 77.294030, 77.297708, 77.338518, 77.386414, 77.429906, 77.502421, 77.566946, 77.628602, 77.689040, 77.734681, 77.792037, 77.833374, 77.876511, 77.938622, 77.996372, 78.062044, 78.103266, 78.140506, 78.170035, 78.219013, 78.258785, 78.280792, 78.287416, 78.277045, 78.250436, 78.256135, 78.309439, 78.358440, 78.429949, 78.519862, 78.614054, 78.693963, 78.816438, 78.915786, 79.020066, 79.122019, 79.206735, 79.257775, 79.269823, 79.293917, 79.263308, 79.191019, 79.069774, 78.935235, 78.758192, 78.554010, 78.353270, 78.151968, 77.946341, 77.665565, 77.366551, 77.059996, 76.789300, 76.497150, 76.211506, 75.926093, 75.655566, 75.389388, 75.141916, 74.931949, 74.711583, 74.431948, 74.237693, 74.020987, 73.804704, 73.586549, 73.367064, 73.147754, 72.948067, 72.751710, 72.571595, 72.435651, 72.326751, 72.238192, 72.151311, 72.071596, 72.000364, 71.938467, 71.889187, 71.838009, 71.772029, 71.754741, 71.616637, 71.534986, 71.443275, 71.338800, 71.248473, 71.222333, 71.124286, 71.207958, 71.176063, 71.436847, 71.696150, 71.811593, 72.132849, 72.687190, 73.066043, 73.260695, 73.839235, 74.011970, 74.501298, 74.729823, 74.903551, 75.011658, 75.053309, 74.957524, 74.864051, 74.641726, 74.394140, 74.055984, 73.651625, 73.202005, 72.699214, 72.135352, 71.534053, 70.880196, 70.186154, 69.430044, 68.633938, 67.798418, 66.938315, 66.056030, 65.162081, 64.254872, 63.332939, 62.412577, 61.513676, 60.625019, 59.754352, 58.899599, 58.055129, 57.223382, 56.408566, 55.599004, 54.780409, 53.976319, 53.149460, 52.304052, 51.449778, 50.604480, 49.771304, 48.938895, 48.121691, 47.346466, 46.630105, 45.985585, 45.445970, 45.031966, 44.727958, 44.491301, 44.407280, 44.441662, 44.591108, 45.067151, 45.393798, 45.807709, 46.298948, 46.833338, 47.414766, 48.019227, 48.666009, 49.335283, 50.010922, 50.691896, 51.363713, 52.015876, 52.645940, 53.213429, 53.736008, 54.206598, 54.623338, 55.177662, 55.309863, 55.583537, 55.805927, 55.980836, 56.133840, 56.259524, 56.345964, 56.398115, 56.412282, 56.365615, 56.337936, 56.246843, 56.142719, 56.016277, 55.859983, 55.689453, 55.416303, 55.126455, 54.837501, 54.528068, 54.222757, 53.755627, 53.469147, 53.084999, 52.680357, 52.251832, 51.786721, 51.271596, 50.704587, 50.059589, 49.326010, 48.253703, 47.499232, 46.396891, 45.153740, 43.808758, 42.335190, 40.799472, 39.195241, 37.557380, 35.919884, 34.309969, 32.716808, 31.221530, 29.392661, 28.399434, 26.769171, 25.547771, 24.672494, 23.269638, 22.209465, 21.191867, 20.262327, 19.422389, 18.847723, 18.104673, 17.605270, 17.182920, 16.834583, 16.563423, 16.288413, 16.015300, 15.739334, 15.446710, 15.127505, 14.838044, 14.524294, 14.192772, 13.831926, 13.473103, 13.092233, 12.685911, 12.263625, 11.813910, 11.349233, 10.858873, 10.381012, 9.905413, 9.440075, 8.958644, 8.488391, 8.021580, 7.555574, 7.067898, 6.566890, 6.051948, 5.535176, 5.037328, 4.559274, 4.100908, 3.665223, 3.259111, 2.874414, 2.508028, 2.193663, 1.942648, 1.696006, 1.452500, 1.212029, 0.998344, 0.848318, 0.739196, 0.654908, 0.608348, 0.594197, 0.608283, 0.636753, 0.661407, 0.717728, 0.771142, 0.827475, 0.878398, 0.952394, 1.062004, 1.185909, 1.340294, 1.524921, 1.751640, 2.001548, 2.256794, 2.526829, 2.914076, 3.008965, 3.200038, 3.338579, 3.414131, 3.451853, 3.443180, 3.383958, 3.275942, 3.104279, 2.892267, 2.682805, 2.472831, 2.263257, 2.053686, 1.846826, 1.633523, 1.425374, 1.175380, 0.935364, 0.689018, 0.478298, 0.255102, 0.048417, 0.193750, 0.350740, 0.544703, 0.740272, 0.935363, 1.129849, 1.302185, 1.428443, 1.566463, 1.655972, 1.749631, 1.829673, 1.908294, 1.982426, 2.068103, 2.158600, 2.244334, 2.277279, 2.385502, 2.445718, 2.429928, 2.504971, 2.448034, 2.420069, 2.463211, 2.343552, 2.300968, 2.316219, 2.207844, 2.172807, 2.127502, 2.074296, 2.013014, 1.947152, 1.873805, 1.792102, 1.716101, 1.622139, 1.528299, 1.432896, 1.335013, 1.226193, 1.119633, 1.015586, 0.913977, 0.806582, 0.711773, 0.615313, 0.519909, 0.422857, 0.327911, 0.251812, 0.147802, 0.061973, 0.019233, 0.112461, 0.207925, 0.297177, 0.398589, 0.507559, 0.601476, 0.693359, 0.772375, 0.857209, 0.935109, 1.007005, 1.074328, 1.144334, 1.192783, 1.250008, 1.289721, 1.309853, 1.292307, 1.300295, 1.294501, 1.286866, 1.266562, 1.265157, 1.246938, 1.249912, 1.217733, 1.161192, 1.046064, 0.948853, 0.823098, 0.690404, 0.550474, 0.376557, 0.192598, 0.000295, 0.208539, 0.419480, 0.608900, 0.810357, 0.986446, 1.170759, 1.276809, 1.481182, 1.672321, 1.866940, 2.040162, 2.236059, 2.439121, 2.649679, 2.863256, 3.079724, 3.276885, 3.450695, 3.616831, 3.788128, 3.920527, 4.044612, 4.150623, 4.170462, 4.256743, 4.245647, 4.175375, 4.009042, 3.943000, 3.791119, 3.599711, 3.388391, 3.142844, 2.896430, 2.610382, 2.190926, 1.987906, 1.631460, 1.140129, 0.753957, 0.469141, 0.053848, 0.489477, 0.922046, 1.253992, 1.804231, 2.249111, 2.666649, 3.058487, 3.430362, 3.780161, 4.098755, 4.390962, 4.678839, 4.916529, 5.110267, 5.284371, 5.425091, 5.469964, 5.453826, 5.381405, 5.236060, 5.015280, 4.758918, 4.446853, 4.107320, 3.772837, 3.430558, 3.090538, 2.763560, 2.422633, 2.123781, 1.847006, 1.570763, 1.312130, 1.074493, 0.861052, 0.671867, 0.490182, 0.345210, 0.220263, 0.136769, 0.065254, 0.049940, 0.072617, 0.082710, 0.113270, 0.146832, 0.191380, 0.252590, 0.294365, 0.333574, 0.370962, 0.397933, 0.434387, 0.464146, 0.497714, 0.540447, 0.571204, 0.683234, 0.773562, 0.863618, 0.967086, 1.081304, 1.155101, 1.257861, 1.344706, 1.401967, 1.450723, 1.473155, 1.452025, 1.413002, 1.357695, 1.215603, 1.163694, 1.171498, 1.106141, 1.040836, 0.980657, 0.930808, 0.887834, 0.852654, 0.818788, 0.792931, 0.746759, 0.721395, 0.663156, 0.680384, 0.545675, 0.607146, 0.559967, 0.515870, 0.475693, 0.435185, 0.386672, 0.342271, 0.311137, 0.255300, 0.233180, 0.102008, 0.158987, 0.029438, 0.102776, 0.003616, 0.008365, 0.028264, 0.140290, 0.105641, 0.136997, 0.190882, 0.241658, 0.306335, 0.383548, 0.474003, 0.560869, 0.639472, 0.722595, 0.813651, 0.874183, 0.933681, 0.982667, 1.028843, 1.041172, 1.043844, 1.029633, 1.011669, 0.986524, 0.962158, 0.928481, 0.896142, 0.855949, 0.840596, 0.829691, 0.839915, 0.835122, 0.830831, 0.831306, 0.824566, 0.811856, 0.790922, 0.765982, 0.740575, 0.692890, 0.648765, 0.611698, 0.579700, 0.546305, 0.515898, 0.495554, 0.432409, 0.380797, 0.311052, 0.252271, 0.201975, 0.144281, 0.092175, 0.027638, 0.031180, 0.085330, 0.139186, 0.189417, 0.241821, 0.298826, 0.350646, 0.383297, 0.407102, 0.436198, 0.442456, 0.448410, 0.453692, 0.456948, 0.500995, 0.480338, 0.493371, 0.502217, 0.512629, 0.524270, 0.536801, 0.545195, 0.692607, 0.562768, 0.573131, 0.573039, 0.566886, 0.548479, 0.556205, 0.580413, 0.597139, 0.636023, 0.705984, 0.786742, 0.907130, 1.034507, 1.177911, 1.523547, 1.482570, 1.635012, 1.768320, 1.891576, 1.983890, 2.055085, 2.091822, 2.084043, 2.079860, 2.038081, 1.983219, 1.910924, 1.804304, 1.684879, 1.651255, 1.422945, 1.330805, 1.081412, 0.896479, 0.750552, 0.534683, 0.241914, 0.037542, 0.214493, 0.493023, 0.784672, 1.123545, 1.392117, 1.681639, 1.954065, 2.219802, 2.461046, 2.671240, 2.854262, 3.009534, 3.168578, 3.255464, 3.346956, 3.415156, 3.471155, 3.491685, 3.490719, 3.468903, 3.416466, 3.343315, 3.269531, 3.176462, 3.074301, 2.975162, 2.857835, 2.720646, 2.601741, 2.469800, 2.387890, 2.178009, 2.035956, 1.905103, 1.761014, 1.608722, 1.444200, 1.274597, 1.115683, 0.965686, 0.819599, 0.683078, 0.558338, 0.440711, 0.344306, 0.251250, 0.178157, 0.096711, 0.045726, 0.009345, 0.070935, 0.122428, 0.157481, 0.169025, 0.183137, 0.166271, 0.148232, 0.099029, 0.029303, 0.042768, 0.120120, 0.191968, 0.253135, 0.306454, 0.353511, 0.407920, 0.464197, 0.511079, 0.564013, 0.630325, 0.723316, 0.833983, 0.953624, 1.092352, 1.237151, 1.375721, 
,,,0.013363, 0.037316, 0.054122, 0.078055, 0.093401, 0.104986, 0.116224, 0.127052, 0.137957, 0.150146, 0.161165, 0.172286, 0.184394, 0.201029, 0.217769, 0.234398, 0.251033, 0.267699, 0.284453, 0.302547, 0.317470, 0.334195, 0.350812, 0.367772, 0.384140, 0.400814, 0.417495, 0.434302, 0.450853, 0.467523, 0.484209, 0.500868, 0.517546, 0.534171, 0.552531, 0.571068, 0.584331, 0.601486, 0.617884, 0.634348, 0.650924, 0.667703, 0.684240, 0.701000, 0.717730, 0.734458, 0.751152, 0.767998, 0.784639, 0.803388, 0.818077, 0.834690, 0.851564, 0.868049, 0.884746, 0.901310, 0.918056, 0.934720, 0.951464, 0.968057, 0.984735, 1.001450, 1.018138, 1.034747, 1.053362, 1.068217, 1.084801, 1.101519, 1.118154, 1.134690, 1.151415, 1.168044, 1.184724, 1.201431, 1.218050, 1.234767, 1.251513, 1.268119, 1.284851, 1.303350, 1.318190, 1.334902, 1.351926, 1.368166, 1.384893, 1.401583, 1.419170, 1.434993, 1.452459, 1.468422, 1.485037, 1.501746, 1.518368, 1.535103, 1.553417, 1.568533, 1.585723, 1.601723, 1.618389, 1.635047, 1.651738, 1.669456, 1.689643, 1.707424, 1.723537, 1.738347, 1.751954, 1.768437, 1.785144, 1.803467, 1.818533, 1.835158, 1.851857, 1.868491, 1.885215, 1.901924, 1.918605, 1.935215, 1.951937, 1.968649, 1.985236, 2.003510, 2.018687, 2.035336, 2.053419, 2.068730, 2.085931, 2.102061, 2.119571, 2.135500, 2.152073, 2.168795, 2.185468, 2.202144, 2.218860, 2.235536, 2.252197, 2.270931, 2.285604, 2.304411, 2.318958, 2.336047, 2.352292, 2.368958, 2.385647, 2.403164, 2.419104, 2.435694, 2.452354, 2.469089, 2.485802, 2.502472, 2.519083, 2.535876, 2.554392, 2.570319, 2.589951, 2.602705, 2.619471, 2.636130, 2.652835, 2.669539, 2.686208, 2.702956, 2.719609, 2.736242, 2.752938, 2.769597, 2.786416, 2.804331, 2.820192, 2.836355, 2.853008, 2.869674, 2.887169, 2.903193, 2.919731, 2.936494, 2.953058, 2.969791, 2.986502, 3.003144, 3.019824, 3.036567, 3.054384, 3.070393, 3.086550, 3.103163, 3.119888, 3.136551, 3.153279, 3.169915, 3.186665, 3.203282, 3.219944, 3.236646, 3.253302, 3.270004, 3.286900, 3.305313, 3.320204, 3.336764, 3.353407, 3.370133, 3.387798, 3.403671, 3.420257, 3.437021, 3.453688, 3.470309, 3.487018, 3.503671, 3.520399, 3.537092, 3.556427, 3.570739, 3.586938, 3.603577, 3.620229, 3.636907, 3.653706, 3.670289, 3.686926, 3.703671, 3.720305, 3.736969, 3.753712, 3.770757, 3.787130, 3.807360, 3.820364, 3.837973, 3.854824, 3.870586, 3.887196, 3.905309, 3.920786, 3.937270, 3.953979, 3.970593, 3.987310, 4.003959, 4.022260, 4.037302, 4.054500, 4.072469, 4.087253, 4.103937, 4.120567, 4.140756, 4.153907, 4.171463, 4.187405, 4.204003, 4.220709, 4.237360, 4.254035, 4.271116, 4.288369, 4.304767, 4.322406, 4.337466, 4.354122, 4.370802, 4.387517, 4.404127, 4.420811, 4.437551, 4.454143, 4.470858, 4.487552, 4.504254, 4.520927, 4.537668, 4.554294, 4.572302, 4.587590, 4.604271, 4.620957, 4.637555, 4.654263, 4.670943, 4.687642, 4.704285, 4.720972, 4.737633, 4.755328, 4.771274, 4.787813, 4.805296, 4.824326, 4.837974, 4.854605, 4.872100, 4.888004, 4.904630, 4.921253, 4.937978, 4.954654, 4.971287, 4.987934, 5.004618, 5.021226, 5.037887, 5.054536, 5.073272, 5.087782, 5.104431, 5.122005, 5.137961, 5.154539, 5.172090, 5.188020, 5.204613, 5.221269, 5.238808, 5.254825, 5.271551, 5.288301, 5.304972, 5.323370, 5.338070, 5.354752, 5.371407, 5.388380, 5.404795, 5.421440, 5.438179, 5.454793, 5.471476, 5.488179, 5.505042, 5.521730, 5.538317, 5.555142, 5.573266, 5.588390, 5.606628, 5.621792, 5.639320, 5.655151, 5.671810, 5.688441, 5.705052, 5.721766, 5.738491, 5.755164, 5.772074, 5.788497, 5.805149, 5.823360, 5.839854, 5.855132, 5.871720, 5.888365, 5.905130, 5.922613, 5.938543, 5.955139, 5.972639, 5.988665, 6.005184, 6.021962, 6.038554, 6.055226, 6.073326, 6.088569, 6.105237, 6.121935, 6.138590, 6.155236, 6.171880, 6.188553, 6.205228, 6.221906, 6.238532, 6.255289, 6.276096, 6.289039, 6.305267, 6.323230, 6.338588, 6.355290, 6.371888, 6.388647, 6.405294, 6.422814, 6.438898, 6.455423, 6.472084, 6.488900, 6.505544, 6.522194, 6.538958, 6.555431, 6.574268, 6.588800, 6.605488, 6.622138, 6.638770, 6.655478, 6.672102, 6.688879, 6.705518, 6.722164, 6.739850, 6.755703, 6.772838, 6.789076, 6.805603, 6.824227, 6.839037, 6.855674, 6.873840, 6.889329, 6.905810, 6.922530, 6.939278, 6.955985, 6.972840, 6.989597, 7.007186, 7.023203, 7.039657, 7.056307, 7.074320, 7.089614, 7.106295, 7.122937, 7.139642, 7.156312, 7.173013, 7.189642, 7.206345, 7.223031, 7.239785, 7.256333, 7.273301, 7.289727, 7.306415, 7.325217, 7.339731, 7.356419, 7.374028, 7.389904, 7.406503, 7.423205, 7.440815, 7.456713, 7.473284, 7.490032, 7.506824, 7.523710, 7.540903, 7.558275, 7.575329, 7.589946, 7.606732, 7.623399, 7.640057, 7.656697, 7.673439, 7.690102, 7.706801, 7.723416, 7.740155, 7.757683, 7.775548, 7.790203, 7.806939, 7.825325, 7.840253, 7.856887, 7.873615, 7.893778, 7.906946, 7.923606, 7.940332, 7.956963, 7.973662, 7.990316, 8.007004, 8.023702, 8.040356, 8.056995, 8.075192, 8.090405, 8.107095, 8.123727, 8.140457, 8.157153, 8.173765, 8.190461, 8.207160, 8.223836, 8.240673, 8.257808, 8.274035, 8.290789, 8.307380, 8.326155, 8.340739, 8.357449, 8.374125, 8.390769, 8.407417, 8.424154, 8.440804, 8.457477, 8.474383, 8.491469, 8.507754, 8.524421, 8.541056, 8.557746, 8.576160, 8.591100, 8.607710, 8.624479, 8.641143, 8.657733, 8.674494, 8.691182, 8.707869, 8.724559, 8.741709, 8.758310, 8.774598, 8.791259, 8.807907, 8.826112, 8.841280, 8.857960, 8.874628, 8.891322, 8.907979, 8.924712, 8.941282, 8.958150, 8.974816, 8.991893, 9.008065, 9.024797, 9.041421, 9.058145, 9.076085, 9.091414, 9.108097, 9.126294, 9.141399, 9.158054, 9.174538, 9.191253, 9.207948, 9.224652, 9.241404, 9.257993, 9.274662, 9.291367, 9.307991, 9.325942, 9.342292, 9.359736, 9.374810, 9.391505, 9.408201, 9.424926, 9.441618, 9.458422, 9.474975, 9.492180, 9.512131, 9.525723, 9.541655, 9.558109, 9.576021, 9.591431, 9.608139, 9.624794, 9.641495, 9.659019, 9.675741, 9.691602, 9.708112, 9.725708, 9.741702, 9.758156, 9.774857, 9.791501, 9.808152, 9.825690, 9.843404, 9.858228, 9.874923, 9.891531, 9.908278, 9.924926, 9.941558, 9.958378, 9.975785, 9.992241, 10.008295, 10.024964, 10.041601, 10.058276, 10.074933, 10.093181, 10.108285, 10.125807, 10.141785, 10.158404, 10.175066, 10.191716, 10.208482, 10.225142, 10.241945, 10.258386, 10.275174, 10.291785, 10.308461, 10.325144, 10.343095, 10.358468, 10.375058, 10.391803, 10.408495, 10.425970, 10.442035, 10.458673, 10.475715, 10.491935, 10.508586, 10.525232, 10.542021, 10.558731, 10.575466, 10.594107, 10.608823, 10.625497, 10.642205, 10.658885, 10.675505, 10.692206, 10.708856, 10.726053, 10.742263, 10.758929, 10.776484, 10.792409, 10.808957, 10.825664, 10.844116, 10.858972, 10.875622, 10.892318, 10.908975, 10.925693, 10.942435, 10.959136, 10.976203, 10.992355, 11.009051, 11.025729, 11.043400, 11.059135, 11.075769, 11.094064, 11.109150, 11.125851, 11.143394, 11.159359, 11.175912, 11.192661, 11.209382, 11.227548, 11.242647, 11.259328, 11.275996, 11.292667, 11.309432, 11.326927, 11.344176, 11.359423, 11.376062, 11.392748, 11.409519, 11.426294, 11.443044, 11.459792, 11.476651, 11.495537, 11.509939, 11.526530, 11.543185, 11.560748, 11.576720, 11.595197, 11.609937, 11.626644, 11.643344, 11.660034, 11.676875, 11.693373, 11.710579, 11.726593, 11.743289, 11.759937, 11.776562, 11.793275, 11.813744, 11.826543, 11.845062, 11.859986, 11.876596, 11.893318, 11.910007, 11.926682, 11.943477, 11.960646, 11.976707, 11.993458, 12.011077, 12.026946, 12.043504, 12.060169, 12.076861, 12.095916, 12.110373, 12.126908, 12.143598, 12.160305, 12.176989, 12.193758, 12.210274, 12.226997, 12.243708, 12.260315, 12.277027, 12.293728, 12.310376, 12.327061, 12.345013, 12.360408, 12.377093, 12.394045, 12.410559, 12.427328, 12.444785, 12.460698, 12.477263, 12.493898, 12.510559, 12.527291, 12.544003, 12.560615, 12.577257, 12.596910, 12.610892, 12.628301, 12.644275, 12.660846, 12.677600, 12.694788, 12.710836, 12.727485, 12.744195, 12.760897, 12.777600, 12.794229, 12.810893, 12.827573, 12.846006, 12.860789, 12.877430, 12.894080, 12.910815, 12.927460, 12.944641, 12.961812, 12.977589, 12.994223, 13.010873, 13.027526, 13.044199, 13.060877, 13.077573, 13.096022, 13.111836, 13.127764, 13.145310, 13.161237, 13.177861, 13.195023, 13.211089, 13.227834, 13.244500, 13.262047, 13.279572, 13.294612, 13.311274, 13.327957, 13.346165, 13.361225, 13.377924, 13.394576, 13.411323, 13.428167, 13.444685, 13.461319, 13.477973, 13.494596, 13.511274, 13.529436, 13.544656, 13.561367, 13.577991, 13.596014, 13.611329, 13.628049, 13.644749, 13.661390, 13.678261, 13.694755, 13.712278, 13.728287, 13.744827, 13.761480, 13.778247, 13.794815, 13.811522, 13.828245, 13.846015, 13.861572, 13.878233, 13.894975, 13.915162, 13.928565, 13.945193, 13.961593, 13.978250, 13.994952, 14.011755, 14.028321, 14.044950, 14.061632, 14.078291, 14.097766, 14.111898, 14.128455, 14.145316, 14.162133, 14.178855, 14.195788, 14.212477, 14.229183, 14.245919, 14.262569, 14.279290, 14.295899, 14.312542, 14.329190, 14.347945, 14.363462, 14.379691, 14.396080, 14.412788, 14.429359, 14.446040, 14.462750, 14.479396, 14.496110, 14.512746, 14.529410, 14.546072, 14.562692, 14.579363, 14.597973, 14.612696, 14.629410, 14.646238, 14.663007, 14.679659, 14.697176, 14.712915, 14.730410, 14.747241, 14.763952, 14.779701, 14.796341, 14.812951, 14.829679, 14.848106, 14.863008, 14.879867, 14.896440, 14.915119, 14.930194, 14.946430, 14.963989, 14.979979, 14.996642, 15.013324, 15.029969, 15.046643, 15.063312, 15.082367, 15.098167, 15.113514, 15.130063, 15.146761, 15.163329, 15.180305, 15.196762, 15.213394, 15.230123, 15.247668, 15.263621, 15.280300, 15.296988, 15.317594, 15.330275, 15.349099, 15.363610, 15.381280, 15.397509, 15.413510, 15.431615, 15.446925, 15.463474, 15.479996, 15.496602, 15.513324, 15.529938, 15.546645, 15.563431, 15.580000, 15.596709, 15.615031, 15.630068, 15.646803, 15.663468, 15.680043, 15.696744, 15.713225, 15.729981, 15.746477, 15.763208, 15.779889, 15.797425, 15.813437, 15.830043, 15.846717, 15.864985, 15.880120, 15.896862, 15.913416, 15.930078, 15.947626, 15.963535, 15.980119, 15.996799, 16.013473, 16.030104, 16.047603, 16.063528, 16.080132, 16.096829, 16.115004, 16.130205, 16.146817, 16.163899, 16.180151, 16.196821, 16.213526, 16.230176, 16.246870, 16.263519, 16.281121, 16.297013, 16.313601, 16.330275, 16.346986, 16.364994, 16.380443, 16.397545, 16.413740, 16.431858, 16.447062, 16.463718, 16.480334, 16.497040, 16.513698, 16.530413, 16.547086, 16.563742, 16.580461, 16.597182, 16.615869, 16.631238, 16.648982, 16.664020, 16.680650, 16.698257, 16.714314, 16.734719, 16.747393, 16.764124, 16.780832, 16.797463, 16.814166, 16.830814, 16.847527, 16.865952, 16.880848, 16.897673, 16.914265, 16.931775, 16.947686, 16.964300, 16.980936, 16.997683, 17.016372, 17.033207, 17.047754, 17.064421, 17.081074, 17.097824, 17.115959, 17.131122, 17.148248, 17.165306, 17.181388, 17.197889, 17.214559, 17.231255, 17.247938, 17.264595, 17.281300, 17.297931, 17.314685, 17.331325, 17.348052, 17.365906, 17.382305, 17.398562, 17.414628, 17.431389, 17.448095, 17.464684, 17.481383, 17.498091, 17.514793, 17.531429, 17.548115, 17.564798, 17.581474, 17.598167, 17.616873, 17.631518, 17.648296, 17.664861, 17.681503, 17.698159, 17.714823, 17.731441, 17.748106, 17.765634, 17.781701, 17.798173, 17.814898, 17.831539, 17.848243, 17.866901, 17.881823, 17.898241, 17.914947, 17.931588, 17.948192, 17.964874, 17.982362, 17.998292, 18.015012, 18.031536, 18.048174, 18.065749, 18.081672, 18.098382, 18.116867, 18.131637, 18.148349, 18.164970, 18.181635, 18.198272, 18.216436, 18.232534, 18.248477, 18.265038, 18.281742, 18.298382, 18.315075, 18.331772, 18.348468, 18.366889, 18.382068, 18.399544, 18.415477, 18.433065, 18.448979, 18.465520, 18.483782, 18.499011, 18.515609, 18.533234, 18.549199, 18.565726, 18.582418, 18.599123, 18.617996, 18.632364, 18.649081, 18.665641, 18.682347, 18.699097, 18.715717, 18.732411, 18.749031, 18.765713, 18.782444, 18.799072, 18.815693, 18.832493, 18.853201, 18.867833, 18.882381, 18.899057, 18.915675, 18.932372, 18.949061, 18.965726, 18.982430, 18.999134, 19.015791, 19.032432, 19.049129, 19.065811, 19.082547, 19.099135, 19.118684, 19.132666, 19.150145, 19.166121, 19.182703, 19.199410, 19.216015, 19.232725, 19.249358, 19.267000, 19.283020, 19.299758, 19.317279, 19.333303, 19.349771, 19.369748, 19.384303, 19.399817, 19.416389, 19.432993, 19.449657, 19.466341, 19.483767, 19.499672, 19.516261, 19.532972, 19.549630, 19.566325, 19.583925, 19.599817, 19.618762, 19.633029, 19.649712, 19.666426, 19.683040, 19.699719, 19.716416, 19.733062, 19.749729, 19.766358, 19.783025, 19.799684, 19.816350, 19.833062, 19.849933, 19.868719, 19.883220, 19.900004, 19.916818, 19.933495, 19.950149, 19.966850, 19.985045, 20.000257, 20.016894, 20.033574, 20.050234, 20.066975, 20.083650, 20.100874, 20.118741, 20.133683, 20.151800, 20.167980, 20.183873, 20.200552, 20.217088, 20.233829, 20.250457, 20.267188, 20.283863, 20.304487, 20.317255, 20.333895, 20.351123, 20.368664, 20.383707, 20.400265, 20.416831, 20.433518, 20.450214, 20.466933, 20.483571, 20.500235, 20.516956, 20.533643, 20.550285, 20.567266, 20.583691, 20.600948, 20.618595, 20.633606, 20.650379, 20.667102, 20.683763, 20.700417, 20.717115, 20.734676, 20.750619, 20.767231, 20.783926, 20.800599, 20.817233, 20.833791, 20.850435, 20.866979, 20.884827, 20.900266, 20.916847, 20.933594, 20.950245, 20.966830, 20.983537, 21.000245, 21.016941, 21.034475, 21.050444, 21.067025, 21.083642, 21.100790, 21.117052, 21.135775, 21.150384, 21.167089, 21.183727, 21.200418, 21.217065, 21.233756, 21.250413, 21.267124, 21.283866, 21.300474, 21.317110, 21.333898, 21.350422, 21.368034, 21.385899, 21.400598, 21.417302, 21.434063, 21.450578, 21.467307, 21.483945, 21.500690, 21.517294, 21.534006, 21.550724, 21.567396, 21.584087, 21.600775, 21.617348, 21.635696, 21.650685, 21.667395, 21.684029, 21.700699, 21.718829, 21.734337, 21.750794, 21.767558, 21.784174, 21.800866, 21.817620, 21.834201, 21.850898, 21.867559, 21.885747, 21.900919, 21.917576, 21.934243, 21.950911, 21.967547, 21.984225, 22.000901, 22.019085, 22.034316, 22.051022, 22.067689, 22.084359, 22.101002, 22.117670, 22.135660, 22.151052, 22.167709, 22.184391, 22.201065, 22.217760, 22.234407, 22.251093, 22.267760, 22.285521, 22.301325, 22.317943, 22.334567, 22.351246, 22.367932, 22.386691, 22.402788, 22.417975, 22.434671, 22.451276, 22.467961, 22.484639, 22.501313, 22.518793, 22.534896, 22.551529, 22.568418, 22.585255, 22.601496, 22.618148, 22.636747, 22.651473, 22.668214, 22.684904, 22.701561, 22.718242, 22.734894, 22.752442, 22.772171, 22.784966, 22.801759, 22.818476, 22.835070, 22.851756, 22.868458, 22.886772, 22.902710, 22.919352, 22.935283, 22.951818, 22.968525, 22.985162, 23.001847, 23.018518, 23.035231, 23.051916, 23.068534, 23.085271, 23.102768, 23.118707, 23.136749, 23.151947, 23.168666, 23.185241, 23.201970, 23.218674, 23.235431, 23.252119, 23.268943, 23.285595, 23.302316, 23.319892, 23.335796, 23.352509, 23.369289, 23.387658, 23.402608, 23.419291, 23.435963, 23.452695, 23.469365, 23.486154, 23.502907, 23.519523, 23.536231, 23.553425, 23.569952, 23.586214, 23.602959, 23.619642, 23.637617, 23.652973, 23.669656, 23.686403, 23.702985, 23.719650, 23.736429, 23.753081, 23.770143, 23.786537, 23.803123, 23.820113, 23.836440, 23.853205, 23.869789, 23.888588, 23.903171, 23.919855, 23.936558, 23.953145, 23.969839, 23.986565, 24.003375, 24.020069, 24.036655, 24.053249, 24.070034, 24.087545, 24.105945, 24.120034, 24.138763, 24.153459, 24.170129, 24.186922, 24.203459, 24.220101, 24.236956, 24.253540, 24.271583, 24.287250, 24.303609, 24.320315, 24.336991, 24.353638, 24.370325, 24.388695, 24.403609, 24.420296, 24.437120, 24.453644, 24.470369, 24.487070, 24.505349, 24.520445, 24.537221, 24.553814, 24.570469, 24.587105, 24.603825, 24.620438, 24.638623, 24.653835, 24.670512, 24.687255, 24.703849, 24.720502, 24.737237, 24.755494, 24.770952, 24.787303, 24.804901, 24.820840, 24.837339, 24.854910, 24.870831, 24.888652, 24.904081, 24.921690, 24.937554, 24.954250, 24.970743, 24.987672, 25.004289, 25.021054, 25.037693, 25.054573, 25.070959, 25.091516, 25.104201, 25.120905, 25.138659, 25.153996, 25.170644, 25.187285, 25.203902, 25.220648, 25.237298, 25.253975, 25.271106, 25.288264, 25.304180, 25.320735, 25.337342, 25.354039, 25.370734, 25.389585, 25.405001, 25.420873, 25.438300, 25.454197, 25.470800, 25.487479, 25.504188, 25.520802, 25.538140, 25.554216, 25.570902, 25.588415, 25.604368, 25.620773, 25.637271, 25.655606, 25.670632, 25.688127, 25.704116, 25.720745, 25.737421, 25.754398, 25.770938, 25.787944, 25.804070, 25.820750, 25.837430, 25.854105, 25.870809, 25.887471, 25.905551, 25.920784, 25.938329, 25.954220, 25.970831, 25.988453, 26.004520, 26.021003, 26.037990, 26.054215, 26.070967, 26.087664, 26.105196, 26.121892, 26.137831, 26.155682, 26.171131, 26.187829, 26.204450, 26.221998, 26.238030, 26.254628, 26.271254, 26.289480, 26.304658, 26.321123, 26.337828, 26.354400, 26.371107, 26.388054, 26.406691, 26.421092, 26.437838, 26.454419, 26.471131, 26.487818, 26.504475, 26.521726, 26.537854, 26.554552, 26.571279, 26.587970, 26.604553, 26.621310, 26.638046, 26.656571, 26.671331, 26.688032, 26.704713, 26.721351, 26.738988, 26.754848, 26.772105, 26.788142, 26.804849, 26.821458, 26.838136, 26.854811, 26.871466, 26.888136, 26.906561, 26.921487, 26.938211, 26.954859, 26.971598, 26.988243, 27.004866, 27.022969, 27.038415, 27.055023, 27.072600, 27.088493, 27.105136, 27.121827, 27.138465, 27.156530, 27.171862, 27.188553, 27.205250, 27.221899, 27.238639, 27.256808, 27.272249, 27.288629, 27.305338, 27.322888, 27.340164, 27.357399, 27.372247, 27.388886, 27.407597, 27.422270, 27.439093, 27.455700, 27.472476, 27.489204, 27.506344, 27.523932, 27.539139, 27.555699, 27.572457, 27.589041, 27.605742, 27.622415, 27.641025, 27.657499, 27.672437, 27.689096, 27.705829, 27.722539, 27.739260, 27.755872, 27.772753, 27.789200, 27.805823, 27.823398, 27.839392, 27.855919, 27.873486, 27.889448, 27.907546, 27.922669, 27.939343, 27.956034, 27.972781, 27.989480, 28.006709, 28.022765, 28.039437, 28.056094, 28.072744, 28.089388, 28.106120, 28.122785, 28.139486, 28.158322, 28.173879, 28.189763, 28.206283, 28.223083, 28.239818, 28.257369, 28.273177, 28.289791, 28.306477, 28.323986, 28.339970, 28.356487, 28.373186, 28.389804, 28.408579, 28.423195, 28.439835, 28.457455, 28.473436, 28.490567, 28.506614, 28.523289, 28.539963, 28.556661, 28.573316, 28.590009, 28.606636, 28.623330, 28.640041, 28.658557, 28.673322, 28.689981, 28.706691, 28.723349, 28.740113, 28.756686, 28.773425, 28.790039, 28.806761, 28.823423, 28.840019, 28.856729, 28.873385, 28.890056, 28.908434, 28.923457, 28.940130, 28.956901, 28.973530, 28.990668, 29.006828, 29.023526, 29.040240, 29.056875, 29.074447, 29.090380, 29.106954, 29.123596, 29.140281, 29.158451, 29.173673, 29.190360, 29.207070, 29.225214, 29.241008, 29.257130, 29.273774, 29.290456, 29.307934, 29.323916, 29.340488, 29.357090, 29.374629, 29.390584, 29.408541, 29.423847, 29.440581, 29.457366, 29.475726, 29.491103, 29.507201, 29.524736, 29.540867, 29.557378, 29.574250, 29.590894, 29.607533, 29.624171, 29.640884, 29.659470, 29.674247, 29.690972, 29.707643, 29.724835, 29.742242, 29.757736, 29.774379, 29.791054, 29.807670, 29.824327, 29.841030, 29.861649, 29.874375, 29.891044, 29.909567, 29.924528, 29.941123, 29.957898, 29.975052, 29.991240, 30.007845, 30.024464, 30.041136, 30.057908, 30.074518, 30.091151, 30.107934, 30.124619, 30.141278, 30.159465, 30.174625, 30.191336, 30.207945, 30.225278, 30.242361, 30.258480, 30.275058, 30.291841, 30.308430, 30.325060, 30.341784, 30.359283, 30.375296, 30.391939, 30.410585, 30.426307, 30.442228, 30.458846, 30.475498, 30.492210, 30.508961, 30.525626, 30.542367, 30.559073, 30.575657, 30.592237, 30.608941, 30.625492, 30.642160, 30.660446, 30.675565, 30.692119, 30.708723, 30.725768, 30.742071, 30.758776, 30.775477, 30.792185, 30.808846, 30.825715, 30.843389, 30.859167, 30.875852, 30.894140, 30.914452, 30.929330, 30.942643, 30.959788, 30.975924, 30.992640, 31.010255, 31.026360, 31.044353, 31.059505, 31.076196, 31.092776, 31.109418, 31.126106, 31.142671, 31.160251, 31.177603, 31.192785, 31.209977, 31.226379, 31.242738, 31.260226, 31.276267, 31.296757, 31.309433, 31.326116, 31.342822, 31.359404, 31.376132, 31.392762, 31.409481, 31.427499, 31.442965, 31.459628, 31.476172, 31.492894, 31.509575, 31.526201, 31.542908, 31.559597, 31.576172, 31.592973, 31.609552, 31.626273, 31.642961, 31.660617, 31.678563, 31.693145, 31.709809, 31.726481, 31.743097, 31.759842, 31.776609, 31.793136, 31.809896, 31.826574, 31.843281, 31.860021, 31.877505, 31.893516, 31.910247, 31.928436, 31.943938, 31.960168, 31.976979, 31.993538, 32.010113, 32.027737, 32.043707, 32.060291, 32.077001, 32.093655, 32.112807, 32.127147, 32.144677, 32.160612, 32.177521, 32.194291, 32.210992, 32.227030, 32.245294, 32.261295, 32.278097, 32.294857, 32.310761, 32.327261, 32.343908, 32.360564, 32.377195, 32.393965, 32.411512, 32.429657, 32.444438, 32.460647, 32.477232, 32.493887, 32.510584, 32.527255, 32.547481, 32.560600, 32.577271, 32.593936, 32.611448, 32.627410, 32.644058, 32.660661, 32.679413, 32.694061, 32.710676, 32.727384, 32.744030, 32.760736, 32.777404, 32.794058, 32.810936, 32.827547, 32.844337, 32.860970, 32.877649, 32.894486, 32.910968, 32.930321, 32.944389, 32.961040, 32.977676, 32.994326, 33.011056, 33.027716, 33.044451, 33.061082, 33.077755, 33.094437, 33.111119, 33.127814, 33.144564, 33.161203, 33.180346, 33.194999, 33.211244, 33.229638, 33.244737, 33.261470, 33.278076, 33.294814, 33.312362, 33.329783, 33.344858, 33.361595, 33.378197, 33.395363, 33.411783, 33.431433, 33.445050, 33.461610, 33.478349, 33.495029, 33.511717, 33.528332, 33.544968, 33.561618, 33.578290, 33.595021, 33.611720, 33.628484, 33.645160, 33.662233, 33.678519, 33.697307, 33.711736, 33.728500, 33.745073, 33.761849, 33.778529, 33.795150, 33.811816, 33.828513, 33.845138, 33.862721, 33.878676, 33.895275, 33.912021, 33.928578, 33.945301, 33.963362, 33.978587, 33.995331, 34.011923, 34.028613, 34.045321, 34.061907, 34.078645, 34.095255, 34.111968, 34.129285, 34.145381, 34.161893, 34.178990, 34.195254, 34.211817, 34.230293, 34.245284, 34.261840, 34.279431, 34.295249, 34.311912, 34.328429, 34.345935, 34.362678, 34.379421, 34.395121, 34.411574, 34.428198, 34.445693, 34.461605, 34.478148, 34.496514, 34.511516, 34.532083, 34.544874, 34.561498, 34.578106, 34.594759, 34.611413, 34.628109, 34.644765, 34.661425, 34.678570, 34.695595, 34.711383, 34.727938, 34.744471, 34.763291, 34.777971, 34.794570, 34.811370, 34.828087, 34.844775, 34.861473, 34.878178, 34.899405, 34.911636, 34.928664, 34.945196, 34.962043, 34.979022, 34.995908, 35.014261, 35.029231, 35.045809, 35.062465, 35.079216, 35.095923, 35.112682, 35.129443, 35.146286, 35.162945, 35.179498, 35.196214, 35.212926, 35.230574, 35.246487, 35.265293, 35.279785, 35.296473, 35.313106, 35.329786, 35.346499, 35.363073, 35.380031, 35.398010, 35.413474, 35.429701, 35.446268, 35.462997, 35.479633, 35.496270, 35.515174, 35.529715, 35.548705, 35.563265, 35.579811, 35.596452, 35.613204, 35.629779, 35.646662, 35.663515, 35.679795, 35.696478, 35.714597, 35.729926, 35.746563, 35.766131, 35.780115, 35.796639, 35.813402, 35.829993, 35.846733, 35.866269, 35.880334, 35.896917, 35.913868, 35.930131, 35.946896, 35.963458, 35.980226, 36.000282, 36.015240, 36.030241, 36.047798, 36.064524, 36.080343, 36.097008, 36.113744, 36.130312, 36.147603, 36.163674, 36.180364, 36.197071, 36.213666, 36.230396, 36.247029, 36.265227, 36.280402, 36.297031, 36.313788, 36.330376, 36.347080, 36.363847, 36.380622, 36.397712, 36.413745, 36.430523, 36.447182, 36.463865, 36.488660, 36.501436, 36.515160, 36.530625, 36.547280, 36.563971, 36.580607, 36.597372, 36.614085, 36.630850, 36.647806, 36.663985, 36.680723, 36.698282, 36.714203, 36.730851, 36.747472, 36.766221, 36.780838, 36.797429, 36.814162, 36.830769, 36.847553, 36.864230, 36.883263, 36.898074, 36.914195, 36.930839, 36.947659, 36.964326, 36.981201, 36.997899, 37.019233, 37.031726, 37.048069, 37.064976, 37.081798, 37.098837, 37.115212, 37.131522, 37.148079, 37.164757, 37.181407, 37.197961, 37.214671, 37.231231, 37.247809, 37.264503, 37.283295, 37.297864, 37.314571, 37.331151, 37.348029, 37.364994, 37.381368, 37.398252, 37.414683, 37.431443, 37.448106, 37.464665, 37.481361, 37.498070, 37.514698, 37.533190, 37.548036, 37.564731, 37.581396, 37.598143, 37.615244, 37.631922, 37.647919, 37.664681, 37.681198, 37.697837, 37.714461, 37.731185, 37.748764, 37.764743, 37.781393, 37.799241, 37.814652, 37.832205, 37.848227, 37.864914, 37.881452, 37.898956, 37.914882, 37.931489, 37.948151, 37.965605, 37.981579, 37.998071, 38.014798, 38.031504, 38.049212, 38.064821, 38.081523, 38.098246, 38.115437, 38.131514, 38.148183, 38.164873, 38.181630, 38.198373, 38.214994, 38.231663, 38.251868, 38.265504, 38.281749, 38.300159, 38.315097, 38.331860, 38.349388, 38.366703, 38.382095, 38.398665, 38.415251, 38.431981, 38.448620, 38.466180, 38.482952, 38.498821, 38.515436, 38.532067, 38.550479, 38.565450, 38.582097, 38.598873, 38.615967, 38.632130, 38.648786, 38.665446, 38.682069, 38.698719, 38.716250, 38.732249, 38.748800, 38.765492, 38.782211, 38.800239, 38.815579, 38.832264, 38.849002, 38.865697, 38.883236, 38.899134, 38.915689, 38.932327, 38.949036, 38.965753, 38.982441, 38.999090, 39.015776, 39.032434, 39.051275, 39.065825, 39.082509, 39.099695, 39.116226, 39.132547, 39.149135, 39.165794, 39.182544, 39.199155, 39.215873, 39.232596, 39.249163, 39.267447, 39.282612, 39.301208, 39.315990, 39.332648, 39.349564, 39.367377, 39.382687, 39.399376, 39.416034, 39.434197, 39.449353, 39.466128, 39.482729, 39.499400, 39.516084, 39.532761, 39.551114, 39.566383, 39.582801, 39.600091, 39.616522, 39.632864, 39.650445, 39.666372, 39.682998, 39.699630, 39.716375, 39.733070, 39.749652, 39.766405, 39.783083, 39.801170, 39.816503, 39.835114, 39.850293, 39.866748, 39.883105, 39.899773, 39.916383, 39.933121, 39.950626, 39.966663, 39.983195, 39.999868, 40.016557, 40.033204, 40.052098, 40.066703, 40.083788, 40.100011, 40.116583, 40.133211, 40.149838, 40.166426, 40.183120, 40.199785, 40.216482, 40.233153, 40.249851, 40.267391, 40.283388, 40.302123, 40.316729, 40.333392, 40.351392, 40.367620, 40.383747, 40.400148, 40.417669, 40.433622, 40.450182, 40.466794, 40.483527, 40.500131, 40.516786, 40.533538, 40.552188, 40.566898, 40.584167, 40.601249, 40.618711, 40.633739, 40.650417, 40.667882, 40.683800, 40.700393, 40.717078, 40.733709, 40.750426, 40.767111, 40.783763, 40.803264, 40.817060, 40.833912, 40.850739, 40.867074, 40.883679, 40.900333, 40.917153, 40.933718, 40.950347, 40.967956, 40.983808, 41.000424, 41.021565, 41.033733, 41.050458, 41.069180, 41.083748, 41.100831, 41.117051, 41.133689, 41.151351, 41.167095, 41.183736, 41.200468, 41.217083, 41.233763, 41.250516, 41.267102, 41.283888, 41.300564, 41.319102, 41.333921, 41.351506, 41.367433, 41.384041, 41.400731, 41.417397, 41.435017, 41.450913, 41.467539, 41.484186, 41.500931, 41.518469, 41.534505, 41.551074, 41.570168, 41.584564, 41.601275, 41.617973, 41.635534, 41.651347, 41.667750, 41.684469, 41.701879, 41.717864, 41.734404, 41.751033, 41.767739, 41.784471, 41.801129, 41.820034, 41.835007, 41.852000, 41.867859, 41.884451, 41.901157, 41.917738, 41.934550, 41.951278, 41.968158, 41.984788, 42.001381, 42.018063, 42.034703, 42.051451, 42.068050, 42.086016, 42.101332, 42.117960, 42.134657, 42.151331, 42.167885, 42.184458, 42.201137, 42.217882, 42.234504, 42.251183, 42.267814, 42.285961, 42.301207, 42.317634, 42.335984, 42.350985, 42.367630, 42.384235, 42.400954, 42.418440, 42.434435, 42.451033, 42.467665, 42.484338, 42.501883, 42.517912, 42.534525, 42.551184, 42.567970, 42.584545, 42.604137, 42.617935, 42.634528, 42.651279, 42.667928, 42.684705, 42.701295, 42.717908, 42.734536, 42.751239, 42.768005, 42.784723, 42.801474, 42.819215, 42.835047, 42.851538, 42.869994, 42.884770, 42.901513, 42.918213, 42.934770, 42.951449, 42.968137, 42.988798, 43.002439, 43.018259, 43.034887, 43.051561, 43.068832, 43.085785, 43.101758, 43.120117, 43.135236, 43.152041, 43.168778, 43.186359, 43.202359, 43.218977, 43.235675, 43.252549, 43.269457, 43.286003, 43.302567, 43.319557, 43.335889, 43.352511, 43.371081, 43.385663, 43.402247, 43.418926, 43.435645, 43.452281, 43.468951, 43.485595, 43.502291, 43.519003, 43.535686, 43.552403, 43.569374, 43.585646, 43.602301, 43.620920, 43.635670, 43.652325, 43.669915, 43.685847, 43.702453, 43.719116, 43.735742, 43.753447, 43.769490, 43.786046, 43.803040, 43.820145, 43.836092, 43.852631, 43.871012, 43.885943, 43.902603, 43.919322, 43.935970, 43.952631, 43.969299, 43.985927, 44.002615, 44.019284, 44.035961, 44.053088, 44.069196, 44.085994, 44.103571, 44.121876, 44.137163, 44.153033, 44.169637, 44.186313, 44.202976, 44.219668, 44.236337, 44.253077, 44.270956, 44.288156, 44.303615, 44.320672, 44.336815, 44.353404, 44.372026, 44.386660, 44.403356, 44.419887, 44.436557, 44.454792, 44.469967, 44.486644, 44.503272, 44.520128, 44.536783, 44.556833, 44.570331, 44.587243, 44.603760, 44.621949, 44.637270, 44.653828, 44.670545, 44.687280, 44.703922, 44.720587, 44.737480, 44.754809, 44.771488, 44.787614, 44.803926, 44.820624, 44.837158, 44.853751, 44.871923, 44.887177, 44.903937, 44.920603, 44.937248, 44.954001, 44.970706, 44.988539, 45.005665, 45.021601, 45.038879, 45.054145, 45.070770, 45.087419, 45.104070, 45.122071, 45.137355, 45.154040, 45.170696, 45.187485, 45.203973, 45.220793, 45.237538, 45.254236, 45.271565, 45.287991, 45.305030, 45.321107, 45.338959, 45.354207, 45.371897, 45.387299, 45.403995, 45.420464, 45.437245, 45.453902, 45.471457, 45.487459, 45.504095, 45.522111, 45.537701, 45.553996, 45.570636, 45.587405, 45.604047, 45.622810, 45.637506, 45.654165, 45.670915, 45.687670, 45.704350, 45.721017, 45.737788, 45.754493, 45.771504, 45.787884, 45.804424, 45.825074, 45.837838, 45.854383, 45.872883, 45.887800, 45.904354, 45.920981, 45.937557, 45.954222, 45.970951, 45.987736, 46.004336, 46.021605, 46.037812, 46.055453, 46.071473, 46.088005, 46.104823, 46.122874, 46.138382, 46.154974, 46.171614, 46.188183, 46.205703, 46.222445, 46.238374, 46.254906, 46.272239, 46.288303, 46.304897, 46.321649, 46.338255, 46.354918, 46.372897, 46.388306, 46.405016, 46.421639, 46.438235, 46.454921, 46.471674, 46.488381, 46.505004, 46.522188, 46.538371, 46.554980, 46.571742, 46.588408, 46.605072, 46.623912, 46.638361, 46.655221, 46.671777, 46.689943, 46.705195, 46.721814, 46.738737, 46.755942, 46.772196, 46.788870, 46.805407, 46.822044, 46.840149, 46.855312, 46.874746, 46.888685, 46.905291, 46.922029, 46.938566, 46.955133, 46.971870, 46.988367, 47.005121, 47.022215, 47.038459, 47.055014, 47.071796, 47.090514, 47.105071, 47.121832, 47.140706, 47.155280, 47.171847, 47.188487, 47.205167, 47.221864, 47.238683, 47.256213, 47.272187, 47.288695, 47.305371, 47.322130, 47.338744, 47.355393, 47.372173, 47.390852, 47.405544, 47.423139, 47.438889, 47.455537, 47.472276, 47.489066, 47.505547, 47.522290, 47.538981, 47.555650, 47.572386, 47.589020, 47.605645, 47.622373, 47.640812, 47.656646, 47.673379, 47.689266, 47.705936, 47.722651, 47.739975, 47.756924, 47.773043, 47.789559, 47.806339, 47.822978, 47.839728, 47.856402, 47.873060, 47.890873, 47.906363, 47.923081, 47.939690, 47.956520, 47.973096, 47.991121, 48.006510, 48.023096, 48.039831, 48.057916, 48.073186, 48.089834, 48.106493, 48.123182, 48.141889, 48.156561, 48.174800, 48.189904, 48.206481, 48.223245, 48.240005, 48.256565, 48.273176, 48.289839, 48.306525, 48.323227, 48.339839, 48.357509, 48.373377, 48.391902, 48.406565, 48.423324, 48.440035, 48.456816, 48.473423, 48.490690, 48.507125, 48.523447, 48.540138, 48.558880, 48.573497, 48.590188, 48.606735, 48.623493, 48.641825, 48.656822, 48.673538, 48.690328, 48.707852, 48.724346, 48.741682, 48.757174, 48.773747, 48.790432, 48.807058, 48.823721, 48.840416, 48.857102, 48.873763, 48.891899, 48.907994, 48.924824, 48.940708, 48.957225, 48.974065, 48.990978, 49.007143, 49.023919, 49.040486, 49.058770, 49.073962, 49.090551, 49.107259, 49.123984, 49.141807, 49.157162, 49.175397, 49.190526, 49.207132, 49.224337, 49.240996, 49.258075, 49.274039, 49.294569, 49.307270, 49.323942, 49.340569, 49.358136, 49.374929, 49.392988, 49.407447, 49.424131, 49.440808, 49.457622, 49.474244, 49.491428, 49.507504, 49.524161, 49.540843, 49.557504, 49.574143, 49.590728, 49.607311, 49.623993, 49.642750, 49.657402, 49.674107, 49.690941, 49.708541, 49.724892, 49.741240, 49.757692, 49.774343, 49.791019, 49.807688, 49.824350, 49.840930, 49.857690, 49.874282, 49.892808, 49.907618, 49.924281, 49.941787, 49.957784, 49.975643, 49.991092, 50.007641, 50.024358, 50.041012, 50.057697, 50.074408, 50.092035, 50.107717, 50.124399, 50.142780, 50.157798, 50.174372, 50.191022, 50.208539, 50.224334, 50.241018, 50.258541, 50.274465, 50.291037, 50.307699, 50.324429, 50.341167, 50.358015, 50.374707, 50.395000, 50.408026, 50.424649, 50.441294, 50.458539, 50.475073, 50.491322, 50.508025, 50.524605, 50.541337, 50.559519, 50.575597, 50.591520, 50.608132, 50.624797, 50.641482, 50.659797, 50.674769, 50.691529, 50.708019, 50.725947, 50.741401, 50.761846, 50.774602, 50.791293, 50.807923, 50.824578, 50.841251, 50.857860, 50.874550, 50.891166, 50.907821, 50.925809, 50.941076, 50.957813, 50.974858, 50.991142, 51.007800, 51.024527, 51.042047, 51.058039, 51.074756, 51.091480, 51.108366, 51.125876, 51.141902, 51.158462, 51.176795, 51.191897, 51.208469, 51.225354, 51.242016, 51.258679, 51.275313, 51.291875, 51.308352, 51.325011, 51.341730, 51.358374, 51.375061, 51.391720, 51.408480, 51.426853, 51.441912, 51.458597, 51.475176, 51.491877, 51.508479, 51.525159, 51.541877, 51.558555, 51.575190, 51.591829, 51.608583, 51.625233, 51.641870, 51.659492, 51.676853, 51.692089, 51.708799, 51.725250, 51.741900, 51.758431, 51.775110, 51.791817, 51.808413, 51.825076, 51.841798, 51.859331, 51.875277, 51.891823, 51.908508, 51.926628, 51.941865, 51.959109, 51.975186, 51.991905, 52.009449, 52.025386, 52.041974, 52.058615, 52.075287, 52.091951, 52.108638, 52.125346, 52.142017, 52.158733, 52.176689, 52.193581, 52.209163, 52.225381, 52.242073, 52.258738, 52.275471, 52.292125, 52.309631, 52.325648, 52.342226, 52.358876, 52.375570, 52.392264, 52.408973, 52.428799, 52.442936, 52.458979, 52.475637, 52.492352, 52.508983, 52.525611, 52.542305, 52.559045, 52.575659, 52.592337, 52.609081, 52.625679, 52.642349, 52.659188, 52.675893, 52.694675, 52.709168, 52.725838, 52.742523, 52.759170, 52.777371, 52.792801, 52.809298, 52.829861, 52.842916, 52.859347, 52.875991, 52.892680, 52.909410, 52.926106, 52.944727, 52.959453, 52.976090, 52.992746, 53.009369, 53.026073, 53.042737, 53.059467, 53.076093, 53.092836, 53.109519, 53.126115, 53.143692, 53.159730, 53.176236, 53.194664, 53.209604, 53.226255, 53.242964, 53.259614, 53.276315, 53.292992, 53.309639, 53.326322, 53.342985, 53.359661, 53.376347, 53.393099, 53.409825, 53.427065, 53.445611, 53.459798, 53.476439, 53.493128, 53.509718, 53.526399, 53.543017, 53.559666, 53.576351, 53.593016, 53.609675, 53.626386, 53.643960, 53.659906, 53.677312, 53.693145, 53.711650, 53.727396, 53.743301, 53.759886, 53.776551, 53.793200, 53.810686, 53.826893, 53.843233, 53.859905, 53.876558, 53.893258, 53.909917, 53.927104, 53.943238, 53.961632, 53.976590, 53.993275, 54.009896, 54.026588, 54.043257, 54.059917, 54.076581, 54.094113, 54.110101, 54.127578, 54.143577, 54.160140, 54.177289, 54.195017, 54.211677, 54.226819, 54.243465, 54.261196, 54.277087, 54.293826, 54.310463, 54.327179, 54.344823, 54.360662, 54.377235, 54.394244, 54.410710, 54.428694, 54.444072, 54.462698, 54.479702, 54.494277, 54.510812, 54.527463, 54.544238, 54.560870, 54.577514, 54.594164, 54.610876, 54.627643, 54.644274, 54.660955, 54.677647, 54.694213, 54.712639, 54.727490, 54.744226, 54.760876, 54.781062, 54.794167, 54.810898, 54.827612, 54.844347, 54.861062, 54.877882, 54.894454, 54.911677, 54.927754, 54.944390, 54.962602, 54.978584, 54.994596, 55.011163, 55.027899, 55.044605, 55.061174, 55.078039, 55.094712, 55.111656, 55.128319, 55.144931, 55.161774, 55.178208, 55.194918, 55.213533, 55.228316, 55.245824, 55.261818, 55.278368, 55.294983, 55.311680, 55.328431, 55.345058, 55.361816, 55.378650, 55.395173, 55.411740, 55.428513, 55.445107, 55.463529, 55.478442, 55.495189, 55.511787, 55.528489, 55.546026, 55.562066, 55.578706, 55.595302, 55.612088, 55.628694, 55.645866, 55.662060, 55.678766, 55.695456, 55.714422, 55.728986, 55.745501, 55.763014, 55.779908, 55.795730, 55.812318, 55.828988, 55.845731, 55.862414, 55.879074, 55.896325, 55.912445, 55.929099, 55.946592, 55.964819, 55.979091, 55.995760, 56.012437, 56.029163, 56.047424, 56.062568, 56.079253, 56.095899, 56.112587, 56.129224, 56.146512, 56.162607, 56.180132, 56.196181, 56.214608, 56.230809, 56.246032, 56.262793, 56.279473, 56.296102, 56.312831, 56.329437, 56.346188, 56.362893, 56.379800, 56.396261, 56.412880, 56.433100, 56.446185, 56.464559, 56.479528, 56.496098, 56.512802, 56.529396, 56.546181, 56.562853, 56.579616, 56.596327, 56.613000, 56.629773, 56.646794, 56.662964, 56.679680, 56.696319, 56.714524, 56.729671, 56.746412, 56.762940, 56.779772, 56.796430, 56.813044, 56.829733, 56.846507, 56.863152, 56.880196, 56.896515, 56.914024, 56.930825, 56.946745, 56.964598, 56.979996, 56.996695, 57.013331, 57.030085, 57.046639, 57.063380, 57.080074, 57.097692, 57.113600, 57.130111, 57.147052, 57.163412, 57.180081, 57.196746, 57.215534, 57.230025, 57.246681, 57.263354, 57.279989, 57.296673, 57.313314, 57.329949, 57.346769, 57.363402, 57.380043, 57.396702, 57.413306, 57.430118, 57.446685, 57.466539, 57.480114, 57.496730, 57.513402, 57.530953, 57.546918, 57.563454, 57.580157, 57.596902, 57.613553, 57.631157, 57.646935, 57.663521, 57.680233, 57.697010, 57.713618, 57.731488, 57.746966, 57.763656, 57.780311, 57.797050, 57.813706, 57.830453, 57.851511, 57.863876, 57.880410, 57.897163, 57.913831, 57.930470, 57.947248, 57.963956, 57.982493, 57.997514, 58.014209, 58.030922, 58.047571, 58.064264, 58.081038, 58.097677, 58.114917, 58.131550, 58.147739, 58.164473, 58.181151, 58.197743, 58.215315, 58.232595, 58.247772, 58.264477, 58.281236, 58.297871, 58.314500, 58.331267, 58.348831, 58.365116, 58.381285, 58.397897, 58.414570, 58.431251, 58.448789, 58.464746, 58.482547, 58.497940, 58.515555, 58.531421, 58.548005, 58.565012, 58.581500, 58.598168, 58.615255, 58.631467, 58.648919, 58.664827, 58.682883, 58.698093, 58.714813, 58.733515, 58.748117, 58.765640, 58.781673, 58.799114, 58.815173, 58.833261, 58.848738, 58.865604, 58.881851, 58.899387, 58.915300, 58.931910, 58.948615, 58.965311, 58.984442, 58.998846, 59.015310, 59.031937, 59.048692, 59.065268, 59.082020, 59.098906, 59.115570, 59.135304, 59.148364, 59.165054, 59.181800, 59.199247, 59.215171, 59.231601, 59.249463, 59.264805, 59.281460, 59.298097, 59.314895, 59.331604, 59.348224, 59.365282, 59.381545, 59.398239, 59.414925, 59.431671, 59.448287, 59.464985, 59.481652, 59.500421, 59.515052, 59.531695, 59.548410, 59.565350, 59.581807, 59.598965, 59.615553, 59.631815, 59.648535, 59.665224, 59.681912, 59.698590, 59.715268, 59.731947, 59.750396, 59.765325, 59.782051, 59.798707, 59.815420, 59.832145, 59.848763, 59.865465, 59.882080, 
